Uvec
2226355706
1072349219
1073741824
1070185783
2147483648
1072309706
536870912
1072393008
1073741824
1071888985
2684354560
1071774733
1610612736
1067773860
0
1069234497
0
1072633499
2684354560
1071735354
536870912
1072463046
2684354560
1071959304
1610612736
1071939626
0
1070901255
2147483648
1069670220
2147483648
1072319148
536870912
1069663812
2147483648
1071294368
3221225472
1071220000
2147483648
1071460319
1073741824
1071575707
1073741824
1070069688
0
1072015949
0
1072341123
0
1067456394
0
1069570774
2147483648
1071299111
0
1072086513
3221225472
1071846338
3758096384
1071732247
2147483648
1072530528
2147483648
1071988317
1073741824
1070779256
0
1070991159
0
1071347772
1073741824
1070220981
0
1070624439
0
1070701486
0
1072178482
0
1071726736
1073741824
1072249118
1610612736
1072244182
1073741824
1069825449
2147483648
1071034068
3221225472
1069952552
2147483648
1072122783
1073741824
1072642635
3221225472
1072666620
0
1072526120
2684354560
1071431056
0
1066926000
0
1071697207
1610612736
1071389325
0
1072188572
2684354560
1071187293
2147483648
1071710727
1610612736
1072445745
3758096384
1072534721
3758096384
1071436367
0
1070086885
2147483648
1070687431
2147483648
1071791231
1073741824
1070661801
2147483648
1071811006
2684354560
1071546101
2147483648
1072483511
2147483648
1068911079
0
1070948794
0
1072377093
1610612736
1067194520
0
1072229816
0
1072234981
1610612736
1071533527
2147483648
1071575410
0
1071236365
1073741824
1072632895
0
1070961142
1073741824
1072394037
0
1070436274
2147483648
1072111744
2684354560
1071687789
0
1071062951
2147483648
1067332512
0
1066995396
0
1070612153
3221225472
1071015986
1073741824
1071355795
3221225472
1071480293
2147483648
1071235824
1073741824
1070039195
0
1071217896
1073741824
1071927392
0
1072380997
2684354560
1069410307
0
1069551135
0
1069789726
2147483648
1068399426
0
1072659686
1610612736
1071461100
1073741824
1072693247
2684354560
19
