Uvec
2226355706
1071098189
2147483648
1070682784
1073741824
1070866153
0
1071787362
0
1072387146
3221225472
1072006619
2147483648
1071986106
536870912
1072057265
1610612736
1066414968
0
1069962472
0
1068782127
0
1072425028
1610612736
1070040007
0
1071257575
1073741824
1070892268
3221225472
1071578000
1073741824
1069274618
0
1070382492
2147483648
1071493696
2147483648
1069991242
2147483648
1071645706
1073741824
1069075066
0
1070015701
0
1072017661
0
1071206792
0
1069201184
0
1072250763
0
1071651657
2147483648
1072382593
2147483648
1072252607
3758096384
1071344708
1073741824
1072184519
0
1070339333
0
1067187872
0
1071026078
2147483648
1071709213
1610612736
1068711075
0
1071984114
536870912
1071060863
1073741824
1072243276
0
1068922013
0
1067013500
0
1072458748
3758096384
1072451961
1073741824
1071965686
2684354560
1071813842
536870912
1072382346
2684354560
1071705684
536870912
1070613259
2147483648
1071546859
3221225472
1072391385
3758096384
1072138795
2147483648
1071607582
3221225472
1067812302
0
1072149006
2147483648
1071715522
3758096384
1071888669
2147483648
1072238534
0
1072597611
3758096384
1070478226
2147483648
1071692515
3221225472
1072001457
2147483648
1072552803
536870912
1067930230
0
1070856820
0
1071786255
1073741824
1072020186
1073741824
1070210722
0
1072315709
1073741824
1072363815
1073741824
1068936697
0
1072359514
1073741824
1072301931
3758096384
1070154339
2147483648
1072637906
1073741824
1070061539
2147483648
1072360674
3758096384
1070922409
0
1070931979
3221225472
1072599581
1073741824
1070578579
0
1072317818
536870912
1071024471
2147483648
1072040023
536870912
1072394184
1073741824
1072407052
0
1072292029
3758096384
1069936732
2147483648
1069607001
0
1072454397
2147483648
1071285695
2147483648
1071047303
1073741824
1071718529
3758096384
1072066551
2684354560
1072122224
3221225472
1071974650
3758096384
1072274485
1073741824
1071058410
1073741824
1071461100
1073741824
1072693247
2684354560
16
