Uvec
2226355706
1069720496
0
1070941550
3221225472
1071495060
2147483648
1072147519
1073741824
1072107024
1610612736
1072488178
536870912
1064367952
0
1071268113
1073741824
1070019785
0
1070748713
1073741824
1072667683
3758096384
1071773788
3758096384
1071854594
536870912
1071341689
1073741824
1071015309
1073741824
1069011711
0
1072499057
2147483648
1067656100
0
1070418595
0
1069563913
2147483648
1072378274
3221225472
1072492717
0
1071365300
0
1069097061
0
1072085567
3758096384
1071122988
3221225472
1070568507
0
1070743477
3221225472
1072001208
3221225472
1072075870
1610612736
1071721961
2684354560
1071865303
536870912
1072038238
1610612736
1072010564
3221225472
1072528687
3758096384
1069695782
2147483648
1070849177
0
1067764104
0
1071344385
2147483648
1072660132
2684354560
1072599196
1073741824
1072012046
1073741824
1068644472
0
1066874284
0
1072099713
3758096384
1068491572
0
1072232091
2147483648
1068912673
0
1072405772
2684354560
1068347566
0
1072163858
3221225472
1071468322
0
1072135644
2684354560
1072435118
536870912
1060402432
0
1068271560
0
1071082305
3221225472
1072309209
2684354560
1070492456
0
1072485732
3758096384
1072293070
536870912
1072085827
536870912
1071421547
3221225472
1070864434
3221225472
1067071524
0
1072054852
1610612736
1071092293
3221225472
1071433626
2147483648
1072219611
3758096384
1070287356
2147483648
1070943710
0
1071978210
1610612736
1072059288
1073741824
1072465493
2684354560
1071846768
0
1072372654
536870912
1071318720
0
1070162531
2147483648
1072285566
3758096384
1071279136
0
1070705150
0
1072075380
2147483648
1071056922
1073741824
1070305872
0
1070877468
2147483648
1071997175
3221225472
1072298121
2684354560
1067236664
0
1070887351
2147483648
1071781559
3221225472
1071950669
3758096384
1069479168
0
1072299460
0
1071446053
1073741824
1070072323
2147483648
1069561298
0
1070546357
2147483648
1072392153
0
1071461100
1073741824
1072693247
2684354560
96
