Uvec
2226355706
1067722976
0
1072131467
3758096384
1071071600
2147483648
1072294200
3221225472
1070429488
2147483648
1071929668
3758096384
1071966257
2684354560
1071021155
1073741824
1071583630
2147483648
1072167328
536870912
1071069262
0
1072622954
3221225472
1071967769
3758096384
1070745744
2147483648
1068464804
0
1070446585
0
1071974561
536870912
1069092448
0
1071742824
1073741824
1071519245
3221225472
1071517191
0
1070924224
1073741824
1071429780
3221225472
1068071620
0
1071842416
1073741824
1072598851
536870912
1065805296
0
1071456737
3221225472
1070673361
0
1070128288
0
1065998432
0
1071701950
2684354560
1072038240
1073741824
1070910756
2147483648
1070997402
3221225472
1071393283
3221225472
1068529542
0
1072587634
1073741824
1072103740
2147483648
1071025398
1073741824
1071862823
0
1072366735
2684354560
1070313784
2147483648
1072239733
1610612736
1071214435
2147483648
1071704509
1610612736
1071568328
0
1071370177
3221225472
1070774786
2147483648
1071319312
3221225472
1070865644
0
1071735892
1073741824
1072067542
536870912
1071944768
536870912
1071091563
1073741824
1070932635
1073741824
1072500082
1610612736
1071885098
536870912
1072155099
3221225472
1072051794
1073741824
1070966767
1073741824
1072345478
2147483648
1070425979
2147483648
1069205532
0
1067622252
0
1067712458
0
1071697244
1610612736
1066809456
0
1072279830
2147483648
1072682603
0
1069982379
2147483648
1067865424
0
1070509174
0
1072009001
2684354560
1071024287
0
1068736910
0
1069616386
0
1070216825
2147483648
1071662697
536870912
1072350772
1610612736
1071913251
536870912
1070847245
0
1071791202
3221225472
1072184859
0
1071960491
1073741824
1071789015
536870912
1071985866
3758096384
1069064391
0
1071725754
2684354560
1071407724
1073741824
1071213346
3221225472
1071144403
1073741824
1072209000
0
1071727872
1610612736
1071108934
3221225472
1072248734
1073741824
1070979005
3221225472
1072598066
1610612736
1071461100
1073741824
1072693247
2684354560
65
