Uvec
2226355706
1071921168
1610612736
1070324375
0
1072589645
2684354560
1067764406
0
1071734970
3758096384
1071754602
536870912
1071866700
1073741824
1072612159
3221225472
1072338614
536870912
1072385430
0
1072329495
3758096384
1071844484
2147483648
1071300752
0
1071033230
3221225472
1072639012
0
1070754110
2147483648
1072672260
536870912
1072392137
0
1071874336
3221225472
1071069009
0
1072113687
0
1072621890
1073741824
1072564876
3221225472
1072055598
536870912
1069691335
2147483648
1072085232
536870912
1070788051
3221225472
1071719414
1610612736
1069616422
2147483648
1072481743
0
1071508761
2147483648
1069670954
0
1072212210
3221225472
1072690236
536870912
1070603264
1073741824
1071961097
3221225472
1072122811
1610612736
1071467329
1073741824
1072200372
0
1071767453
2684354560
1071884853
0
1068876970
0
1070033299
0
1071329970
2147483648
1067406888
0
1069449269
0
1070969294
2147483648
1072533235
0
1072375361
1610612736
1071360868
1073741824
1070814802
0
1070749845
3221225472
1072511891
2684354560
1067856412
0
1072100809
0
1067615836
0
1070569277
0
1071939795
2684354560
1070521174
0
1071955692
1610612736
1070099048
2147483648
1072484957
3221225472
1072326866
1610612736
1072243081
1610612736
1070251868
0
1072442220
2147483648
1071866708
1073741824
1072345496
1073741824
1070875233
3221225472
1072322990
3758096384
1072420247
2684354560
1071998837
536870912
1070170654
2147483648
1071916461
3221225472
1071190376
1073741824
1071812369
1073741824
1072179689
1610612736
1070206818
0
1072326411
2147483648
1072160541
2684354560
1071329326
3221225472
1070318287
0
1071646882
2147483648
1071917650
1610612736
1069745064
2147483648
1069901916
2147483648
1068417644
0
1070984011
3221225472
1070822839
1073741824
1072349847
536870912
1071721515
2684354560
1070826789
0
1072177981
3758096384
1070758881
2147483648
1072214399
2147483648
1068913526
0
1071784801
1073741824
1071739931
1610612736
1071461100
1073741824
1072693247
2684354560
95
