Uvec
2226355706
1072397003
1610612736
1070613183
3221225472
1071810642
0
1071665538
3221225472
1072409717
1073741824
1071474296
0
1071353012
3221225472
1072396982
1610612736
1070002828
2147483648
1071737980
3221225472
1067456140
0
1072332075
1610612736
1072439251
536870912
1071801478
1073741824
1071966939
536870912
1072097139
536870912
1072377702
536870912
1070401434
0
1072047288
1610612736
1071156063
3221225472
1069899210
0
1070458373
0
1072402218
0
1071094360
2147483648
1072605176
1073741824
1068739469
0
1068469976
0
1069678728
0
1071870888
0
1069932104
0
1070335735
0
1069705589
0
1069860427
0
1072615737
3758096384
1072035287
1610612736
1072256117
536870912
1071360783
0
1072581243
2147483648
1071122996
3221225472
1072159605
2684354560
1071137605
0
1072243513
2684354560
1072115463
1610612736
1071063325
0
1071174705
1073741824
1069396570
0
1071815310
3221225472
1068132072
0
1071167610
2147483648
1072014480
1610612736
1072182235
2684354560
1069805390
0
1068886174
0
1069303546
0
1068803348
0
1071877670
2147483648
1071709687
0
1071895837
2684354560
1071552759
3221225472
1072191089
3758096384
1065052416
0
1072187485
2684354560
1072182798
2147483648
1072381749
536870912
1070449255
2147483648
1071677250
2147483648
1069869669
2147483648
1071708078
536870912
1072276478
3758096384
1070020453
0
1065174768
0
1071952841
3221225472
1069749059
0
1069539867
0
1072366615
2684354560
1072452672
1073741824
1071092819
3221225472
1069858337
2147483648
1069548075
2147483648
1070507703
2147483648
1072237954
1073741824
1072322128
2147483648
1070876073
3221225472
1071829512
1073741824
1072322266
0
1072225074
0
1072558780
0
1068635145
0
1068677679
0
1071729483
3758096384
1069819378
2147483648
1072071701
3758096384
1071343864
2147483648
1072553749
2684354560
1066237664
0
1069857225
0
1071408272
1073741824
1072300976
2684354560
1071461100
1073741824
1072693247
2684354560
28
