Uvec
2226355706
1072268782
2684354560
1071285890
1073741824
1069705486
2147483648
1070831738
1073741824
1072381877
0
1071672355
3758096384
1070942674
1073741824
1072577960
1073741824
1070991718
1073741824
1072323671
2684354560
1072011786
3758096384
1072441819
3758096384
1072595997
0
1071924611
536870912
1071744782
1073741824
1070567735
0
1068562974
0
1071862864
1073741824
1072426096
2147483648
1071850942
2147483648
1068552367
0
1072512470
3758096384
1072340948
0
1070833070
0
1072414666
2684354560
1072308111
0
1071812432
1073741824
1072125051
2147483648
1072614348
3221225472
1068066796
0
1064532976
0
1071425428
1073741824
1070170210
2147483648
1071964713
536870912
1071967419
3221225472
1072501800
2147483648
1071518044
1073741824
1070388966
0
1072248344
2147483648
1072623976
0
1071791463
1610612736
1071892156
2684354560
1071536080
2147483648
1072106417
536870912
1070887078
2147483648
1068571512
0
1068601216
0
1072457385
1610612736
1071906525
1610612736
1066747108
0
1070812661
3221225472
1072342453
3221225472
1070823790
3221225472
1071999766
3221225472
1071721946
2684354560
1072518184
536870912
1072575360
1610612736
1071730361
0
1070977915
2147483648
1070135831
0
1071596212
1073741824
1072588284
2684354560
1068719464
0
1072463496
2147483648
1068174452
0
1072657555
2684354560
1070763331
1073741824
1071298461
0
1070200798
2147483648
1071190361
1073741824
1070903886
0
1070840014
1073741824
1072001771
1073741824
1063470816
0
1071084771
3221225472
1070635378
3221225472
1069910739
2147483648
1072417114
3221225472
1071231591
1073741824
1072149955
0
1070057912
2147483648
1072675384
0
1072658648
2147483648
1070123216
0
1071790938
3221225472
1070573884
2147483648
1072047366
3221225472
1071421567
2147483648
1071745091
3221225472
1070918827
3221225472
1069684070
0
1071287827
2147483648
1072373840
3758096384
1072666173
3758096384
1072494695
1610612736
1072013430
1073741824
1071261652
1073741824
1072317806
2147483648
1071461100
1073741824
1072693247
2684354560
92
