Uvec
2226355706
1071397478
0
1071115092
0
1071857353
0
1065545160
0
1069482691
0
1071968786
3758096384
1072328364
2147483648
1070651018
0
1072360058
1610612736
1071492814
0
1071399578
2147483648
1072104332
2147483648
1072326856
1073741824
1072155588
0
1071937992
1610612736
1071693678
2684354560
1071051608
2147483648
1068875038
0
1071681884
2147483648
1072640387
536870912
1071130434
2147483648
1070257827
2147483648
1070784090
3221225472
1071672019
2147483648
1067862814
0
1070221706
2147483648
1071670280
3758096384
1072507082
536870912
1071811783
1073741824
1071264357
2147483648
1068084616
0
1072123183
3221225472
1064076928
0
1071921507
3758096384
1068205262
0
1067465858
0
1071393538
3221225472
1069895624
2147483648
1072255700
2147483648
1072063053
1073741824
1071534153
1073741824
1071463663
1073741824
1071801555
0
1069669975
0
1070271087
2147483648
1071564673
3221225472
1072555898
0
1072484593
2684354560
1072416563
1073741824
1071324717
3221225472
1071703919
536870912
1069907766
2147483648
1069506518
0
1071907746
2147483648
1071701546
1610612736
1071982182
3221225472
1068391520
0
1071608817
0
1072568556
0
1072609838
3758096384
1071190151
2147483648
1072229692
2684354560
1071264215
1073741824
1072360154
2684354560
1069724820
0
1069949611
2147483648
1069722373
0
1071186901
1073741824
1072288606
3221225472
1071685733
536870912
1069216976
0
1072503945
2684354560
1070647361
2147483648
1072676578
1610612736
1072628506
536870912
1072429658
0
1072592202
0
1067122452
0
1072386991
3221225472
1072526786
0
1069797362
2147483648
1069158742
0
1071299203
1073741824
1072426266
536870912
1070284982
2147483648
1071600595
2147483648
1072511236
1073741824
1071111916
2147483648
1072498409
0
1072138016
536870912
1070600423
1073741824
1071915687
0
1072194591
1610612736
1069814059
2147483648
1071698773
2684354560
1071665315
536870912
1069956770
2147483648
1071001384
0
1071461100
1073741824
1072693247
2684354560
52
