Uvec
2226355706
1071737964
2147483648
1071601673
3221225472
1072200228
2147483648
1067131160
0
1072476700
536870912
1068754965
0
1071358746
0
1069543861
0
1072680671
536870912
1068248572
0
1072387509
3221225472
1068949469
0
1072394360
1610612736
1069830371
2147483648
1070881744
0
1071067277
0
1068888955
0
1065041344
0
1070207612
0
1071837528
1073741824
1071308401
3221225472
1069393822
0
1071465567
3221225472
1071959383
1073741824
1069935696
0
1072412818
3221225472
1072255102
1610612736
1071655815
536870912
1071094491
3221225472
1071795244
536870912
1072103736
0
1067603762
0
1068570345
0
1071580710
3221225472
1072629849
3221225472
1070800622
3221225472
1071647116
1610612736
1067913630
0
1071614229
0
1072490543
0
1069665579
0
1072401242
1610612736
1071834714
536870912
1067077944
0
1068384620
0
1071661643
0
1070782561
3221225472
1070873198
1073741824
1071924512
0
1069764968
2147483648
1067154728
0
1072439322
1073741824
1068442884
0
1070340002
0
1066571500
0
1072440481
3221225472
1072412249
3758096384
1071063157
0
1069709326
0
1067104296
0
1071135413
1073741824
1071982852
2684354560
1071899097
3221225472
1070408075
0
1072473531
3221225472
1072512238
2147483648
1068921264
0
1071438147
3221225472
1072275048
3758096384
1072332615
2684354560
1072373832
3221225472
1071878177
3758096384
1072570008
2147483648
1071297822
1073741824
1071354643
1073741824
1071812590
1073741824
1070829313
1073741824
1072263435
1610612736
1071153616
2147483648
1072661444
1610612736
1071868097
3221225472
1070129956
0
1072660811
3221225472
1072421630
1073741824
1072084005
1073741824
1068862573
0
1070121306
0
1069654488
2147483648
1068692709
0
1072274771
3221225472
1069223943
0
1072575747
2147483648
1070727524
2147483648
1072444649
2147483648
1070602016
1073741824
1068526668
0
1069958365
0
1071221637
1073741824
1071461100
1073741824
1072693247
2684354560
87
