Uvec
2226355706
1072009736
1073741824
1072505483
0
1071841865
1610612736
1072470719
2147483648
1071614265
2147483648
1071480619
0
1070767767
0
1071183396
2147483648
1071888253
2684354560
1071706502
536870912
1071551665
2147483648
1069319077
0
1072364997
3221225472
1071089714
3221225472
1069788191
2147483648
1072443502
3758096384
1069922280
0
1069179743
0
1072448321
3758096384
1072324131
3758096384
1071781338
3221225472
1069811539
0
1072367697
536870912
1066499056
0
1072254956
1610612736
1071181919
0
1071126346
0
1069730094
2147483648
1071196285
2147483648
1071366935
3221225472
1071899938
1610612736
1072213813
3221225472
1069408904
0
1066237120
0
1071984041
1610612736
1066442916
0
1067666764
0
1069738179
0
1069167881
0
1072054521
1073741824
1070123364
0
1070332685
2147483648
1072265636
3221225472
1072551814
0
1064210816
0
1072658005
0
1072410786
3221225472
1072134318
2684354560
1071655304
0
1071904580
2684354560
1069104333
0
1070985364
3221225472
1071988424
3221225472
1071682451
3758096384
1066434616
0
1070220620
0
1068798730
0
1069708854
2147483648
1071491512
0
1067450706
0
1072227352
0
1071663705
2684354560
1072675046
0
1071523956
2147483648
1072521905
1610612736
1070853307
2147483648
1072414150
0
1071783988
1610612736
1071833272
0
1072643113
3221225472
1070436423
2147483648
1072054827
2684354560
1071683024
536870912
1072408379
1073741824
1070983087
1073741824
1070974751
2147483648
1070050783
2147483648
1072503937
536870912
1071159579
3221225472
1072606130
3758096384
1072678128
3221225472
1070299607
2147483648
1072194409
0
1072326477
3758096384
1069949429
2147483648
1072508652
1073741824
1069904893
2147483648
1072022473
2147483648
1069324975
0
1071406976
2147483648
1071352695
3221225472
1070922826
1073741824
1072655227
536870912
1071166764
1073741824
1068525242
0
1071218451
1073741824
1071738472
1073741824
1071186197
2147483648
1071461100
1073741824
1072693247
2684354560
56
