Uvec
2226355706
1070976437
1073741824
1071262291
2147483648
1072336200
1610612736
1072358124
0
1071610080
3221225472
1070702676
1073741824
1069710225
0
1068583173
0
1070474592
0
1071215509
3221225472
1070929612
3221225472
1071062421
3221225472
1072378090
3221225472
1072474964
3221225472
1072646749
2147483648
1072073871
1073741824
1067805314
0
1072286620
3221225472
1071426001
3221225472
1072498520
2147483648
1070197402
0
1071692195
536870912
1070951356
2147483648
1072227667
3758096384
1070012856
2147483648
1071172492
3221225472
1071744123
536870912
1071334739
0
1068681802
0
1072471612
3221225472
1072001482
3221225472
1068009264
0
1072665291
1073741824
1069820522
0
1071822501
0
1069025450
0
1071123840
1073741824
1072037579
1610612736
1069803525
0
1072164845
1610612736
1071910127
3221225472
1072368847
3758096384
1072569687
2684354560
1070426015
2147483648
1071778636
3221225472
1072450061
2684354560
1070810419
2147483648
1069913738
0
1072484500
0
1071755709
536870912
1071834180
536870912
1072317098
2147483648
1068273030
0
1072543669
1073741824
1072075278
3221225472
1068579292
0
1070592242
0
1070683548
2147483648
1071868716
3221225472
1068612970
0
1072323998
3221225472
1066264200
0
1070155115
2147483648
1071052124
0
1070924314
3221225472
1071787160
1610612736
1070667058
0
1071658162
536870912
1068872121
0
1072180892
3221225472
1072368830
1610612736
1071800198
2147483648
1071423581
2147483648
1069676717
0
1071718261
0
1072470527
0
1067093076
0
1071046217
1073741824
1070390301
0
1068666987
0
1072444950
0
1070386578
0
1072299648
3221225472
1070907136
3221225472
1068920652
0
1070028444
0
1071009349
0
1071906649
3758096384
1069756981
2147483648
1071728664
2684354560
1071741722
3221225472
1071822633
3221225472
1071678680
0
1071889224
1610612736
1070656973
2147483648
1070020289
0
1072026670
3221225472
1068300204
0
1071461100
1073741824
1072693247
2684354560
9
