Uvec
2226355706
1072529371
1610612736
1071410798
3221225472
1071807108
536870912
1069809067
2147483648
1071606593
2147483648
1071977952
2147483648
1070309394
2147483648
1069811794
0
1071874606
2684354560
1070167919
2147483648
1072050808
1610612736
1071414786
2147483648
1071671081
0
1072259121
0
1069982759
2147483648
1068570295
0
1072433951
3758096384
1072441498
536870912
1071896202
3221225472
1071639883
1073741824
1072083052
2147483648
1071984952
1610612736
1071896742
1073741824
1071626934
2147483648
1071768206
536870912
1071719705
536870912
1072475161
1610612736
1072647250
0
1072585087
536870912
1071805623
0
1063336032
0
1069889961
2147483648
1071747444
536870912
1071654896
2147483648
1071300996
0
1072137923
3221225472
1072206123
1610612736
1070450199
2147483648
1072450958
3758096384
1070603616
3221225472
1071806404
2147483648
1072423922
2147483648
1070693224
2147483648
1069612614
0
1070743808
3221225472
1068938281
0
1069881755
0
1067084696
0
1071957423
1610612736
1070737370
3221225472
1072073680
3758096384
1072160534
2147483648
1069435134
0
1070473972
2147483648
1072687131
3221225472
1071003999
3221225472
1070480905
0
1071355384
2147483648
1069983200
2147483648
1072093127
1610612736
1071326350
3221225472
1071229893
1073741824
1071627025
1073741824
1071964640
3758096384
1072621457
3221225472
1070908618
3221225472
1071277837
2147483648
1071247329
2147483648
1072012281
536870912
1071602358
0
1072348792
3221225472
1072303255
1610612736
1072397523
536870912
1066278000
0
1071673998
3221225472
1070803399
3221225472
1072601375
1610612736
1071214655
1073741824
1072133837
2684354560
1072045994
3758096384
1072234066
2684354560
1071723243
1073741824
1069558622
0
1068987422
0
1072646600
0
1069952550
0
1070710796
1073741824
1072512413
2684354560
1072014442
0
1072111354
1610612736
1072504693
1073741824
1071069226
3221225472
1069339913
0
1072605876
0
1070845668
2147483648
1068473758
0
1072298118
2684354560
1072589753
0
1071461100
1073741824
1072693247
2684354560
95
