Uvec
2226355706
1072561180
0
1072283652
3221225472
1071697725
1073741824
1071909174
2147483648
1068758969
0
1070147670
0
1069095736
0
1072428168
536870912
1072604016
2684354560
1071922688
2147483648
1071119303
0
1072239182
3758096384
1069190736
0
1069125791
0
1071589409
2147483648
1071494606
2147483648
1072134041
3221225472
1072113632
2147483648
1071682674
3221225472
1067235620
0
1072167056
536870912
1071985551
2147483648
1072593229
0
1070799426
3221225472
1070745388
2147483648
1071845520
536870912
1068938521
0
1070928614
0
1070673513
2147483648
1072634472
3221225472
1072396034
3221225472
1068731737
0
1071165001
1073741824
1072571932
2684354560
1071499474
3221225472
1067279356
0
1071575024
3221225472
1071855687
2684354560
1072248620
1610612736
1072494241
1073741824
1072324451
3758096384
1069301866
0
1070708094
0
1068562277
0
1071417109
1073741824
1071688636
2684354560
1072591442
3758096384
1072184129
2684354560
1070929222
2147483648
1070436677
0
1070885351
3221225472
1071417568
1073741824
1072662879
1610612736
1070611965
2147483648
1067503212
0
1072260768
2147483648
1072453076
3221225472
1071723975
1610612736
1072668462
3221225472
1072692313
2684354560
1072309438
536870912
1072067467
2684354560
1072558267
1073741824
1072133296
3758096384
1072356702
536870912
1069593261
0
1072524450
1073741824
1071090164
2147483648
1071567004
3221225472
1072178303
0
1069884623
0
1071249773
0
1069384457
0
1069789230
2147483648
1071543508
1073741824
1072636813
2147483648
1070883283
0
1067783726
0
1072297347
0
1072556797
1073741824
1072466083
1073741824
1070721508
1073741824
1065821384
0
1072594060
536870912
1069143840
0
1069146185
0
1071799643
2147483648
1068456732
0
1072099042
2147483648
1071804742
3758096384
1070917950
3221225472
1067849634
0
1070905942
3221225472
1063315840
0
1072173751
2147483648
1071765831
2684354560
1072114079
3758096384
1070257088
0
1071461100
1073741824
1072693247
2684354560
48
