Uvec
2226355706
1072315807
536870912
1071115608
1073741824
1072030834
1610612736
1071126063
1073741824
1072328524
2147483648
1072419142
3221225472
1071956554
536870912
1072689326
3221225472
1068214510
0
1072343548
2147483648
1072108151
3221225472
1072533107
2147483648
1072331886
2147483648
1071388940
3221225472
1071444964
0
1072128371
2147483648
1072561023
1073741824
1072099392
1610612736
1066398400
0
1069595283
0
1072234352
2147483648
1072174542
3758096384
1072389900
1610612736
1072682632
2684354560
1071869200
0
1072291711
536870912
1072582703
2684354560
1072068144
3221225472
1071192185
2147483648
1071067966
2147483648
1071204716
0
1070650580
2147483648
1071231127
1073741824
1072532295
2684354560
1071709810
3758096384
1069902460
0
1072008210
0
1072536944
2684354560
1069795734
2147483648
1070139698
2147483648
1069770330
2147483648
1070859319
1073741824
1071779337
3758096384
1071798972
1073741824
1072510621
3221225472
1072151084
3758096384
1067691224
0
1072537379
3758096384
1068762361
0
1069717113
2147483648
1072239307
2147483648
1072239105
2684354560
1071246476
0
1071556592
0
1071935901
3221225472
1071905646
536870912
1071113520
0
1071138378
1073741824
1071805455
0
1069907075
0
1072436337
1610612736
1070229555
2147483648
1071565920
2147483648
1070681636
2147483648
1071926542
1073741824
1072333207
3221225472
1070174721
2147483648
1063808704
0
1071571298
2147483648
1071083126
0
1069144063
0
1072175083
1073741824
1070056012
0
1070712592
3221225472
1070683173
3221225472
1069708600
0
1072448739
2684354560
1071697823
3221225472
1070979722
2147483648
1071071787
2147483648
1072140717
536870912
1070830155
0
1071635844
2147483648
1071898228
3221225472
1069931656
2147483648
1071752279
3221225472
1072525146
2684354560
1072052288
1073741824
1070952956
1073741824
1070032116
0
1071826775
536870912
1071968777
0
1070257547
2147483648
1072081865
1610612736
1069661804
2147483648
1072503106
2147483648
1071092926
1073741824
1070225699
2147483648
1071461100
1073741824
1072693247
2684354560
46
