Uvec
2226355706
1072574160
3221225472
1071942751
2684354560
1070979120
0
1070624111
2147483648
1072120802
2684354560
1070721808
2147483648
1071931800
1610612736
1071840972
0
1071967468
2684354560
1070768519
2147483648
1071425622
0
1071186043
1073741824
1071767727
3758096384
1072173301
0
1070134571
0
1071499658
3221225472
1072352728
2147483648
1071919869
0
1071810268
2684354560
1070004564
0
1072623417
1610612736
1071998500
3758096384
1072309561
2684354560
1072243472
2147483648
1072059459
536870912
1072438273
1073741824
1072522927
2684354560
1071159259
0
1070357385
0
1065389064
0
1070517834
0
1071831682
2684354560
1072541445
0
1072111503
2684354560
1070570562
0
1072374356
3758096384
1070929522
2147483648
1072139802
1073741824
1071212944
0
1071847218
2147483648
1072113779
0
1071678423
1073741824
1071645887
1073741824
1070181173
0
1070505721
0
1069561359
2147483648
1072044095
3221225472
1070820129
2147483648
1071978609
536870912
1072511248
2147483648
1068860634
0
1072086350
2684354560
1069595294
0
1071963538
1073741824
1071203737
0
1070602014
0
1069180994
0
1071167990
2147483648
1072243725
3758096384
1072057027
1073741824
1071032382
0
1072255479
1073741824
1071658150
2147483648
1064972368
0
1070573313
2147483648
1070999917
3221225472
1065997072
0
1072591590
3758096384
1062900480
0
1067489210
0
1071253729
0
1071653247
1073741824
1070792974
1073741824
1067564868
0
1071673900
536870912
1071377566
3221225472
1072679617
536870912
1072639510
2147483648
1071989984
1073741824
1071183520
2147483648
1067111356
0
1068781682
0
1070091185
2147483648
1068882843
0
1072014294
2147483648
1071012718
0
1072241170
2684354560
1070204672
2147483648
1068190568
0
1072130494
2684354560
1072660141
1610612736
1072482667
536870912
1064419696
0
1067601096
0
1069011725
0
1067237668
0
1071836646
536870912
1069716248
2147483648
1071461100
1073741824
1072693247
2684354560
74
