Uvec
2226355706
1069853358
2147483648
1069552277
2147483648
1072415752
1073741824
1072316057
0
1071460912
1073741824
1070539982
0
1072613736
536870912
1072005637
536870912
1072408395
3221225472
1070553514
2147483648
1072129642
0
1070942262
1073741824
1070385863
0
1068711979
0
1071876217
2147483648
1068987058
0
1071338940
1073741824
1071344457
1073741824
1069770313
2147483648
1070794597
2147483648
1071993203
536870912
1071750536
0
1071978524
0
1070117933
2147483648
1068610558
0
1069446363
0
1070916376
3221225472
1072518934
1610612736
1072377139
2684354560
1071315533
0
1071607009
3221225472
1070621128
3221225472
1068691295
0
1072656263
3221225472
1070982757
2147483648
1070084307
0
1070587561
0
1072344448
2684354560
1069647734
0
1071092086
2147483648
1065780848
0
1067222232
0
1072478726
1073741824
1069138096
0
1072577294
2147483648
1068380186
0
1070207147
2147483648
1069915584
0
1070894606
0
1072389020
1610612736
1071325097
3221225472
1071757123
1073741824
1072428185
536870912
1067837600
0
1072162146
3221225472
1071399888
2147483648
1072135981
1610612736
1071724705
2147483648
1072295724
3221225472
1072154934
1610612736
1071882253
3758096384
1071872774
2147483648
1072523154
536870912
1067922942
0
1071462913
0
1072417356
3758096384
1072058759
3758096384
1070395789
0
1069227429
0
1071413782
0
1069576354
2147483648
1071660163
1610612736
1069843329
0
1071608488
3221225472
1071672631
536870912
1072448214
0
1071365694
0
1071707897
1610612736
1070964340
3221225472
1072446450
3221225472
1072176799
1610612736
1072121004
3221225472
1072450099
1610612736
1072575138
3221225472
1071763696
1610612736
1072036311
1073741824
1069691593
2147483648
1072100639
1073741824
1071623850
1073741824
1070896923
2147483648
1072288243
3758096384
1072232954
0
1072131719
2147483648
1070382016
2147483648
1072369686
1610612736
1069820366
2147483648
1067872812
0
1071401860
1073741824
1071461100
1073741824
1072693247
2684354560
40
