Uvec
2226355706
1072192192
1610612736
1070606600
2147483648
1072529247
536870912
1072466315
536870912
1067654174
0
1071871944
3758096384
1069844157
0
1071972044
3758096384
1067626786
0
1071847814
2147483648
1072318167
1073741824
1072216927
3221225472
1072250134
0
1071874268
3221225472
1072127227
3221225472
1070857279
1073741824
1071224875
1073741824
1071318815
1073741824
1070907256
0
1072345668
0
1071892021
2684354560
1070644971
0
1071724288
2684354560
1070270297
0
1071875998
536870912
1069788135
2147483648
1063451136
0
1071261953
0
1072069668
1073741824
1070921033
1073741824
1072081928
3758096384
1072140566
536870912
1070200539
2147483648
1070602693
1073741824
1071453865
0
1072253222
1073741824
1072244133
0
1070603696
2147483648
1071001858
3221225472
1070753393
2147483648
1069935568
2147483648
1071855230
536870912
1071542621
1073741824
1072447672
0
1072481275
2147483648
1071528182
3221225472
1071980044
3221225472
1071064620
2147483648
1071392866
0
1064974688
0
1072687903
1073741824
1069317826
0
1071517973
3221225472
1072492264
1610612736
1070214927
2147483648
1072274941
1610612736
1071383488
3221225472
1070926345
1073741824
1072003255
3758096384
1070711457
2147483648
1071181854
0
1069556870
2147483648
1068562849
0
1072129222
0
1071008054
2147483648
1071151912
2147483648
1068739632
0
1069152993
0
1071098143
3221225472
1070844814
0
1072021421
2147483648
1072374555
1610612736
1072361384
2684354560
1072088406
1610612736
1072429567
3758096384
1071639139
1073741824
1071916657
0
1072340979
2147483648
1071027364
0
1070711580
2147483648
1071202287
1073741824
1071701008
3221225472
1071819244
2684354560
1070727501
2147483648
1072514837
536870912
1071444771
2147483648
1071570108
3221225472
1070277231
0
1072156980
536870912
1072089861
2684354560
1070814765
0
1071241674
2147483648
1071030612
1073741824
1071791695
0
1072640058
0
1072203563
3221225472
1070125117
0
1071968672
2684354560
1071461100
1073741824
1072693247
2684354560
21
