Uvec
2226355706
1070687117
1073741824
1071430765
2147483648
1072649199
1610612736
1068671098
0
1072494520
1610612736
1071214475
2147483648
1072165225
0
1070581533
0
1071618425
3221225472
1066556388
0
1070405247
2147483648
1071805926
536870912
1072401210
3221225472
1071760732
3758096384
1070451567
2147483648
1068273162
0
1072014981
3758096384
1069586127
2147483648
1069594524
0
1065169600
0
1070725646
0
1071279171
2147483648
1072473969
3221225472
1071386933
3221225472
1070535144
0
1070766053
1073741824
1070705695
0
1071901346
3221225472
1071879060
0
1072332967
1073741824
1070263252
0
1070876627
2147483648
1072110405
2684354560
1071195164
1073741824
1070194444
2147483648
1070712076
1073741824
1070898742
0
1072022247
2147483648
1067749104
0
1069770639
2147483648
1071633887
0
1071447849
0
1071777560
2147483648
1070718579
1073741824
1072065657
1073741824
1070273598
2147483648
1072229197
0
1072648802
536870912
1070039860
0
1071662717
3221225472
1072026705
3758096384
1069598705
2147483648
1071950368
1073741824
1068746011
0
1072563379
2684354560
1067163004
0
1072026495
1610612736
1069994619
0
1071145330
3221225472
1065892000
0
1071814108
0
1071057696
3221225472
1071683431
1073741824
1071323538
1073741824
1071672099
3221225472
1071678633
3221225472
1069013954
0
1071621825
2147483648
1071678971
1610612736
1071306221
0
1072243552
0
1069019226
0
1070033621
0
1069842436
2147483648
1069926064
2147483648
1071353304
1073741824
1067858848
0
1071375766
1073741824
1072409077
0
1072017355
2684354560
1072055633
1073741824
1071982204
0
1071309928
3221225472
1071767075
3758096384
1072150943
3758096384
1072029156
3221225472
1071702252
2147483648
1072242466
2147483648
1069710350
2147483648
1070572648
2147483648
1067873810
0
1072278959
2147483648
1070039237
2147483648
1071653620
1610612736
1072671446
536870912
1071733183
536870912
1070793950
3221225472
1072071562
2684354560
1071461100
1073741824
1072693247
2684354560
34
