Uvec
2226355706
1070112335
0
1072643562
2684354560
1071248585
1073741824
1072125450
3758096384
1070630763
2147483648
1070737142
1073741824
1072108943
1610612736
1071979319
2684354560
1072263695
3758096384
1072259380
0
1070696270
2147483648
1070844999
2147483648
1071678257
3221225472
1072009759
536870912
1065351296
0
1067069292
0
1069586259
0
1070687125
3221225472
1072473443
3758096384
1072356308
536870912
1071082683
1073741824
1072164873
536870912
1067651954
0
1072098077
3221225472
1068919167
0
1071778778
0
1071586463
0
1072592450
1073741824
1070011558
0
1072090944
0
1072088878
536870912
1068720980
0
1071879658
3758096384
1069910063
0
1068214160
0
1070865412
2147483648
1068783665
0
1070491629
0
1071790383
3221225472
1072257828
1610612736
1071685228
0
1072012968
1610612736
1068804543
0
1071157369
2147483648
1072567644
0
1067905888
0
1071780866
3221225472
1072343605
2147483648
1070041698
0
1072357204
1610612736
1072588280
2147483648
1072068278
1073741824
1072397188
2147483648
1071730098
3758096384
1071681690
2147483648
1071969056
0
1072305940
1610612736
1067908798
0
1070735273
0
1072443924
1610612736
1072430654
1610612736
1072121778
3758096384
1069844027
0
1071260336
1073741824
1072336294
3758096384
1069218345
0
1072087255
1073741824
1072104779
2147483648
1071050141
3221225472
1070081583
0
1072124363
0
1071665359
3221225472
1071880922
2147483648
1072412145
536870912
1071876136
536870912
1071816029
2684354560
1072340822
2147483648
1071706393
3221225472
1069832110
2147483648
1069878822
0
1070702049
1073741824
1069778186
2147483648
1071049402
3221225472
1071428790
0
1070715920
1073741824
1071860493
2147483648
1070204672
0
1072029709
1610612736
1071812287
2147483648
1071245491
0
1072522599
2147483648
1072067635
3221225472
1069439879
0
1066804724
0
1066987196
0
1069896956
0
1072219974
3221225472
1069726960
2147483648
1071461100
1073741824
1072693247
2684354560
81
