Uvec
2226355706
1072685007
1610612736
1070841785
2147483648
1070292630
0
1069489608
0
1070844354
1073741824
1069783533
0
1070010675
2147483648
1072243363
1073741824
1070153091
0
1071486489
0
1071381572
2147483648
1071969641
3758096384
1071976135
2684354560
1072403831
1073741824
1072343495
1610612736
1069433400
0
1071691243
2147483648
1072103085
1073741824
1072376144
536870912
1066903336
0
1072481183
536870912
1069862415
2147483648
1072517658
2147483648
1072441727
1073741824
1071778563
2147483648
1071726099
536870912
1069645101
2147483648
1071825412
1073741824
1071372032
3221225472
1068879515
0
1070717884
2147483648
1071986746
2684354560
1070781656
0
1070710089
2147483648
1070296436
0
1068505608
0
1071913004
2147483648
1072552358
1073741824
1072327185
3221225472
1070216586
0
1072416402
2684354560
1071807708
3221225472
1071087826
2147483648
1072267555
2147483648
1071667540
2684354560
1072009274
3221225472
1070684289
1073741824
1072479633
3758096384
1071617103
3221225472
1070238331
0
1072585873
1610612736
1072208798
1073741824
1069269762
0
1072419912
2147483648
1069466599
0
1070376793
0
1066063296
0
1070743417
2147483648
1071837031
2684354560
1072299518
536870912
1072611602
536870912
1072571643
0
1072140405
0
1069539852
0
1072520177
2147483648
1071467568
1073741824
1070584938
2147483648
1069430620
0
1070153043
2147483648
1071041074
0
1071904146
2147483648
1065611064
0
1071647311
536870912
1072035228
536870912
1067697018
0
1071715243
0
1070502304
2147483648
1072204480
1073741824
1071877756
0
1071201159
1073741824
1067762042
0
1070706532
2147483648
1069944730
2147483648
1072207556
3221225472
1069685088
2147483648
1070944105
2147483648
1065892536
0
1071324207
0
1072151174
536870912
1070630387
2147483648
1068827677
0
1072053255
2684354560
1072232918
3221225472
1070763824
1073741824
1072574936
1073741824
1070268900
2147483648
1071386311
1073741824
1072299427
536870912
1071461100
1073741824
1072693247
2684354560
58
