Uvec
2226355706
1071147394
3221225472
1071839671
3758096384
1072391357
3221225472
1071285111
1073741824
1071874404
2684354560
1070209716
2147483648
1070182338
2147483648
1071801373
1610612736
1071317214
2147483648
1071113355
3221225472
1068029294
0
1072273976
536870912
1071980058
1610612736
1071670443
1610612736
1067437708
0
1070699286
1073741824
1072375833
0
1071941840
3221225472
1068613320
0
1069290536
0
1070891541
2147483648
1072495342
2147483648
1070975936
1073741824
1070978648
2147483648
1071155874
1073741824
1070640716
0
1071041656
0
1071609991
0
1071964290
1610612736
1071397407
3221225472
1072326125
1073741824
1069622586
2147483648
1072631460
3221225472
1071083880
1073741824
1070683015
0
1066378952
0
1072567583
3221225472
1071865859
2684354560
1071989872
2147483648
1066826668
0
1070855874
3221225472
1069134467
0
1066872836
0
1072554918
3221225472
1070939625
1073741824
1071153210
1073741824
1070812350
1073741824
1071752614
3758096384
1071325394
2147483648
1071191441
2147483648
1071855041
2147483648
1071476333
2147483648
1071429907
2147483648
1069993075
2147483648
1071210050
3221225472
1071289897
0
1072658897
0
1072252913
0
1070637666
2147483648
1072515606
2684354560
1071600085
0
1071584491
3221225472
1072634141
536870912
1067766802
0
1072113354
536870912
1070129423
0
1072016176
536870912
1068103412
0
1070698270
0
1070647775
2147483648
1071667256
2147483648
1069672425
2147483648
1070725725
1073741824
1070918924
2147483648
1069728878
0
1070591001
2147483648
1071042955
2147483648
1069678206
0
1072404131
0
1072195566
0
1070571510
2147483648
1071135534
2147483648
1072098698
3221225472
1069553304
0
1068249408
0
1070919410
3221225472
1072006228
1610612736
1072122549
2684354560
1067621854
0
1072201546
3221225472
1065898928
0
1072124187
536870912
1072542064
1073741824
1072233693
1610612736
1071507994
3221225472
1072064368
0
1071134292
2147483648
1065290176
0
1071461100
1073741824
1072693247
2684354560
81
