Uvec
2226355706
1072347330
3758096384
1071912040
2684354560
1071751210
3758096384
1070041479
0
1067464684
0
1071154124
0
1071771435
536870912
1069329989
0
1071347210
3221225472
1071659160
2147483648
1070598093
1073741824
1071583538
0
1069179050
0
1072040679
2684354560
1071750526
3221225472
1071007101
1073741824
1072586007
3221225472
1072085970
0
1071879318
2684354560
1069297856
0
1072644355
0
1072597191
1610612736
1071385808
3221225472
1071951508
3758096384
1072528906
1610612736
1071647534
3758096384
1070714563
3221225472
1069635004
2147483648
1070973622
0
1072242790
1073741824
1070677763
1073741824
1069121049
0
1069015173
0
1071203326
0
1070651144
2147483648
1072650394
0
1072184098
1073741824
1071347492
1073741824
1072350080
3221225472
1071498555
3221225472
1072479034
1073741824
1072247182
536870912
1071784892
3221225472
1072372958
3758096384
1070811382
0
1072056941
1073741824
1071927863
1073741824
1071939617
1610612736
1071743934
2684354560
1072477962
1073741824
1071718414
2684354560
1071072935
0
1068774601
0
1066231952
0
1071011518
3221225472
1063529472
0
1072574861
3758096384
1071948135
0
1072058360
536870912
1069829346
0
1072365383
2684354560
1072605093
1073741824
1072157410
2147483648
1071938678
3221225472
1069004674
0
1072541499
1073741824
1069851972
0
1070638710
2147483648
1071891303
2147483648
1072266496
1073741824
1071531938
1073741824
1072667674
3758096384
1072541581
3758096384
1070247824
2147483648
1070738040
3221225472
1070013342
0
1071247206
3221225472
1071940151
2147483648
1072188093
0
1069164841
0
1068921562
0
1072241783
3758096384
1072577415
2147483648
1072368859
2684354560
1071963248
536870912
1072620686
1610612736
1069157802
0
1071876152
2147483648
1071944157
3758096384
1070671183
2147483648
1071891744
1073741824
1071205141
0
1070887824
0
1069139622
0
1071611644
2147483648
1072584005
2684354560
1067675496
0
1069593267
2147483648
1071461100
1073741824
1072693247
2684354560
64
