Uvec
2226355706
1070823550
2147483648
1071669112
3758096384
1072169703
0
1071978231
536870912
1070225016
2147483648
1068816371
0
1072581513
1610612736
1071789600
536870912
1072577792
3221225472
1069568262
2147483648
1071492668
1073741824
1069534121
0
1070784272
0
1070433752
0
1070320944
0
1071174017
2147483648
1071719997
2684354560
1072205404
3221225472
1070988551
0
1065709032
0
1072244333
1073741824
1070005642
0
1071173973
0
1070937661
0
1066475980
0
1071159332
3221225472
1069878526
0
1070848641
0
1069176706
0
1071733299
0
1071063269
3221225472
1071413749
1073741824
1070943372
3221225472
1068040796
0
1072379261
2684354560
1070005372
0
1066462072
0
1072649410
536870912
1068392626
0
1069538212
0
1071520537
3221225472
1069724932
2147483648
1071309364
2147483648
1072489498
0
1069851075
0
1071909605
536870912
1072189659
0
1072211939
1073741824
1071371338
2147483648
1071060865
1073741824
1071775506
536870912
1071939862
1073741824
1071559157
0
1072344329
2147483648
1072122505
2147483648
1069977708
0
1072480890
536870912
1071839691
3758096384
1071790702
2684354560
1071159406
1073741824
1070490688
0
1072103474
1073741824
1071323043
3221225472
1072323722
1610612736
1068618034
0
1071716037
3221225472
1070645851
2147483648
1066529200
0
1071641604
2147483648
1072513326
1073741824
1069770906
0
1070077409
2147483648
1070523712
0
1070637396
1073741824
1069278758
0
1071646998
3758096384
1071465183
2147483648
1071259743
1073741824
1068632647
0
1072673668
2684354560
1072296956
2684354560
1071209494
3221225472
1071283223
1073741824
1070657725
3221225472
1071728341
536870912
1069857503
2147483648
1070600066
0
1071488109
0
1071901414
536870912
1072337848
1073741824
1071891338
2147483648
1071582892
3221225472
1071366512
0
1071587725
2147483648
1068029636
0
1072192191
1610612736
1072434776
1610612736
1072460526
536870912
1071461100
1073741824
1072693247
2684354560
20
