Uvec
2226355706
1071591389
3221225472
1070259313
0
1071891894
1610612736
1070826507
1073741824
1071825391
2147483648
1068531039
0
1072008365
3758096384
1071779862
3221225472
1067861956
0
1072359222
1610612736
1072555991
3758096384
1071658518
536870912
1071294718
1073741824
1071736906
1610612736
1070954563
0
1071931103
0
1070289533
0
1072305485
1073741824
1071141384
2147483648
1072046643
1610612736
1071894400
536870912
1072203629
1610612736
1072554884
3758096384
1070674377
0
1070791530
2147483648
1069540848
0
1071359352
2147483648
1072663097
1610612736
1072393717
1610612736
1070784677
0
1072562003
0
1071779538
2684354560
1072292183
2147483648
1068279498
0
1072235312
0
1072393802
1073741824
1072154146
0
1070716249
0
1070774319
3221225472
1071992722
1610612736
1071848677
0
1069830487
2147483648
1072503523
1073741824
1072458154
2147483648
1071227371
3221225472
1070779009
1073741824
1072311926
2147483648
1072543431
536870912
1071327241
2147483648
1072034056
2684354560
1071655814
536870912
1068669396
0
1071283310
3221225472
1066288840
0
1071609388
1073741824
1072410477
2684354560
1072623418
536870912
1072663007
1073741824
1072459940
0
1070241986
2147483648
1072109337
0
1070417687
2147483648
1071740563
1610612736
1070925955
1073741824
1072283432
3221225472
1071725649
1610612736
1070892163
3221225472
1071896217
2684354560
1068479386
0
1072644513
2684354560
1071995021
0
1071863016
3221225472
1071416676
1073741824
1070156882
2147483648
1072122101
3221225472
1072656275
3758096384
1071655823
536870912
1071787581
3758096384
1072589104
1610612736
1067535424
0
1072553451
2147483648
1072427127
0
1070884446
2147483648
1071376266
3221225472
1072136431
1073741824
1072506450
3221225472
1071295434
0
1068834379
0
1070253838
2147483648
1070794363
0
1070919032
3221225472
1072188334
536870912
1072399211
3221225472
1072212021
3758096384
1068842517
0
1072306137
3758096384
1069716354
0
1072384867
1610612736
1071461100
1073741824
1072693247
2684354560
8
