Uvec
2226355706
1071969880
2147483648
1072294396
3758096384
1072554287
1073741824
1072447825
2147483648
1072408230
0
1072477089
2147483648
1071839130
2684354560
1072343552
1610612736
1071833019
3221225472
1070127249
2147483648
1068568343
0
1071981813
1610612736
1072067163
1610612736
1070603401
2147483648
1069294648
0
1072603376
0
1066468284
0
1070726634
2147483648
1072026201
1073741824
1072318268
3758096384
1071414359
2147483648
1072473031
2684354560
1071826827
2684354560
1069883864
0
1071026753
0
1071326677
0
1071329197
2147483648
1072429421
2684354560
1072365073
0
1072216130
1610612736
1070668269
0
1070445186
2147483648
1072061877
0
1063918976
0
1068827284
0
1069149108
0
1072661824
3758096384
1072632392
1610612736
1072264428
2147483648
1070016099
2147483648
1072556345
2684354560
1072329298
3221225472
1072092608
2684354560
1071723951
536870912
1072626067
0
1072555964
2147483648
1070730453
1073741824
1071680555
1610612736
1072020037
0
1072419391
536870912
1072117967
2147483648
1070160268
0
1072645507
2147483648
1071112902
1073741824
1072007380
0
1072138418
0
1071007218
3221225472
1072172336
1073741824
1072080829
2684354560
1072084239
1073741824
1071910638
0
1071682433
3221225472
1071189492
0
1072376773
3221225472
1072281331
2147483648
1071504799
0
1067866350
0
1071160754
0
1070205104
0
1071748540
536870912
1065978792
0
1071166067
2147483648
1072655444
3221225472
1067088004
0
1072361427
3221225472
1071560111
1073741824
1072231383
2147483648
1071692198
1610612736
1071715597
2684354560
1065742744
0
1072218986
1610612736
1070372005
0
1070934202
3221225472
1067613010
0
1072362907
3221225472
1066653440
0
1071884839
2684354560
1071548444
0
1068851099
0
1070491093
0
1072179810
3221225472
1072584725
3758096384
1069288028
0
1065765408
0
1071411559
1073741824
1072256884
3758096384
1070816942
2147483648
1071700318
2684354560
1071461100
1073741824
1072693247
2684354560
8
