Uvec
2226355706
1072302343
3221225472
1070804380
1073741824
1071663451
3221225472
1071888804
2147483648
1071405342
1073741824
1072316535
2147483648
1072317407
1610612736
1072574455
3221225472
1072086113
1073741824
1072214238
3221225472
1071014010
1073741824
1072436787
3221225472
1071849570
536870912
1071671801
2147483648
1071852775
1610612736
1069099072
0
1071412339
2147483648
1071830396
3758096384
1070981479
0
1068366490
0
1072176456
0
1070761218
1073741824
1072347944
2147483648
1070096038
2147483648
1071998439
2147483648
1072422461
2684354560
1072157476
3221225472
1067447776
0
1071187976
2147483648
1067739016
0
1071800041
3221225472
1067035820
0
1072512525
3758096384
1072559118
2684354560
1072352972
3758096384
1072076749
1073741824
1069889375
2147483648
1070443584
0
1072305398
1073741824
1070620945
0
1070348527
2147483648
1072285241
2147483648
1071965096
1610612736
1071829267
3758096384
1067457986
0
1072222949
1610612736
1072303063
2684354560
1071938669
1073741824
1071689145
2684354560
1072315563
2684354560
1070312954
0
1071865949
0
1071642540
0
1070837414
0
1068454486
0
1069847746
0
1068223328
0
1072501104
3221225472
1071754280
2147483648
1070873335
0
1072642285
1073741824
1071925289
536870912
1070275896
0
1071420569
3221225472
1069779190
0
1066526500
0
1072214332
1610612736
1070548592
2147483648
1071479826
0
1070521534
0
1072606713
2147483648
1072442428
1610612736
1071852352
1073741824
1071827553
3758096384
1072093114
1073741824
1070653484
1073741824
1072674465
3221225472
1072467071
3758096384
1072310002
2684354560
1070632217
1073741824
1071737181
1610612736
1070640851
0
1070889327
3221225472
1067240916
0
1070891266
2147483648
1069981548
0
1072630565
3758096384
1072213906
2684354560
1072017488
1073741824
1068152938
0
1072538019
1073741824
1071048156
2147483648
1071475959
1073741824
1069438299
0
1072643947
2684354560
1071919258
1610612736
1072016184
3221225472
1071959748
3758096384
1071461100
1073741824
1072693247
2684354560
57
