Uvec
2226355706
1072492540
1610612736
1071810601
3221225472
1072433707
3758096384
1072277580
1610612736
1072353344
3221225472
1071475890
0
1070839808
3221225472
1072033099
2684354560
1068041748
0
1072080366
0
1069197973
0
1072074275
2684354560
1070780821
1073741824
1070320306
2147483648
1072060674
2684354560
1071131199
3221225472
1069740612
2147483648
1070715457
3221225472
1072016483
536870912
1068742705
0
1070503924
0
1070486466
2147483648
1072559962
3758096384
1069309738
0
1072416879
1610612736
1069196366
0
1072450890
0
1070823619
1073741824
1072409750
1610612736
1071825041
3221225472
1071746825
1610612736
1068698799
0
1072012299
2684354560
1072146040
2684354560
1069580126
0
1068378616
0
1071781042
0
1072617668
1073741824
1071063460
2147483648
1066586856
0
1068034190
0
1071247739
2147483648
1072434242
3221225472
1070736666
1073741824
1072445767
2147483648
1072662561
3758096384
1072223708
3221225472
1072037514
3221225472
1072166307
2684354560
1070631372
3221225472
1072263446
1610612736
1070572602
2147483648
1072066973
2684354560
1072347026
3221225472
1072534488
3221225472
1071437791
1073741824
1071321104
3221225472
1071866255
536870912
1070960938
3221225472
1069433413
0
1071483993
2147483648
1067260656
0
1070708421
1073741824
1069722608
0
1071203656
1073741824
1070221614
2147483648
1071232608
1073741824
1072084736
2147483648
1071816367
3758096384
1071754134
1610612736
1072071003
1610612736
1068962216
0
1070672239
3221225472
1072394466
3221225472
1071978657
0
1072451642
536870912
1071587981
2147483648
1071208805
3221225472
1069468431
0
1071334318
2147483648
1072185476
1610612736
1072164028
0
1069475576
0
1070638553
2147483648
1072672415
1610612736
1071367064
3221225472
1072652272
2147483648
1072657220
536870912
1070732180
2147483648
1070099979
0
1072681410
1073741824
1072060617
3221225472
1070215038
0
1071446259
1073741824
1071794784
1610612736
1072461466
2684354560
1070896910
3221225472
1068397428
0
1071461100
1073741824
1072693247
2684354560
57
