Uvec
2226355706
1070723164
2147483648
1072081242
0
1072600922
3758096384
1069641202
0
1072515524
0
1072260514
1073741824
1070427097
0
1072140093
1610612736
1069630129
0
1072301918
3758096384
1072464874
3221225472
1069742694
0
1072236447
3758096384
1068782186
0
1071908528
2147483648
1071091122
0
1071710315
1610612736
1072493872
0
1069660645
2147483648
1071702355
1073741824
1072079940
3758096384
1067634540
0
1069082537
0
1066219424
0
1071483174
1073741824
1069508191
0
1071679518
0
1068001764
0
1071761588
3758096384
1069684415
0
1072610430
536870912
1070279229
0
1072265081
536870912
1070010676
0
1071377897
3221225472
1070035599
2147483648
1070444203
0
1072000276
536870912
1070697944
3221225472
1071826185
1610612736
1071211344
3221225472
1071117487
3221225472
1067346444
0
1071651236
3221225472
1072254020
0
1071836647
2684354560
1063896896
0
1070652569
3221225472
1072625492
2684354560
1070537207
0
1071852351
2684354560
1071718013
3758096384
1072429114
1073741824
1072460303
0
1071724806
2147483648
1071974619
3758096384
1070340850
2147483648
1071918059
2147483648
1069062355
0
1071235798
0
1070847960
0
1072311105
2684354560
1067348952
0
1071850062
1073741824
1069285694
0
1072366094
2684354560
1071416540
0
1070690234
1073741824
1072685856
0
1072374132
3758096384
1071034640
1073741824
1071112631
1073741824
1070824596
0
1072033731
3758096384
1071913680
0
1072338882
3758096384
1069849540
0
1071019634
1073741824
1072108358
3221225472
1072121531
3758096384
1069274780
0
1070989784
2147483648
1070185688
0
1069470447
0
1071521452
1073741824
1071504811
0
1072351891
1610612736
1072268304
0
1070819880
0
1067529938
0
1066707192
0
1072012394
1073741824
1068892181
0
1070799404
1073741824
1069575976
2147483648
1071446170
1073741824
1072174568
3221225472
1070956356
3221225472
1071461100
1073741824
1072693247
2684354560
34
