Uvec
2226355706
1069984443
0
1071962624
0
1064744144
0
1072339972
1073741824
1072286846
1610612736
1070828445
1073741824
1071670457
0
1069747222
2147483648
1070309041
0
1071202956
0
1071782911
2147483648
1072376627
3758096384
1072538382
2147483648
1072241392
1073741824
1072616454
3221225472
1071949511
3758096384
1069002771
0
1071862107
536870912
1072214031
2147483648
1072414689
2684354560
1071853143
1073741824
1070487960
0
1069734770
2147483648
1071451846
0
1071890459
2684354560
1071824495
1610612736
1072295418
2147483648
1072338494
3221225472
1071867204
3221225472
1070991043
3221225472
1071793663
3758096384
1071546361
2147483648
1071529098
3221225472
1071386960
2147483648
1070686945
1073741824
1072148756
2684354560
1072482947
536870912
1072467479
3758096384
1071631996
0
1070282736
2147483648
1071172477
1073741824
1070663934
2147483648
1069461232
0
1069807428
2147483648
1070599850
0
1066479048
0
1070692522
0
1071705337
2147483648
1071425262
0
1071480587
1073741824
1070749824
2147483648
1070543112
2147483648
1070616684
1073741824
1072527191
1073741824
1071250003
1073741824
1072280623
2684354560
1072467403
1073741824
1067249008
0
1070606751
2147483648
1071280415
1073741824
1070845352
1073741824
1071885721
536870912
1071206177
1073741824
1071958227
0
1072396294
2147483648
1070942416
2147483648
1071710713
2684354560
1070880573
3221225472
1068769419
0
1072471056
0
1069964630
2147483648
1072456913
3221225472
1067639674
0
1072520557
3758096384
1071868651
1073741824
1070680997
1073741824
1072146382
2684354560
1071854168
1610612736
1070670485
1073741824
1069308239
0
1071871523
1610612736
1063234688
0
1071901486
2147483648
1068865255
0
1071257853
3221225472
1072636741
1610612736
1070864581
3221225472
1072422387
3758096384
1068723148
0
1072589442
1610612736
1070981729
1073741824
1071224607
2147483648
1072610916
0
1072604133
1073741824
1072155104
3758096384
1071669553
2684354560
1067947504
0
1072543879
0
1071461100
1073741824
1072693247
2684354560
26
