Uvec
2226355706
1072127375
536870912
1072673065
0
1072176092
2147483648
1071230201
1073741824
1071471183
0
1071118890
1073741824
1070181698
0
1072166578
1610612736
1071745728
3758096384
1071994678
536870912
1072679016
2147483648
1070451951
0
1072456222
3758096384
1071660162
3758096384
1072460711
536870912
1072579152
0
1069938251
2147483648
1071065227
2147483648
1072243574
3221225472
1071214664
1073741824
1070791799
1073741824
1070992603
0
1070489392
0
1072523384
0
1071414252
2147483648
1069747869
2147483648
1072069717
0
1071642743
2147483648
1069910326
2147483648
1071876594
536870912
1071146733
3221225472
1071346857
0
1071913484
3758096384
1072157138
536870912
1068372070
0
1072415289
0
1069803611
2147483648
1071210680
1073741824
1071445867
0
1071449862
3221225472
1071709263
1073741824
1072086864
536870912
1071718394
536870912
1071032647
2147483648
1071668169
2147483648
1071305437
2147483648
1071789565
0
1071951585
3758096384
1068124640
0
1070127458
2147483648
1072291174
1610612736
1072581744
2684354560
1069774319
2147483648
1071188152
2147483648
1072043696
2684354560
1070570955
0
1070929344
3221225472
1071916176
2147483648
1071704284
1073741824
1070842477
1073741824
1072293510
1073741824
1072402352
0
1071810200
3758096384
1071993201
1073741824
1071820159
2684354560
1071613622
3221225472
1072680821
3221225472
1071528197
1073741824
1071968620
3221225472
1070050823
0
1070870826
2147483648
1068885670
0
1070990420
0
1071960660
3221225472
1072452850
536870912
1067575968
0
1070888387
3221225472
1071805000
2684354560
1072239950
3758096384
1071411773
2147483648
1071726105
1610612736
1071853293
3758096384
1072509234
3758096384
1072093336
536870912
1070143160
0
1071062358
1073741824
1071335001
0
1071749141
3758096384
1069900928
0
1072048283
0
1071464815
0
1072621069
3221225472
1070180026
0
1072574691
2147483648
1069932663
0
1068304456
0
1071679367
2147483648
1072373488
1610612736
1071461100
1073741824
1072693247
2684354560
2
