Uvec
2226355706
1071510132
0
1068852629
0
1072454559
3221225472
1070721195
1073741824
1072109645
0
1071718591
3221225472
1071368415
2147483648
1071386332
3221225472
1067556646
0
1069241359
0
1071706338
2684354560
1071709710
2147483648
1070889011
2147483648
1069933476
0
1072519260
1073741824
1071977206
2684354560
1071927331
2147483648
1071669538
2684354560
1071847782
3221225472
1071426414
0
1070052530
0
1071653952
3758096384
1072447258
3221225472
1071023674
2147483648
1071081485
0
1071137827
0
1072080859
2684354560
1072077434
3758096384
1072629745
0
1071762304
3221225472
1071930346
1610612736
1070895909
0
1070317735
0
1071671410
3221225472
1069677953
0
1069136215
0
1070995037
2147483648
1069583453
2147483648
1071783211
0
1069438511
0
1072522742
0
1072436787
2147483648
1072111964
1073741824
1069341162
0
1068717608
0
1071322769
0
1072442314
536870912
1071991763
536870912
1071315901
1073741824
1072430370
1610612736
1072326755
536870912
1069758341
0
1072037220
2684354560
1071805699
3221225472
1071088870
3221225472
1069463165
0
1069710568
0
1069551730
2147483648
1070719104
1073741824
1061852544
0
1072439364
2147483648
1072556571
2147483648
1072416442
2684354560
1067031448
0
1072345661
3758096384
1071990911
0
1072117042
3221225472
1072554641
2147483648
1071943767
1073741824
1071282623
2147483648
1072472635
536870912
1069666477
2147483648
1071303369
3221225472
1072057672
2684354560
1071380217
0
1072296582
0
1072173583
3221225472
1072229215
3758096384
1068921155
0
1071716652
3221225472
1070757063
3221225472
1069790773
0
1069630707
2147483648
1071299270
0
1071946508
1610612736
1071872842
2147483648
1069873495
0
1072076421
3221225472
1069489406
0
1069641382
0
1071196019
3221225472
1071932712
3758096384
1072093581
2684354560
1070998832
2147483648
1070526107
2147483648
1064686592
0
1072527994
3221225472
1071994514
0
1071461100
1073741824
1072693247
2684354560
79
