Uvec
2226355706
1072581466
2684354560
1071985852
536870912
1072260859
3758096384
1071262483
0
1071920137
2684354560
1071822065
3221225472
1072282387
536870912
1070353000
0
1072074801
3221225472
1071249531
1073741824
1072394195
3221225472
1071850934
3221225472
1071227228
1073741824
1071231114
1073741824
1072393934
3758096384
1072636746
2147483648
1072383513
2684354560
1070965742
1073741824
1072552163
2147483648
1071749533
2147483648
1070758245
1073741824
1071538381
2147483648
1071746389
3221225472
1072298812
1610612736
1069328043
0
1072654499
3758096384
1070716075
3221225472
1072502591
0
1068281122
0
1071345957
1073741824
1071671957
1610612736
1071552824
0
1067584498
0
1072269612
536870912
1071169796
1073741824
1071887233
2147483648
1072312048
2684354560
1071350421
3221225472
1072677479
3758096384
1072483012
3758096384
1072678652
1610612736
1071831876
2147483648
1071862428
0
1070730425
1073741824
1072574621
1073741824
1070947890
1073741824
1071833953
0
1072130737
536870912
1070032196
0
1072216035
1073741824
1071652507
3221225472
1069578114
2147483648
1071172238
0
1070754444
2147483648
1072129769
1073741824
1072002042
1073741824
1072045279
3221225472
1070154700
0
1070712543
0
1070999671
1073741824
1071360825
1073741824
1071750201
1610612736
1069229608
0
1072288966
2147483648
1072414189
536870912
1070348354
0
1071066562
2147483648
1072560994
1073741824
1063891392
0
1071587594
1073741824
1069614483
0
1072427576
2684354560
1067954440
0
1072100217
2147483648
1072030734
2147483648
1068833818
0
1072180032
1073741824
1072232991
3221225472
1072175279
1073741824
1072396093
3758096384
1072472930
0
1072561723
1610612736
1072017968
0
1071878452
2147483648
1072192651
1610612736
1069851857
2147483648
1070863410
0
1069603478
0
1071711232
3221225472
1071381092
1073741824
1071274741
1073741824
1071386607
1073741824
1070713019
3221225472
1070018625
2147483648
1068266952
0
1070771236
0
1070853401
0
1072470986
3758096384
1071461100
1073741824
1072693247
2684354560
18
