Uvec
2226355706
1070599123
0
1069720593
0
1069608711
2147483648
1072574125
1610612736
1070975898
2147483648
1072600843
3221225472
1071484484
3221225472
1072653110
1073741824
1071674242
3758096384
1070355665
0
1072593573
1073741824
1071658449
2684354560
1068356380
0
1069675863
2147483648
1069615529
0
1068780249
0
1072226059
0
1071889631
3758096384
1067309516
0
1071742640
1073741824
1070126466
0
1071974962
2684354560
1071468584
2147483648
1072523599
1073741824
1072272425
2147483648
1070658238
1073741824
1071799543
3221225472
1071868709
3758096384
1066902896
0
1072541649
3758096384
1072166142
1073741824
1072055391
1073741824
1072191241
1610612736
1066949832
0
1069954076
0
1070987514
1073741824
1072260348
0
1071895744
2684354560
1070870381
1073741824
1071591578
1073741824
1069872679
2147483648
1072181950
1073741824
1070623657
0
1070093263
0
1072170184
536870912
1071941678
3221225472
1069447281
0
1072164964
3221225472
1072494507
0
1072648723
1073741824
1068979092
0
1072235628
2684354560
1072507988
1610612736
1072583711
2147483648
1071204359
0
1070863685
2147483648
1068439358
0
1072343444
1073741824
1071976446
2147483648
1072274485
1610612736
1072589669
0
1071796190
536870912
1066032464
0
1072645855
2147483648
1072201510
1073741824
1072270851
3758096384
1072587601
1610612736
1072278631
1610612736
1069217621
0
1071196442
1073741824
1071996518
1073741824
1070783571
2147483648
1069886423
2147483648
1065693024
0
1072161721
3758096384
1072347096
2684354560
1070362913
2147483648
1071967613
536870912
1071748687
1610612736
1072109314
536870912
1071898674
2684354560
1072442279
2684354560
1072349553
536870912
1071968739
2147483648
1071208821
3221225472
1071699494
3221225472
1072005489
1073741824
1071695445
1073741824
1069467485
0
1072175407
2684354560
1068682079
0
1069251066
0
1072098165
2147483648
1072240366
3758096384
1071769770
3221225472
1072686540
3221225472
1072327779
1610612736
1069925193
0
1071461100
1073741824
1072693247
2684354560
6
