Uvec
2226355706
1068336764
0
1072080056
2684354560
1070559622
2147483648
1071136235
2147483648
1072006675
1073741824
1071991054
1610612736
1072482859
3758096384
1071186497
1073741824
1071152060
0
1070206161
2147483648
1072532198
536870912
1071274658
0
1069874317
2147483648
1071102345
0
1072513697
1610612736
1072169715
3758096384
1072023368
3221225472
1069577467
0
1070759934
2147483648
1070999892
1073741824
1069595429
0
1072014555
2147483648
1072561207
1073741824
1068860536
0
1070537589
0
1069411867
0
1067945746
0
1071432022
3221225472
1071921558
536870912
1071666207
2147483648
1071923084
1610612736
1068691330
0
1072148920
2684354560
1072364768
2684354560
1070435872
2147483648
1069798915
2147483648
1067928038
0
1066571932
0
1072051388
2684354560
1071605234
0
1070875887
2147483648
1072317649
2147483648
1070709179
1073741824
1071834102
3758096384
1072146266
2147483648
1070257122
2147483648
1072561552
1073741824
1070972850
3221225472
1072069169
2147483648
1072408842
3221225472
1070041936
0
1071694842
3221225472
1072480886
3221225472
1072647115
3758096384
1072521556
0
1070106331
2147483648
1071223234
3221225472
1071391308
1073741824
1067825640
0
1072044224
3758096384
1071972074
3221225472
1070835708
3221225472
1071583377
1073741824
1070033787
2147483648
1072616598
2147483648
1071663536
1073741824
1067646048
0
1070604128
3221225472
1072253955
2147483648
1072217295
536870912
1069813446
2147483648
1069796571
0
1072433256
0
1071311771
0
1071352764
2147483648
1072289411
2684354560
1072664064
3758096384
1072022715
536870912
1071134273
2147483648
1071534163
0
1071056278
0
1070003156
2147483648
1070918492
2147483648
1072140052
2684354560
1071253098
1073741824
1071971841
1073741824
1071182368
1073741824
1070957469
3221225472
1072523649
3758096384
1069205484
0
1072450309
536870912
1069405869
0
1070901707
3221225472
1071905028
2684354560
1071738200
1610612736
1068096134
0
1070307290
0
1071049567
0
1071461100
1073741824
1072693247
2684354560
87
