Uvec
2226355706
1071482669
0
1071070187
1073741824
1071453471
1073741824
1071845448
3221225472
1072392313
2684354560
1068205640
0
1071798639
536870912
1070847074
2147483648
1071990448
1610612736
1072590476
2684354560
1071727247
3758096384
1072025215
1073741824
1069907602
2147483648
1071756228
536870912
1072280476
2147483648
1072454300
2684354560
1070801517
1073741824
1068917022
0
1072082599
1073741824
1072553761
2147483648
1071500433
1073741824
1072157975
3758096384
1072333327
2684354560
1068491362
0
1072049431
0
1071911296
0
1071856997
536870912
1072457802
3221225472
1072322128
2147483648
1072089555
3758096384
1072409368
1073741824
1072318046
3221225472
1070828487
1073741824
1072391285
0
1072236975
3758096384
1072262722
2147483648
1072388603
1073741824
1071533336
1073741824
1067799746
0
1072521312
1610612736
1070929980
1073741824
1072639581
2684354560
1071877495
1073741824
1072590389
0
1070693076
2147483648
1070140715
0
1071635993
2147483648
1065119200
0
1070641626
2147483648
1071050969
1073741824
1070683539
1073741824
1072234524
2147483648
1072095176
1073741824
1071616618
1073741824
1071504870
2147483648
1071794397
3758096384
1071999804
0
1071446711
0
1071366786
2147483648
1071233804
2147483648
1071303611
0
1071968033
0
1072124913
2147483648
1071777094
3758096384
1071962999
536870912
1072233769
3758096384
1072279277
0
1071797185
1610612736
1071288950
1073741824
1072030726
1073741824
1072325939
2684354560
1070007333
0
1071850732
2147483648
1072128267
3221225472
1072260248
2147483648
1071636095
0
1071816813
3221225472
1071436206
3221225472
1071892392
3758096384
1072513701
1073741824
1070866288
3221225472
1072574656
3758096384
1071679360
3758096384
1072238931
1610612736
1072476721
3221225472
1069415993
0
1070377552
0
1072164735
2684354560
1069618456
0
1071148351
0
1069121593
0
1071269758
2147483648
1071330086
3221225472
1072620482
2684354560
1069356972
0
1070463765
0
1072638959
2147483648
1071274703
3221225472
1071461100
1073741824
1072693247
2684354560
30
