Uvec
2226355706
1071327512
0
1069000267
0
1071523139
2147483648
1071879152
1073741824
1072189997
2684354560
1071159808
1073741824
1072301910
2147483648
1071532093
3221225472
1071538881
2147483648
1071560656
1073741824
1071672773
1610612736
1072535897
2147483648
1072172397
3758096384
1072017969
2147483648
1070513750
2147483648
1069798527
0
1070954029
3221225472
1072221742
1610612736
1070810844
1073741824
1069068578
0
1070193229
2147483648
1069394812
0
1071762384
3221225472
1071045940
2147483648
1071704614
536870912
1072630089
536870912
1071902931
3221225472
1072640732
536870912
1072170743
2147483648
1071863456
1073741824
1070793276
2147483648
1070816005
3221225472
1068119636
0
1071559969
1073741824
1070684388
0
1070624932
1073741824
1067821860
0
1072233451
3758096384
1071609126
2147483648
1071889811
1610612736
1072523700
3758096384
1072688930
1073741824
1071705480
1610612736
1072339654
3758096384
1070306031
0
1071789258
536870912
1069138912
0
1072431168
1610612736
1072475178
0
1071106318
0
1072069179
1073741824
1072609104
1610612736
1072121660
3221225472
1069670446
0
1068613352
0
1071139392
3221225472
1069680272
2147483648
1072465715
0
1072388666
3221225472
1071219226
0
1070041017
0
1071168906
3221225472
1070980244
2147483648
1072401241
536870912
1069104862
0
1066989804
0
1071700363
0
1070998546
2147483648
1071706507
3758096384
1071990233
0
1072601461
2147483648
1072168512
0
1071315596
0
1069895636
2147483648
1069092199
0
1072320684
2684354560
1071540422
2147483648
1072434052
1610612736
1068609817
0
1070441203
0
1068658198
0
1071712983
536870912
1068561119
0
1070526116
0
1067933456
0
1067902208
0
1071828566
536870912
1071660375
1073741824
1071741162
536870912
1071670263
3221225472
1070521246
2147483648
1070580608
2147483648
1071663103
3758096384
1069617699
0
1071457047
3221225472
1072571563
1610612736
1072425983
1073741824
1068774964
0
1071461100
1073741824
1072693247
2684354560
64
