Uvec
2226355706
1069985914
0
1072030632
3758096384
1071481961
1073741824
1070352967
0
1069300886
0
1072444226
1610612736
1071962799
536870912
1071634981
3221225472
1072480433
1610612736
1072086316
2147483648
1071775750
0
1072005520
0
1069973242
0
1069603308
2147483648
1072090468
3758096384
1072571830
1610612736
1072108102
2147483648
1071235863
0
1069072481
0
1072454351
2684354560
1070622611
0
1070581516
0
1072521868
2684354560
1072515348
536870912
1069546823
0
1069980136
2147483648
1072683225
3758096384
1072371222
2147483648
1070660217
0
1070612573
0
1069648982
0
1071897478
3221225472
1071355360
1073741824
1072669380
1610612736
1072379826
1610612736
1064813856
0
1072232471
2684354560
1072111876
0
1072597293
3758096384
1072668088
3758096384
1069849014
2147483648
1068484868
0
1072325014
3758096384
1070912064
3221225472
1072609188
2684354560
1071391952
3221225472
1071506030
1073741824
1070533069
0
1072165829
2147483648
1072094053
3758096384
1072593945
0
1067036336
0
1072394207
3758096384
1068538727
0
1066431540
0
1071721343
536870912
1067883958
0
1071217329
0
1071614079
2147483648
1068615285
0
1070699194
2147483648
1071788576
3221225472
1071759242
536870912
1072683983
1073741824
1071407268
3221225472
1071448971
2147483648
1072172885
0
1072344097
3758096384
1071679698
1610612736
1072522841
2147483648
1067959422
0
1072385801
3221225472
1071651357
1610612736
1070140368
2147483648
1070561280
0
1072526422
3758096384
1072170047
536870912
1071783169
2684354560
1068511801
0
1070644065
3221225472
1071739995
1073741824
1071996360
2147483648
1071745357
3221225472
1071737191
2684354560
1072357115
536870912
1071123739
1073741824
1072651501
0
1069021248
0
1072273499
3758096384
1072182446
2684354560
1066170080
0
1072105199
1073741824
1072623402
0
1066423124
0
1070807521
2147483648
1071715209
1073741824
1072389756
2147483648
1070664062
3221225472
1071461100
1073741824
1072693247
2684354560
5
