Uvec
2226355706
1072355398
1073741824
1070228012
2147483648
1072199103
3758096384
1071088286
2147483648
1069567383
0
1071996822
1610612736
1071801152
2684354560
1071852674
536870912
1072124459
1073741824
1070292357
2147483648
1070726685
1073741824
1072201825
1610612736
1071768331
2684354560
1072368022
536870912
1071913018
1073741824
1071349998
0
1071441917
2147483648
1072647882
2147483648
1070271525
2147483648
1072174298
1073741824
1070805059
3221225472
1071669550
2684354560
1072106997
3758096384
1070768617
2147483648
1071210580
0
1069102045
0
1070584564
2147483648
1069678480
0
1069744884
0
1072200441
1073741824
1071898913
3221225472
1072306152
2684354560
1070887987
3221225472
1072236384
1073741824
1071397367
0
1072096723
536870912
1070661075
3221225472
1071347005
3221225472
1070572550
2147483648
1071940350
0
1071810463
1073741824
1072691259
1073741824
1072258116
1610612736
1072613117
1610612736
1070511325
2147483648
1069604866
0
1072146879
1610612736
1071721653
3221225472
1070743014
3221225472
1070363059
2147483648
1061084160
0
1071544319
0
1069642468
0
1070403214
0
1069203297
0
1072611296
2684354560
1069612559
2147483648
1070854000
1073741824
1069987578
0
1070869389
2147483648
1072132468
1610612736
1072425938
2684354560
1069891634
2147483648
1071050888
0
1064657920
0
1069362668
0
1071034538
1073741824
1072508167
1610612736
1071777180
2147483648
1072311753
3758096384
1071787011
2684354560
1071177925
2147483648
1071798211
1073741824
1067513236
0
1070517908
2147483648
1072288103
3221225472
1072306057
2684354560
1072666574
0
1072388314
1073741824
1072101993
2147483648
1068474996
0
1072673633
0
1067583400
0
1068094870
0
1068980491
0
1071460958
2147483648
1070491153
0
1071746836
3758096384
1071120113
3221225472
1069903484
0
1072650894
3758096384
1070563784
2147483648
1070031067
2147483648
1071659387
0
1069895860
0
1069122504
0
1068949938
0
1071851602
2147483648
1071461100
1073741824
1072693247
2684354560
42
