Uvec
2226355706
1069216414
0
1072686285
3221225472
1070123902
2147483648
1069602590
2147483648
1071840191
0
1072320635
2147483648
1070900504
1073741824
1071861487
536870912
1068349464
0
1069815937
0
1070298305
0
1070852546
3221225472
1071014829
2147483648
1072521586
1610612736
1072483733
3758096384
1071860633
536870912
1072524726
1073741824
1070803417
3221225472
1070565304
2147483648
1070513344
0
1072099810
1610612736
1068774229
0
1072339856
0
1071790060
3221225472
1069959679
0
1072100313
2684354560
1070886616
2147483648
1070724501
2147483648
1071318912
1073741824
1071644216
3221225472
1072015820
536870912
1072059028
1073741824
1071755722
3758096384
1071202193
3221225472
1072167625
1610612736
1070222297
2147483648
1066565308
0
1071713323
2147483648
1072035555
2147483648
1071136492
3221225472
1071856679
1073741824
1071447608
1073741824
1072417937
2684354560
1072010971
1073741824
1072092587
536870912
1071571352
0
1071343896
0
1072322182
3758096384
1072492629
3221225472
1071836993
2147483648
1072116796
3221225472
1071141801
1073741824
1071175900
2147483648
1069593800
0
1072288804
2684354560
1065910056
0
1071850804
2684354560
1070365815
0
1072124840
536870912
1070823221
0
1071072463
3221225472
1071922244
3758096384
1069658019
0
1072625823
2684354560
1071179152
2147483648
1071742839
0
1071497851
2147483648
1063632032
0
1068750747
0
1068576488
0
1071989656
1610612736
1071311272
1073741824
1069050027
0
1070846213
0
1071207641
2147483648
1072027524
2684354560
1071120903
1073741824
1072062207
1610612736
1072040512
2684354560
1072386890
1073741824
1072360317
3758096384
1072082469
2684354560
1072391584
1073741824
1072608853
1610612736
1071542295
1073741824
1072356957
2147483648
1072266798
0
1070569442
2147483648
1072317820
1610612736
1072314566
1610612736
1071319035
3221225472
1071435680
2147483648
1070912976
1073741824
1069298883
0
1066751776
0
1072397992
3221225472
1070636922
0
1070862350
0
1071461100
1073741824
1072693247
2684354560
61
