Uvec
2226355706
1072604694
3758096384
1072265387
1073741824
1069919388
0
1070638084
3221225472
1072392585
0
1071196092
2147483648
1068480596
0
1072455377
0
1070433046
2147483648
1071772252
1073741824
1067424952
0
1072290903
1073741824
1071585915
0
1072465113
3758096384
1072214638
3758096384
1070695729
2147483648
1072652091
2147483648
1072123561
1610612736
1071685460
2147483648
1072097270
1073741824
1071217443
1073741824
1071049383
2147483648
1071326944
2147483648
1070848395
0
1072115252
3221225472
1071659949
0
1070831400
2147483648
1072632472
2684354560
1069848917
0
1072307460
536870912
1069910581
2147483648
1069777090
2147483648
1069675996
2147483648
1072637880
2684354560
1070731088
0
1072509118
1610612736
1071355458
1073741824
1070871582
0
1072523420
2684354560
1072113512
1073741824
1069636915
0
1072492017
536870912
1072495134
3758096384
1071082622
2147483648
1071708978
536870912
1072197916
2147483648
1071039495
2147483648
1067959192
0
1071964604
3221225472
1071342678
1073741824
1072147512
0
1070723329
2147483648
1072351461
2684354560
1072114251
1610612736
1071940885
3221225472
1072112464
1610612736
1071879208
3758096384
1071872867
3758096384
1071095950
0
1071057219
0
1072251363
1610612736
1072282080
536870912
1072399251
1073741824
1072519743
3221225472
1070353870
2147483648
1071888137
0
1067007060
0
1072157188
3221225472
1071103335
1073741824
1071704780
2684354560
1069854972
2147483648
1068052566
0
1072606472
3221225472
1067537028
0
1067514378
0
1071388757
1073741824
1070320606
2147483648
1068758511
0
1069865122
2147483648
1072606497
3221225472
1071359379
3221225472
1072552655
536870912
1072148424
2684354560
1071724066
1610612736
1071460797
3221225472
1070744552
2147483648
1066567308
0
1070957687
2147483648
1069127621
0
1071035808
2147483648
1071916094
0
1072598345
1073741824
1072105467
2684354560
1072223872
536870912
1070462963
0
1072390890
3758096384
1070657045
2147483648
1071915856
536870912
1071461100
1073741824
1072693247
2684354560
12
