Uvec
2226355706
1069494492
0
1072660441
1610612736
1071521519
2147483648
1071236990
2147483648
1070361281
0
1071987849
2147483648
1071352103
0
1070804280
0
1067722570
0
1071907974
1610612736
1069652351
2147483648
1071925196
536870912
1070309700
0
1072067960
1073741824
1069518459
0
1072551579
3221225472
1070169397
2147483648
1072551662
2147483648
1070947894
3221225472
1072688909
0
1070847204
1073741824
1067972176
0
1072459843
3758096384
1072575509
2684354560
1072400582
1610612736
1066854908
0
1071701020
3221225472
1071737283
3758096384
1071038866
2147483648
1072642695
1610612736
1066700600
0
1071787451
2684354560
1069374571
0
1072572142
2147483648
1071383819
1073741824
1068917544
0
1069773327
2147483648
1072105044
536870912
1072350970
3221225472
1069459094
0
1072287304
1610612736
1070228655
2147483648
1072055714
1073741824
1071078954
1073741824
1067580352
0
1070187152
0
1066753448
0
1072531069
1073741824
1069065561
0
1071658171
1610612736
1071347803
1073741824
1070895345
1073741824
1071692776
3758096384
1071120995
2147483648
1071075704
0
1068913841
0
1069275694
0
1071414934
0
1070522308
2147483648
1070925538
1073741824
1072232825
2684354560
1071088563
2147483648
1071670590
1610612736
1072561312
3221225472
1071173160
1073741824
1072663372
1610612736
1072591691
2684354560
1070581737
2147483648
1072385246
1610612736
1067513630
0
1072208680
3221225472
1071651429
1073741824
1068013920
0
1072162902
1610612736
1072467135
1073741824
1072287118
3758096384
1069366510
0
1071272994
1073741824
1072477620
2147483648
1072664589
0
1071565203
2147483648
1069727143
2147483648
1072366903
2684354560
1070656095
2147483648
1071919293
2147483648
1069968810
2147483648
1068868774
0
1066546996
0
1072407882
0
1072046685
2684354560
1071826969
1610612736
1071856212
1073741824
1072688438
0
1072637888
0
1071744908
536870912
1072531036
3221225472
1071860905
3221225472
1070826644
1073741824
1071461100
1073741824
1072693247
2684354560
34
