Uvec
2226355706
1071926960
3221225472
1071397218
0
1071643919
2147483648
1070447136
2147483648
1071530009
2147483648
1071894638
3221225472
1072076383
3221225472
1072502489
3758096384
1071989457
1073741824
1071503010
3221225472
1071506038
0
1070206060
0
1071184691
1073741824
1072602533
2684354560
1070986566
2147483648
1070765170
2147483648
1070467633
2147483648
1069096444
0
1072240647
1073741824
1072440047
1073741824
1070721437
0
1071913173
3758096384
1072000209
3221225472
1071832799
2684354560
1071307371
2147483648
1072584405
2147483648
1070276786
0
1070949903
3221225472
1068063042
0
1070733197
3221225472
1069816019
0
1070865610
2147483648
1071342131
0
1071110472
1073741824
1071849106
1610612736
1072570121
3221225472
1072210402
3758096384
1071710584
1073741824
1071919367
2684354560
1072244738
2147483648
1071766095
536870912
1070090457
0
1072187589
3221225472
1072394294
2684354560
1070654832
2147483648
1072564956
2684354560
1072443252
2147483648
1071238970
1073741824
1070994495
3221225472
1071833015
1610612736
1070857134
1073741824
1066496604
0
1071914168
2147483648
1071670488
1073741824
1071964521
1073741824
1070901320
0
1068538688
0
1072604847
3221225472
1072682388
536870912
1072681940
3221225472
1071876796
1073741824
1072033029
1610612736
1070300804
0
1071454111
2147483648
1071414444
3221225472
1071714059
536870912
1065598888
0
1071722571
3221225472
1068925042
0
1071304891
3221225472
1071527393
3221225472
1068793536
0
1071659111
2684354560
1071956078
2684354560
1070462483
2147483648
1072167938
0
1068737924
0
1072538374
1073741824
1070883598
1073741824
1070168280
0
1071893766
3758096384
1072008191
2147483648
1069745468
2147483648
1070210098
0
1071939479
2684354560
1071409896
3221225472
1066474020
0
1071681629
1073741824
1071014508
2147483648
1072140991
3221225472
1069261666
0
1068606219
0
1067897564
0
1071346467
3221225472
1070046563
2147483648
1071984839
2147483648
1071655139
3758096384
1072296107
2684354560
1071461100
1073741824
1072693247
2684354560
55
