Uvec
2226355706
1071430290
2147483648
1068700489
0
1071736633
1073741824
1072635525
2684354560
1072415278
3221225472
1072506767
536870912
1072631233
1610612736
1070420511
2147483648
1067431204
0
1072034222
3758096384
1069149216
0
1071983307
0
1072217054
1610612736
1072674271
3221225472
1072369227
1610612736
1072544264
1073741824
1070046863
2147483648
1070785489
2147483648
1072515252
1610612736
1069513549
0
1070047231
2147483648
1070081012
0
1071832736
536870912
1070781571
2147483648
1071841339
1073741824
1070447811
0
1072264195
2684354560
1072064278
3758096384
1071401451
2147483648
1072091510
1610612736
1069678351
0
1070177067
2147483648
1071265686
0
1072241481
0
1070192746
0
1067452118
0
1072394777
536870912
1071153204
1073741824
1072326388
2147483648
1072620906
3758096384
1071947978
3758096384
1070780157
0
1071829514
3221225472
1069880102
0
1072412440
2684354560
1068475332
0
1071399793
0
1071696091
0
1070774213
2147483648
1068807142
0
1072596802
1610612736
1070782974
1073741824
1069849361
0
1066092872
0
1071072995
0
1069665626
2147483648
1071882031
1610612736
1069034050
0
1071607402
3221225472
1071144884
0
1071908896
536870912
1072238302
2684354560
1071046649
0
1069282838
0
1072610617
0
1070962650
0
1072241360
2147483648
1072383813
1610612736
1069973644
0
1072095126
1073741824
1072548186
536870912
1065563680
0
1070205625
2147483648
1072149482
2147483648
1072018586
3221225472
1072045301
0
1072628713
1610612736
1069871843
2147483648
1070991731
1073741824
1071067815
2147483648
1072281454
2147483648
1071827583
536870912
1071996435
1610612736
1068092672
0
1068882382
0
1068906626
0
1072045040
536870912
1072025560
536870912
1071925466
3758096384
1072155680
3758096384
1069729939
2147483648
1071935062
2684354560
1068737750
0
1072512196
2684354560
1072525674
2147483648
1072580942
3758096384
1068951702
0
1071437302
1073741824
1071461100
1073741824
1072693247
2684354560
30
