Uvec
2226355706
1069898065
2147483648
1070789244
1073741824
1070451688
0
1071257566
3221225472
1070312124
0
1071540655
0
1071230260
0
1071776104
1073741824
1071242072
0
1070806064
0
1071956681
0
1072367603
0
1070991737
3221225472
1070223658
0
1071947365
536870912
1070737184
2147483648
1066205104
0
1071914624
2684354560
1072426673
1073741824
1072147515
1073741824
1071927767
1610612736
1068415200
0
1071687806
0
1070802247
0
1071160184
2147483648
1072369278
1073741824
1072141653
536870912
1068769932
0
1068592411
0
1069841091
2147483648
1072601064
536870912
1069970914
2147483648
1071381223
0
1069120236
0
1070875776
0
1071553096
3221225472
1072687347
2684354560
1072463252
2684354560
1070550886
0
1072419113
1073741824
1071834838
2684354560
1072068435
2684354560
1067748396
0
1070977963
0
1071200672
3221225472
1067034300
0
1072315674
0
1067519790
0
1069729426
2147483648
1071653181
3758096384
1070929628
1073741824
1071343959
2147483648
1072315169
1610612736
1072689920
536870912
1072691313
2684354560
1071488370
2147483648
1071993794
3221225472
1071871609
2684354560
1071846756
3758096384
1071918114
536870912
1072605159
2684354560
1070459141
0
1072576807
536870912
1071551965
3221225472
1072214661
3758096384
1070739823
2147483648
1071969527
1073741824
1072483487
1073741824
1070674387
1073741824
1069100013
0
1071682003
1610612736
1071936231
3221225472
1072023743
3758096384
1069812459
2147483648
1070130112
2147483648
1072428869
3758096384
1071759086
0
1070715852
3221225472
1072359709
1610612736
1072378969
3221225472
1072140398
3758096384
1072412192
536870912
1072458596
2684354560
1072250458
3221225472
1070640688
2147483648
1072655544
1610612736
1071234752
2147483648
1071850079
2147483648
1072662515
3221225472
1072325796
536870912
1070328484
0
1071314165
1073741824
1070955003
0
1072384629
1610612736
1070591071
0
1069881064
2147483648
1072293468
536870912
1071918001
536870912
1071461100
1073741824
1072693247
2684354560
49
