Uvec
2226355706
1072422736
3221225472
1071789969
2684354560
1071727603
0
1070921765
3221225472
1070933572
0
1071490158
3221225472
1071132341
1073741824
1072431165
2147483648
1072597790
3221225472
1070285339
2147483648
1072147385
536870912
1069685227
2147483648
1072522167
0
1072230429
1073741824
1068885683
0
1071576607
1073741824
1069817669
0
1070835582
0
1069612102
0
1070126955
2147483648
1064653264
0
1068617672
0
1071212911
1073741824
1071538198
0
1071376673
1073741824
1072571670
2684354560
1070540851
0
1071959506
3758096384
1070823644
0
1070485835
2147483648
1072393231
3221225472
1070383831
0
1072422669
0
1072287391
1073741824
1069134204
0
1072275817
1073741824
1072538655
0
1072681133
2684354560
1072432252
2147483648
1072131217
536870912
1068866636
0
1072431222
1610612736
1072673231
2147483648
1070219465
0
1067165024
0
1067958508
0
1072609961
1073741824
1067908694
0
1071066477
1073741824
1071762116
536870912
1071742011
1073741824
1070731891
3221225472
1072183627
1073741824
1071731707
536870912
1071635490
2147483648
1071966262
2684354560
1069207857
0
1069584776
0
1071631922
3221225472
1071472923
1073741824
1072104633
536870912
1071923149
536870912
1067453654
0
1072111312
536870912
1070196203
0
1071832843
3758096384
1070743476
1073741824
1069280334
0
1070120625
0
1072683427
1610612736
1069224944
0
1069594766
0
1071176806
3221225472
1071215483
3221225472
1071039052
0
1071963698
2147483648
1067744326
0
1071931341
0
1066388256
0
1072423083
3758096384
1067402692
0
1071287282
2147483648
1070574914
2147483648
1072061936
2684354560
1071774769
2684354560
1070805599
0
1071642989
3221225472
1071719753
3758096384
1070106177
0
1072074524
1610612736
1071624882
0
1069670760
0
1070963626
2147483648
1069791524
0
1072298060
2684354560
1072600566
1610612736
1069740017
0
1069603809
0
1071461100
1073741824
1072693247
2684354560
73
