Uvec
2226355706
1072366844
1610612736
1072395179
1610612736
1071804553
0
1071995844
3221225472
1070660867
0
1071727993
2147483648
1072618520
2684354560
1071114875
3221225472
1071171299
0
1072245604
3221225472
1071822922
1610612736
1070989039
2147483648
1072611143
2147483648
1072323578
3758096384
1070675073
1073741824
1072556846
2147483648
1068041084
0
1072335251
2684354560
1067260980
0
1071227439
3221225472
1071275427
2147483648
1071175753
0
1071957133
0
1071398987
3221225472
1066883104
0
1070928881
1073741824
1070587508
2147483648
1071889061
2684354560
1071931681
3221225472
1072129072
0
1072136711
3221225472
1071812017
536870912
1072070555
0
1071060069
3221225472
1071029458
0
1071833487
536870912
1072094605
3221225472
1070448235
2147483648
1071892962
3221225472
1071951587
2147483648
1072387161
2684354560
1071350849
1073741824
1072192453
2147483648
1072171194
3221225472
1072591695
2147483648
1072520048
2684354560
1070830489
2147483648
1072363580
1610612736
1071838001
3221225472
1072584700
3758096384
1070709210
1073741824
1071790513
2684354560
1071677632
2684354560
1071613704
0
1072192358
2684354560
1070910254
3221225472
1069296958
0
1071697733
536870912
1072556076
2147483648
1072163957
2684354560
1072606086
536870912
1072525158
3221225472
1071744310
2147483648
1068331212
0
1072548437
536870912
1072252742
0
1072214374
0
1072561741
3758096384
1072632241
536870912
1070206217
0
1072072290
1610612736
1069737640
2147483648
1071483936
3221225472
1069926199
2147483648
1071078715
0
1070924154
2147483648
1072362609
1610612736
1068623580
0
1069253711
0
1069355469
0
1072528288
3221225472
1072666370
536870912
1072327210
3221225472
1072642214
3758096384
1068240988
0
1070596477
3221225472
1070461144
0
1071728211
0
1070624487
1073741824
1070821156
3221225472
1071748085
2684354560
1071765425
1073741824
1072520909
1073741824
1070635252
0
1071711477
3758096384
1069599566
0
1071197479
0
1071420827
2147483648
1071461100
1073741824
1072693247
2684354560
95
