Uvec
2226355706
1072260426
2684354560
1070508515
2147483648
1072251158
1073741824
1070577488
2147483648
1071598317
0
1070600579
3221225472
1070648015
2147483648
1071315830
0
1071493655
2147483648
1071790271
1073741824
1072628107
1610612736
1071125964
0
1071932588
0
1071622153
1073741824
1072303765
2684354560
1072556851
2147483648
1071552882
2147483648
1070743918
0
1071355017
0
1068740030
0
1071222862
3221225472
1072654255
3221225472
1071866348
1073741824
1070674027
3221225472
1066682664
0
1072538110
0
1069172333
0
1070168068
0
1070800331
1073741824
1070710899
1073741824
1067819958
0
1072181985
3221225472
1071656076
1610612736
1067603010
0
1072234050
1610612736
1069438121
0
1070534962
0
1068535875
0
1071754768
0
1072215043
536870912
1071862236
3758096384
1071912933
0
1071750073
1073741824
1070937149
1073741824
1071841374
2684354560
1071312330
1073741824
1072033746
0
1071927459
2684354560
1072376188
1610612736
1067777154
0
1072045003
2684354560
1072043022
1610612736
1072669085
536870912
1071256885
0
1071438735
1073741824
1072071718
3221225472
1072057384
2147483648
1072064489
1073741824
1072213078
2684354560
1072169125
0
1072660251
3221225472
1070946466
0
1071674839
3221225472
1072059722
0
1070654202
1073741824
1071551831
1073741824
1072471245
1610612736
1072333379
1610612736
1072048492
3758096384
1071818840
1610612736
1072242120
1073741824
1070158645
2147483648
1071486632
3221225472
1072128576
536870912
1069193251
0
1072066786
536870912
1069005321
0
1065913960
0
1069639626
2147483648
1069879110
0
1072154939
0
1071800175
3221225472
1071920618
2147483648
1070277839
2147483648
1071741989
1610612736
1071690426
536870912
1072377561
1610612736
1070637034
3221225472
1071178283
3221225472
1072640399
1610612736
1069482138
0
1071342174
0
1070022992
2147483648
1070335216
0
1070562186
2147483648
1072428428
536870912
1072644902
1610612736
1071674339
1073741824
1071461100
1073741824
1072693247
2684354560
82
