Uvec
2226355706
1070835535
3221225472
1071600767
1073741824
1071021332
0
1071461151
3221225472
1071415087
2147483648
1072666803
2147483648
1070557891
2147483648
1070538875
2147483648
1072081499
3221225472
1070773083
2147483648
1072381502
3221225472
1072662963
0
1072096689
2684354560
1072032440
3221225472
1070827583
1073741824
1070475933
0
1072008328
1073741824
1072451661
1073741824
1067142696
0
1068531388
0
1071450301
2147483648
1070284973
2147483648
1071773426
3221225472
1072033177
0
1069573623
2147483648
1071111928
2147483648
1071855858
536870912
1072656567
2684354560
1072302057
3221225472
1072397956
1073741824
1072561516
536870912
1071665079
0
1072626100
1073741824
1069371612
0
1069336061
0
1070020048
0
1071474349
1073741824
1071325227
0
1067875734
0
1072291502
3221225472
1072205719
1610612736
1071184075
3221225472
1070561740
0
1071494454
3221225472
1070754139
2147483648
1072505329
1610612736
1072198638
536870912
1072260272
0
1072352414
3758096384
1071204517
2147483648
1072226963
0
1072033248
2684354560
1069034562
0
1071182172
0
1070916038
3221225472
1069407451
0
1072239613
2147483648
1070633701
1073741824
1071236364
2147483648
1069904245
2147483648
1071607132
3221225472
1071906272
1073741824
1072184579
1073741824
1071582606
0
1069289048
0
1071805748
3758096384
1070413546
2147483648
1069580096
0
1072020597
1610612736
1072595785
3758096384
1071848012
3758096384
1072547688
3758096384
1072172316
2684354560
1072351953
1610612736
1067093428
0
1072350744
3758096384
1069626921
2147483648
1072623832
1073741824
1068760027
0
1071268036
0
1072029242
3221225472
1072025648
2684354560
1071122093
1073741824
1071290829
0
1069145496
0
1072610360
3758096384
1069350650
0
1072008118
2147483648
1072185021
2684354560
1071248693
2147483648
1071920728
1073741824
1071670628
536870912
1071016017
2147483648
1071662855
2684354560
1070785155
0
1070874671
0
1071894095
1610612736
1070714813
2147483648
1071461100
1073741824
1072693247
2684354560
33
