Uvec
2226355706
1071768291
536870912
1064602592
0
1070729890
1073741824
1071910127
0
1072515176
3221225472
1071938524
2147483648
1070632992
1073741824
1069093124
0
1070164089
2147483648
1072091266
1073741824
1068003236
0
1071983823
536870912
1071661515
536870912
1068608320
0
1071550325
3221225472
1071482342
0
1072681863
1610612736
1070010502
0
1072207412
3221225472
1072162099
3221225472
1071853545
1073741824
1065744776
0
1066470232
0
1072661153
3758096384
1071673395
3221225472
1072487706
3758096384
1072639893
536870912
1072250833
1610612736
1071934411
0
1072679351
0
1072670245
2684354560
1072560909
3758096384
1072470304
2684354560
1072165323
536870912
1072027906
1610612736
1071406430
0
1071732832
1073741824
1072139996
2684354560
1069881834
0
1072247123
1610612736
1072667176
536870912
1072062661
1073741824
1070562939
0
1070915128
2147483648
1072072807
536870912
1067903686
0
1067832814
0
1072336269
536870912
1071303919
1073741824
1071203919
3221225472
1072301991
1610612736
1070811257
2147483648
1071023202
2147483648
1072593131
3221225472
1071079275
2147483648
1072127264
3221225472
1072100771
3758096384
1071756845
1073741824
1071362871
1073741824
1072136858
3758096384
1069262162
0
1071223510
2147483648
1071743463
536870912
1072379544
2147483648
1072046137
2684354560
1068835485
0
1070809789
2147483648
1071717653
536870912
1071958182
1073741824
1070677196
1073741824
1069637769
0
1072601552
536870912
1072650922
1073741824
1069966299
0
1071720026
3221225472
1070862651
3221225472
1064621088
0
1071595713
2147483648
1071180982
2147483648
1071300514
2147483648
1072345633
1073741824
1070732983
2147483648
1069477720
0
1070111225
2147483648
1071712366
3221225472
1071922512
3221225472
1069649928
2147483648
1070405593
2147483648
1069165681
0
1070164436
0
1068372624
0
1071460818
1073741824
1072599207
1610612736
1070114166
2147483648
1071911804
1610612736
1069940058
2147483648
1070605564
0
1072226455
3758096384
1071461100
1073741824
1072693247
2684354560
71
