Uvec
2226355706
1071537641
2147483648
1072288546
3221225472
1072115774
0
1072056152
3758096384
1072324781
3221225472
1071762100
1073741824
1068852695
0
1072121646
1610612736
1070354208
2147483648
1071180872
1073741824
1072154154
3758096384
1071924291
1610612736
1071370538
2147483648
1072682445
2147483648
1066809416
0
1072447851
3758096384
1070329197
2147483648
1071091937
1073741824
1072673027
2684354560
1071199555
2147483648
1071710673
536870912
1072090852
2684354560
1069658566
0
1072024702
0
1072401536
2147483648
1062882432
0
1072494416
3221225472
1071424690
0
1069352988
0
1071222598
3221225472
1071012275
3221225472
1069538015
0
1070682049
3221225472
1069595928
0
1069688135
0
1072260489
536870912
1072077832
0
1072167766
1073741824
1070756700
1073741824
1071371221
0
1071204390
0
1072534721
3758096384
1070934254
0
1070371972
0
1070885880
1073741824
1072189658
1610612736
1072478800
536870912
1070759478
2147483648
1065523776
0
1071803424
0
1072156917
2684354560
1071302306
1073741824
1071696940
0
1071779018
2684354560
1072535009
3758096384
1066852832
0
1069044054
0
1072638995
3758096384
1072254997
3758096384
1071483471
0
1068563335
0
1072625024
1073741824
1071708097
1610612736
1071481753
3221225472
1072147681
3758096384
1071523491
1073741824
1066935612
0
1072640971
1073741824
1072242912
2684354560
1069963717
0
1072681384
536870912
1072681936
3758096384
1071764041
1073741824
1072421363
536870912
1071409020
2147483648
1072692916
3758096384
1070042759
2147483648
1070848952
2147483648
1070920871
1073741824
1070344274
0
1071341530
3221225472
1070882730
0
1069889508
2147483648
1072026986
1073741824
1068968374
0
1067234620
0
1071986703
536870912
1072554888
1073741824
1072482665
2684354560
1071557862
3221225472
1071419805
0
1070041133
0
1071904269
3221225472
1070070674
2147483648
1071653438
3221225472
1071625396
1073741824
1068045192
0
1072155443
1610612736
1071461100
1073741824
1072693247
2684354560
47
