Uvec
2226355706
1072321508
1610612736
1070909189
0
1071655896
3758096384
1071902184
1610612736
1071794071
3221225472
1072049137
2684354560
1072171285
3758096384
1072247255
2684354560
1069644832
2147483648
1072020533
536870912
1072536378
1073741824
1071315827
0
1071733873
2684354560
1071740098
2684354560
1072247130
3758096384
1071504429
2147483648
1072446573
536870912
1070730880
2147483648
1072086642
2684354560
1071703382
3758096384
1067549000
0
1070920409
2147483648
1070958169
0
1072676777
1073741824
1071996589
0
1070442983
2147483648
1070762803
0
1070969915
0
1072147257
3758096384
1069332406
0
1072144538
1610612736
1070459228
2147483648
1068997439
0
1072022907
0
1071278776
3221225472
1070469440
0
1072591029
2147483648
1071616980
2147483648
1071763673
0
1071556291
0
1072291582
1073741824
1072023360
0
1072609875
1073741824
1072593918
2684354560
1072485184
1610612736
1072085757
2147483648
1071959817
536870912
1071089150
3221225472
1072542849
536870912
1072575723
3758096384
1071350689
3221225472
1072321361
3221225472
1071774107
3221225472
1071463836
3221225472
1072277144
1610612736
1071838422
536870912
1072570295
3758096384
1072493263
1073741824
1069973022
0
1071667035
0
1072226932
1073741824
1072279802
1073741824
1070906306
2147483648
1068296390
0
1072339898
536870912
1071828290
1610612736
1072652006
536870912
1070462317
2147483648
1072255067
3758096384
1072664055
3758096384
1070913218
1073741824
1071675273
0
1071510946
3221225472
1069812161
0
1069622268
2147483648
1070765261
2147483648
1071681675
1610612736
1072048714
536870912
1069671567
2147483648
1067135284
0
1071355130
1073741824
1072226554
2684354560
1069427091
0
1070206800
0
1071786134
1610612736
1070712101
2147483648
1071740544
3221225472
1072222939
2147483648
1072638588
536870912
1068685501
0
1072028379
2684354560
1071227008
2147483648
1072375853
3221225472
1072518437
3221225472
1071487419
1073741824
1069725803
0
1072480210
536870912
1072403588
3758096384
1071461100
1073741824
1072693247
2684354560
80
