Uvec
2226355706
1072368196
3758096384
1069616882
2147483648
1066092664
0
1072188772
2147483648
1072249579
1610612736
1069506947
0
1071295709
2147483648
1071011358
3221225472
1072464091
2147483648
1071018962
0
1070746495
0
1071237790
3221225472
1072512219
1610612736
1071767270
0
1072122953
2684354560
1072265635
1073741824
1069023531
0
1072533701
3758096384
1068667084
0
1070035007
0
1072243274
0
1072257970
1610612736
1071964032
3758096384
1071989473
3221225472
1071839657
3758096384
1069512283
0
1069281826
0
1071300325
0
1069594437
0
1072624466
3221225472
1070714323
0
1071697682
3758096384
1072521140
3758096384
1065573880
0
1072405971
0
1068267030
0
1070413927
0
1071914603
1610612736
1072139186
0
1071132483
3221225472
1071582005
2147483648
1072075212
1610612736
1072538114
2684354560
1072364275
2684354560
1072035935
0
1072308638
0
1067706304
0
1071867178
0
1070629497
1073741824
1072581036
2147483648
1072032518
1610612736
1072161689
0
1071866264
3221225472
1071724111
1610612736
1072087689
3221225472
1071697263
3221225472
1071268732
2147483648
1072601185
3221225472
1072442570
2684354560
1070731877
3221225472
1071735918
1073741824
1070652401
2147483648
1072013440
2684354560
1071675618
3758096384
1069809310
0
1068371110
0
1072342503
1610612736
1067048276
0
1072502933
2147483648
1069701364
2147483648
1072538747
1073741824
1071642321
2147483648
1072292616
536870912
1072339454
1610612736
1072292783
1073741824
1072674173
2147483648
1070059348
2147483648
1072113570
1073741824
1072558831
2684354560
1070794091
0
1072676799
1073741824
1072165193
536870912
1069796190
2147483648
1070349640
0
1071649686
3221225472
1068788835
0
1072540655
3758096384
1071976806
536870912
1071791407
1610612736
1071904004
3221225472
1072664120
536870912
1068989181
0
1064330240
0
1070139679
2147483648
1072029896
3758096384
1071982337
3758096384
1072262146
3758096384
1071756831
0
1071461100
1073741824
1072693247
2684354560
89
