Uvec
2226355706
1071814622
2684354560
1070702025
2147483648
1067958840
0
1071030916
1073741824
1070381660
2147483648
1072098905
1610612736
1071261154
1073741824
1071342379
2147483648
1071866864
536870912
1072347480
3758096384
1069963890
0
1071846817
1610612736
1071261112
3221225472
1070077139
2147483648
1064864208
0
1071708690
1073741824
1072539246
0
1067465610
0
1072416921
1610612736
1071140795
3221225472
1072647971
2147483648
1068404494
0
1071844172
1610612736
1069673823
2147483648
1071840539
3758096384
1064096448
0
1072216901
3758096384
1072012911
536870912
1072418973
536870912
1071243456
2147483648
1072308763
536870912
1070821295
0
1070056605
0
1072251459
0
1069981904
0
1066304776
0
1071338277
0
1072626376
1610612736
1069518603
0
1070827306
0
1071910770
536870912
1071250407
0
1072451950
1610612736
1072504180
536870912
1071756937
2684354560
1072424976
3758096384
1072200687
3221225472
1072606128
3221225472
1071633463
1073741824
1072418865
3758096384
1070870539
0
1071028865
3221225472
1071707971
1073741824
1071999634
3221225472
1071993085
2684354560
1071674451
1073741824
1070431593
2147483648
1071850231
0
1072528492
3758096384
1070973581
3221225472
1072574857
3221225472
1070424832
0
1071659638
2684354560
1071718755
0
1071560752
1073741824
1072594715
2684354560
1070886921
3221225472
1069999044
0
1069895090
0
1068669551
0
1072442877
1610612736
1072339622
536870912
1072340219
1610612736
1071838629
2147483648
1072218299
536870912
1072143618
0
1071704690
2684354560
1068375436
0
1071009174
1073741824
1071007581
0
1072062278
1610612736
1069405733
0
1070694954
1073741824
1072238197
3758096384
1071515512
2147483648
1070890308
1073741824
1071351813
1073741824
1070391721
0
1071874341
0
1071681827
1073741824
1072033443
3758096384
1071959743
0
1071156886
3221225472
1072226858
1073741824
1070419727
2147483648
1071996470
3758096384
1071189325
0
1071845256
2684354560
1071461100
1073741824
1072693247
2684354560
84
