Uvec
2226355706
1071761543
0
1072615027
1610612736
1072642032
536870912
1072396814
1610612736
1071043330
0
1069654491
2147483648
1071364642
1073741824
1068386626
0
1071784154
536870912
1069859301
0
1069937019
0
1070964366
3221225472
1070400483
0
1072316159
3758096384
1069221895
0
1070011628
2147483648
1072056101
0
1070801208
0
1071875485
3758096384
1072067863
1610612736
1072061568
1610612736
1072488308
0
1071618330
1073741824
1072113922
0
1066915140
0
1070654295
2147483648
1071580012
2147483648
1072553247
1610612736
1071196293
0
1071251427
1073741824
1069623328
0
1072539610
2147483648
1072083209
3221225472
1071762919
1610612736
1071934631
2684354560
1071725584
536870912
1072412597
2147483648
1072415164
2684354560
1071693166
3758096384
1072051067
1073741824
1072220453
1610612736
1071430371
3221225472
1072336729
3221225472
1070761749
3221225472
1072626801
536870912
1072374211
1610612736
1071269878
0
1069849858
0
1070947421
2147483648
1071253914
1073741824
1072152015
2684354560
1071284885
0
1069254635
0
1072299371
2147483648
1072517612
2684354560
1071823684
3221225472
1069120056
0
1069184239
0
1071784049
3758096384
1071764674
0
1072185037
1610612736
1071824572
2147483648
1071814121
1073741824
1072467845
2147483648
1071826464
3221225472
1068477794
0
1072486756
1073741824
1071385599
2147483648
1072317185
2147483648
1072147370
2684354560
1068504893
0
1069680467
2147483648
1072617937
3758096384
1068665287
0
1071837624
536870912
1071067317
0
1072278022
536870912
1068815160
0
1069444347
0
1071700575
1073741824
1071933844
0
1070626781
0
1066441820
0
1070882081
1073741824
1071874205
3758096384
1072137559
3758096384
1069681757
2147483648
1071321511
1073741824
1072136527
1610612736
1072131777
3221225472
1070405187
2147483648
1071626343
1073741824
1072376487
1073741824
1072212636
536870912
1072203832
536870912
1071829117
3758096384
1071995420
536870912
1070934226
1073741824
1071461100
1073741824
1072693247
2684354560
9
