Uvec
2226355706
1072412041
536870912
1071299470
3221225472
1072505578
1610612736
1072401310
3758096384
1067693216
0
1070153082
2147483648
1071544418
1073741824
1067585522
0
1072222732
1073741824
1069228683
0
1072582649
3758096384
1070724945
1073741824
1072142704
2147483648
1068754913
0
1071178436
0
1071291183
3221225472
1071543547
0
1068544965
0
1070359710
0
1072452636
1610612736
1072000214
1610612736
1072523760
3758096384
1070324020
0
1071754085
2147483648
1067218336
0
1069679182
2147483648
1072245385
0
1072658446
2684354560
1071272133
0
1070035828
2147483648
1072313360
3221225472
1072102454
0
1070773540
0
1071114855
3221225472
1072200875
2684354560
1070276771
2147483648
1071684918
536870912
1071283531
2147483648
1068791214
0
1071765696
536870912
1072222404
1073741824
1070861994
2147483648
1072003844
1073741824
1069703937
0
1071933255
2147483648
1069476667
0
1070884467
3221225472
1072334517
3221225472
1072658793
1610612736
1070787587
1073741824
1071742994
1610612736
1072181164
0
1070794851
2147483648
1070622253
1073741824
1069711651
2147483648
1072188439
1073741824
1071886796
3221225472
1072533614
2684354560
1071052254
1073741824
1065517528
0
1071964029
2147483648
1070830062
0
1072434830
3221225472
1072489807
1073741824
1067359828
0
1071933135
1073741824
1070349703
0
1071727281
0
1071764231
0
1072339934
3758096384
1070171731
0
1071265352
0
1072569780
3758096384
1071791029
1610612736
1072049524
0
1072334274
2684354560
1070135113
0
1071994456
3758096384
1072582143
3221225472
1070965579
3221225472
1072018883
536870912
1072196012
1073741824
1072619738
2684354560
1071501141
0
1071370880
3221225472
1071764507
2684354560
1071413822
0
1071402347
2147483648
1071682984
2684354560
1072682147
1073741824
1072244762
3221225472
1071769534
0
1069826841
0
1072304433
1610612736
1072249957
2147483648
1067738378
0
1071888537
3758096384
1070659018
1073741824
1071461100
1073741824
1072693247
2684354560
2
