Uvec
2226355706
1072347305
536870912
1071665232
2684354560
1072033092
536870912
1071573031
3221225472
1072139834
2147483648
1071973771
1073741824
1070614402
0
1071447597
1073741824
1071011106
3221225472
1070887039
3221225472
1072085884
2147483648
1072037935
3758096384
1069873087
0
1071610291
1073741824
1071074488
1073741824
1072330039
3758096384
1071343965
3221225472
1072598733
1073741824
1071093102
1073741824
1072164581
1073741824
1071897525
0
1070733393
1073741824
1072335606
0
1072430724
0
1071718702
2147483648
1071118036
2147483648
1071365040
3221225472
1071817556
1073741824
1072429223
1610612736
1071095495
2147483648
1072593082
3221225472
1069766529
0
1071043318
2147483648
1071759609
2147483648
1070966936
3221225472
1072612835
3221225472
1072240411
3758096384
1071627977
2147483648
1066783744
0
1072497401
1073741824
1071860173
2147483648
1072612801
3758096384
1070115919
0
1069676522
2147483648
1072632707
1073741824
1070572947
2147483648
1071922814
2147483648
1072142560
1610612736
1066764096
0
1071818982
1073741824
1071726159
3758096384
1072612747
3221225472
1071916406
3758096384
1072693181
2684354560
1072435331
2147483648
1072178485
3221225472
1072193816
0
1069043254
0
1071982061
0
1071551435
2147483648
1071727759
1610612736
1071149228
0
1072103808
3221225472
1071212791
1073741824
1071894646
2147483648
1068319228
0
1070513084
2147483648
1068861989
0
1072343752
2147483648
1070395970
2147483648
1070600264
2147483648
1071813895
2147483648
1068099164
0
1071732774
2684354560
1069491988
0
1066934208
0
1071761059
2684354560
1071003943
2147483648
1072308378
3758096384
1071367967
0
1071069418
1073741824
1072618265
1610612736
1070785650
2147483648
1072033912
1073741824
1071464895
0
1070922101
1073741824
1072477223
2684354560
1070657720
1073741824
1071041124
2147483648
1069729270
0
1072688369
1610612736
1068399014
0
1069446302
0
1070637751
1073741824
1072048597
3758096384
1072600096
1073741824
1071637087
0
1071056066
0
1071461100
1073741824
1072693247
2684354560
1
