Uvec
2226355706
1071806613
1610612736
1069211304
0
1072658867
0
1071905061
1610612736
1071381427
2147483648
1072613636
3758096384
1072371514
1073741824
1069570841
2147483648
1070133339
2147483648
1072307825
3758096384
1072175695
3758096384
1072394747
2684354560
1070172383
0
1069563843
0
1068095618
0
1067153840
0
1070303287
0
1071773125
2684354560
1072344338
1073741824
1070820923
0
1071824987
2684354560
1071421799
1073741824
1072134671
2147483648
1072467218
0
1072110376
3221225472
1069233945
0
1069090171
0
1071960796
536870912
1070482919
0
1071444309
3221225472
1069764709
2147483648
1071864429
0
1066423728
0
1072384116
2147483648
1072362294
3221225472
1072144003
1073741824
1071376320
3221225472
1070646953
3221225472
1071993405
0
1071569272
1073741824
1071155626
2147483648
1071254705
3221225472
1070606853
0
1071614433
1073741824
1071626351
2147483648
1071096967
1073741824
1072023482
0
1072446844
1610612736
1071100287
0
1072114875
3221225472
1071369644
2147483648
1064690144
0
1072109978
1610612736
1071136498
3221225472
1071908405
1610612736
1070950402
1073741824
1072114858
2684354560
1066481232
0
1070708028
2147483648
1069685891
0
1070881837
2147483648
1071206810
0
1069601583
2147483648
1071718741
1610612736
1070683484
1073741824
1071178252
0
1071661600
1610612736
1072242692
0
1072091286
3221225472
1070705322
1073741824
1072475717
2684354560
1069699373
2147483648
1067512124
0
1070665762
2147483648
1070602561
1073741824
1071217085
1073741824
1072276959
2684354560
1071965194
2147483648
1071838017
3221225472
1072617303
3221225472
1071049817
0
1071705542
536870912
1071932219
3758096384
1072119722
3221225472
1072251108
3758096384
1070650367
3221225472
1071190970
3221225472
1072647746
536870912
1071652613
2147483648
1071243983
3221225472
1072621205
0
1072391707
2684354560
1071983298
2147483648
1071059521
0
1072211018
3221225472
1072220343
536870912
1070412609
0
1070890979
1073741824
1071461100
1073741824
1072693247
2684354560
93
