Uvec
2226355706
1069498751
0
1071886138
3221225472
1071941826
2147483648
1072089831
1610612736
1072508476
1073741824
1070844747
0
1071716352
1073741824
1071871846
1610612736
1070823238
0
1072637599
3758096384
1070134467
2147483648
1071725677
2684354560
1070708827
1073741824
1069848435
0
1068089908
0
1072011818
536870912
1071128495
2147483648
1072493363
2684354560
1071360810
2147483648
1071705461
0
1072021919
0
1072108456
1073741824
1071489272
2147483648
1071861819
2684354560
1072222201
1073741824
1070176404
2147483648
1072264648
1073741824
1072263725
2147483648
1070808788
0
1069652697
0
1069294764
0
1072661973
2147483648
1069070801
0
1071917382
2147483648
1070132569
2147483648
1070315985
2147483648
1069756728
2147483648
1069284766
0
1069594888
0
1072500354
536870912
1072628118
2147483648
1072545844
536870912
1068554489
0
1072328006
3221225472
1071372738
3221225472
1071770754
0
1069041791
0
1071222642
0
1071430997
0
1072446112
2684354560
1070790577
0
1069891051
2147483648
1071912243
0
1072520338
536870912
1071678205
0
1072190008
2684354560
1070778629
2147483648
1071774654
2684354560
1071016166
3221225472
1071513685
3221225472
1068502549
0
1072494854
0
1071868914
2147483648
1071249794
3221225472
1071261811
3221225472
1072469424
3221225472
1071716793
2684354560
1071039125
3221225472
1071788893
1073741824
1071036298
1073741824
1072494318
2684354560
1071185811
0
1066634820
0
1072216373
536870912
1070030317
0
1071798826
2684354560
1071496060
1073741824
1071520213
3221225472
1071122739
1073741824
1072219471
2147483648
1071879721
1610612736
1071713935
3221225472
1070881657
2147483648
1071901175
3221225472
1070994342
2147483648
1071817543
536870912
1072392184
1610612736
1072245545
0
1072456192
2684354560
1071821206
3221225472
1068809309
0
1070662700
2147483648
1072383680
0
1069868575
2147483648
1072251878
2684354560
1071940874
1610612736
1072328634
2684354560
1072564585
2147483648
1071461100
1073741824
1072693247
2684354560
32
