Uvec
2226355706
1072115742
536870912
1069899599
2147483648
1072279145
0
1072157324
2147483648
1069596851
2147483648
1071801878
0
1072595708
3758096384
1071706687
3221225472
1067847436
0
1072638025
2147483648
1072582930
1610612736
1071738600
0
1072067288
3221225472
1065181296
0
1072343402
1610612736
1071711324
1073741824
1071058894
0
1070162829
2147483648
1071874500
1073741824
1071430666
0
1072457596
3758096384
1072397321
3221225472
1072146377
2684354560
1069398728
0
1072099614
1610612736
1071317906
0
1072019850
2684354560
1070410785
0
1071705540
536870912
1071248306
2147483648
1067840356
0
1072559203
2147483648
1072676124
536870912
1070103154
2147483648
1071859102
0
1072651426
3221225472
1069620034
0
1071566412
0
1064996688
0
1072059772
2684354560
1069509520
0
1072421254
536870912
1072576021
1073741824
1072244419
1073741824
1072456919
2684354560
1069796035
2147483648
1064948160
0
1071742604
2684354560
1070620986
2147483648
1068397410
0
1070898270
2147483648
1070993866
1073741824
1072185904
2147483648
1072505775
2684354560
1072236408
2684354560
1072602168
3221225472
1072500701
1610612736
1071717808
1610612736
1069323673
0
1072008627
1073741824
1072293315
1073741824
1071759614
1073741824
1072391596
3758096384
1072363779
3758096384
1071693967
3758096384
1072606686
536870912
1072265413
2147483648
1070887130
1073741824
1070867207
3221225472
1071567338
1073741824
1072278684
3221225472
1070765871
2147483648
1071353961
3221225472
1072156311
2684354560
1071771541
2684354560
1072093136
3221225472
1071120300
3221225472
1071235272
3221225472
1071256129
0
1070830486
3221225472
1070731490
3221225472
1071410922
2147483648
1066685428
0
1070837322
3221225472
1071049796
2147483648
1069658850
0
1072624567
3221225472
1072551389
1610612736
1072419024
3758096384
1066948088
0
1072563425
2684354560
1068274938
0
1072045992
1073741824
1072077309
536870912
1072599428
3758096384
1071917878
3758096384
1070952667
0
1070333852
0
1071461100
1073741824
1072693247
2684354560
66
