Uvec
2226355706
1072578365
2684354560
1072576858
3221225472
1067852350
0
1071729446
3221225472
1071300486
3221225472
1072438470
0
1071614127
0
1070899425
2147483648
1071897386
0
1070849184
2147483648
1072553192
3758096384
1072629998
536870912
1070934830
2147483648
1072252158
1073741824
1057177600
0
1067600562
0
1072214041
2684354560
1070448481
2147483648
1071652410
2684354560
1072256427
536870912
1070750883
1073741824
1071949485
3221225472
1071856121
0
1071949073
3221225472
1071042601
2147483648
1072309041
1073741824
1071880182
1610612736
1071928080
0
1072553218
3758096384
1072343890
2147483648
1072353608
2147483648
1069805016
2147483648
1071997058
0
1069108114
0
1072646824
2147483648
1067667090
0
1069363072
0
1070764432
2147483648
1070154326
2147483648
1069950275
0
1071463857
1073741824
1071828627
2147483648
1071168150
1073741824
1071467984
2147483648
1072088880
1610612736
1070736851
1073741824
1072315441
1610612736
1071645763
1610612736
1072228535
3758096384
1072096284
1610612736
1071144742
0
1071467675
3221225472
1072139049
0
1071642294
0
1061487872
0
1071142084
3221225472
1072298513
1073741824
1070050361
2147483648
1070709226
0
1072062209
3758096384
1070502598
0
1072210497
2684354560
1071514514
3221225472
1071372304
1073741824
1068358060
0
1064172992
0
1070600370
3221225472
1071975285
2684354560
1070303091
2147483648
1071982672
0
1072652922
1610612736
1072078889
3221225472
1072424799
2147483648
1071152076
2147483648
1066300224
0
1070278696
0
1072570108
2684354560
1071941369
2684354560
1071984866
536870912
1070747893
3221225472
1070166352
0
1068814908
0
1070855171
3221225472
1070730265
2147483648
1069959028
0
1071165255
2147483648
1070932712
0
1072282964
1610612736
1072372394
3758096384
1070524667
0
1071864473
2147483648
1071186053
2147483648
1069244738
0
1070894239
2147483648
1071883997
536870912
1072578821
1073741824
1071647016
1610612736
1072388713
1073741824
1071461100
1073741824
1072693247
2684354560
82
