Uvec
2226355706
1070233651
0
1071543223
0
1070239064
0
1069593268
0
1072587664
2147483648
1066416416
0
1072555509
1073741824
1071978074
1610612736
1070931964
3221225472
1069852033
2147483648
1070049121
0
1071840722
536870912
1069832008
2147483648
1071903531
3758096384
1071731526
2684354560
1066510940
0
1070779730
0
1072225305
1073741824
1070959227
1073741824
1072319905
3221225472
1072287080
536870912
1072155819
3221225472
1072249144
0
1071023230
2147483648
1071466329
3221225472
1068058274
0
1069618018
2147483648
1071798827
0
1069358387
0
1070767176
1073741824
1071708611
1610612736
1071652256
1073741824
1071314534
3221225472
1071272088
1073741824
1069319901
0
1071085027
2147483648
1069974078
0
1071394638
3221225472
1072308647
1073741824
1070956609
3221225472
1071363514
3221225472
1066765236
0
1072495287
3758096384
1070472394
2147483648
1067745922
0
1070698231
2147483648
1072460736
1610612736
1071847777
1073741824
1071488391
3221225472
1071441110
3221225472
1071897951
1073741824
1071095002
2147483648
1070928388
3221225472
1071768885
2147483648
1069707339
0
1071922607
3758096384
1070784318
2147483648
1070967017
2147483648
1071423425
0
1070862978
3221225472
1069622747
0
1070762902
0
1071776028
2147483648
1071956853
3221225472
1070992991
2147483648
1069874707
0
1071207710
2147483648
1071818396
3758096384
1069567599
0
1072685672
3221225472
1069931617
0
1071288546
3221225472
1071347698
1073741824
1072152705
2147483648
1072141672
1610612736
1070565640
0
1070802208
3221225472
1069106861
0
1069964483
0
1070834337
0
1068232174
0
1072667305
1610612736
1072327673
3221225472
1069626019
0
1071576372
3221225472
1068382384
0
1071347697
0
1072520276
2684354560
1072315247
3758096384
1072264517
1610612736
1071970414
3221225472
1072311310
1073741824
1069346341
0
1072642235
1610612736
1072569063
3758096384
1072105794
0
1071705509
3221225472
1072459802
536870912
1071461100
1073741824
1072693247
2684354560
81
