Uvec
2226355706
1070059117
0
1070441532
0
1072686860
3758096384
1071905514
2147483648
1071918950
3221225472
1072083360
2147483648
1070688448
0
1066548300
0
1071267363
0
1071830279
0
1065541112
0
1070927883
3221225472
1071741214
536870912
1072189027
0
1072366114
2147483648
1071425813
1073741824
1072646869
3758096384
1072487727
3758096384
1070537872
2147483648
1071687192
536870912
1069680208
0
1071925907
3221225472
1070010516
0
1070621475
2147483648
1070984367
3221225472
1070145970
0
1072183887
1073741824
1071558199
3221225472
1070613184
2147483648
1071924091
2147483648
1071961133
1610612736
1071773799
0
1070992332
0
1065854224
0
1072153903
3758096384
1072132903
2147483648
1072223672
3758096384
1070806625
0
1072082152
536870912
1071406966
0
1070305532
0
1068336478
0
1072352262
1610612736
1071419207
0
1069596680
0
1072687533
2147483648
1071347989
1073741824
1072278638
3221225472
1070856072
0
1071419585
1073741824
1072274289
0
1070810928
3221225472
1071744861
536870912
1071809140
3221225472
1072211075
2147483648
1069390285
0
1070181354
2147483648
1069698473
0
1071635483
0
1070794810
0
1072353876
0
1072466748
0
1069779014
2147483648
1072113136
3758096384
1072656008
1073741824
1072686428
536870912
1071287754
0
1071439344
3221225472
1071969063
2147483648
1070296712
2147483648
1072196254
2147483648
1070794044
0
1071170608
1073741824
1071927081
3221225472
1072124660
0
1072247360
0
1071319642
2147483648
1072106272
3221225472
1064928256
0
1071888938
3221225472
1072675579
0
1071771542
3221225472
1072450094
536870912
1072189362
2684354560
1071108284
1073741824
1071519226
1073741824
1071393256
2147483648
1070694388
0
1069052289
0
1071757546
2147483648
1069653213
2147483648
1071900499
0
1072474142
2684354560
1070382422
0
1072193087
536870912
1071703316
2684354560
1072582140
2684354560
1072375389
2684354560
1071461100
1073741824
1072693247
2684354560
20
