Uvec
2226355706
1070002445
2147483648
1072432236
0
1070759888
2147483648
1070034837
0
1072214368
2147483648
1070966237
1073741824
1070287744
2147483648
1070965097
3221225472
1072237896
536870912
1071710043
1073741824
1072285816
536870912
1069249973
0
1071556088
1073741824
1072049805
0
1071375530
3221225472
1072459072
1073741824
1069789694
2147483648
1072359180
0
1072308335
536870912
1064763104
0
1071718449
2684354560
1070958949
2147483648
1072508596
3758096384
1072417465
1610612736
1068634612
0
1069325799
0
1072119092
2147483648
1068956351
0
1069895541
2147483648
1069091386
0
1071008202
0
1071847630
1610612736
1070783288
2147483648
1069170555
0
1071529199
1073741824
1071468433
3221225472
1064870496
0
1072592132
1610612736
1072421394
3221225472
1070973543
2147483648
1065991912
0
1072362035
0
1071651236
536870912
1072611486
3221225472
1069995453
2147483648
1072635854
3221225472
1071538014
3221225472
1071946767
3221225472
1072294857
0
1070110885
2147483648
1070733222
1073741824
1071494625
2147483648
1071372935
1073741824
1070929372
3221225472
1069940658
0
1071970059
1073741824
1072105031
2147483648
1072402285
1073741824
1071519530
2147483648
1067227896
0
1070739202
2147483648
1070004348
0
1072316002
1610612736
1072133263
1073741824
1072656377
536870912
1070691611
1073741824
1071599650
1073741824
1072357541
0
1072643834
0
1072427598
0
1070726788
3221225472
1072550299
3221225472
1071436306
1073741824
1072529841
2147483648
1069959138
2147483648
1072297376
2684354560
1071206176
1073741824
1070865704
3221225472
1070365274
2147483648
1072077086
3758096384
1071903610
1073741824
1072453149
3758096384
1071806700
536870912
1070317756
2147483648
1071726342
2147483648
1072582082
2684354560
1071724954
0
1072154054
3758096384
1071330057
1073741824
1071795457
2684354560
1072460462
2684354560
1070020737
0
1070565392
2147483648
1071769955
3758096384
1072561935
1073741824
1072280807
2147483648
1071253409
1073741824
1072302024
0
1071461100
1073741824
1072693247
2684354560
31
