Uvec
2226355706
1069574990
2147483648
1070807725
2147483648
1072347441
1610612736
1071847221
0
1069298625
0
1068824640
0
1067862590
0
1071985349
3221225472
1071604795
1073741824
1071774842
2684354560
1070510470
0
1071240172
2147483648
1072228601
2147483648
1069401186
0
1071963150
3221225472
1071781131
3758096384
1072173396
2684354560
1068490732
0
1071047511
3221225472
1071361064
2147483648
1070369654
0
1072535919
0
1072351341
536870912
1070228867
0
1071981516
2147483648
1072119822
2684354560
1069947405
0
1071759350
2147483648
1070650975
3221225472
1072253598
2684354560
1071499165
0
1072268628
536870912
1068230006
0
1072024853
2684354560
1070843643
2147483648
1069895046
0
1072535823
3221225472
1069238754
0
1071818129
0
1070005255
2147483648
1071455401
1073741824
1069396954
0
1072207290
2147483648
1072336104
1610612736
1072125043
3758096384
1071321934
2147483648
1072567431
536870912
1072286310
3758096384
1072128665
3758096384
1071916615
2684354560
1067931250
0
1070125383
0
1071588942
1073741824
1071982943
3758096384
1071428343
1073741824
1071373348
1073741824
1070959268
2147483648
1071792636
536870912
1071721380
0
1066944172
0
1070338634
2147483648
1071000024
3221225472
1070993228
2147483648
1070642979
2147483648
1072642606
2147483648
1072147943
536870912
1072153802
1073741824
1072344243
3758096384
1070427593
0
1071990846
2684354560
1071500316
3221225472
1072074881
3221225472
1071868630
2147483648
1072569251
3758096384
1068733018
0
1071816117
2147483648
1071716945
1610612736
1071944753
536870912
1070903648
2147483648
1072256998
2684354560
1069511800
0
1071456228
2147483648
1072684318
1610612736
1065894768
0
1071850225
2147483648
1071766893
3758096384
1070791977
1073741824
1072272298
3221225472
1071536518
3221225472
1072116824
0
1071732296
1610612736
1072154508
3758096384
1072413370
2684354560
1072461099
2147483648
1067616570
0
1072064888
2684354560
1069907328
0
1072405105
1073741824
1071461100
1073741824
1072693247
2684354560
79
