Uvec
2226355706
1071715582
1073741824
1071404970
1073741824
1071056115
1073741824
1072225264
1073741824
1069687985
2147483648
1069438562
0
1072649314
0
1070226308
0
1068816466
0
1071795827
2147483648
1067459184
0
1072254884
1610612736
1072189183
3758096384
1070887846
3221225472
1069729864
0
1070121621
0
1072495323
3221225472
1071606933
2147483648
1067865404
0
1072250464
2684354560
1071686068
2684354560
1071112771
0
1071669323
0
1070583042
2147483648
1072121517
0
1067949732
0
1072031097
1073741824
1071951424
2684354560
1071984566
3758096384
1071731171
536870912
1072642423
3758096384
1072388689
2147483648
1069269577
0
1072224545
1610612736
1071716140
3221225472
1068977124
0
1071188381
0
1071405305
0
1071279603
2147483648
1071555759
2147483648
1071569408
2147483648
1069568368
0
1070850526
2147483648
1072479127
2147483648
1072538433
2684354560
1072199260
2684354560
1072563777
3221225472
1070506431
2147483648
1072259326
0
1071914528
3221225472
1071900584
3758096384
1070036140
0
1071510325
3221225472
1072347261
1073741824
1071877823
1073741824
1069384589
0
1060331008
0
1072103594
1610612736
1071930784
1073741824
1070659412
1073741824
1071535152
1073741824
1072262519
1610612736
1070100298
2147483648
1070432857
2147483648
1072632563
0
1071526854
1073741824
1071415472
2147483648
1071125746
0
1072154216
0
1071807849
2684354560
1072403537
3758096384
1069839002
2147483648
1072330459
2684354560
1071970302
1073741824
1069413746
0
1071953222
2147483648
1071359073
3221225472
1069445140
0
1072338486
3758096384
1070923541
1073741824
1072560896
0
1068488018
0
1071702842
536870912
1072143036
536870912
1072469295
1073741824
1072286547
1073741824
1069073785
0
1071185281
1073741824
1071627353
2147483648
1072607843
2684354560
1072594297
2147483648
1072097376
0
1072003392
3221225472
1070895748
3221225472
1072692450
1073741824
1070441943
0
1072184799
2684354560
1072143298
2684354560
1071461100
1073741824
1072693247
2684354560
31
