Uvec
2226355706
1069686776
2147483648
1072477773
536870912
1071820439
3221225472
1071795441
536870912
1071715697
536870912
1070531312
2147483648
1070886908
3221225472
1071582550
3221225472
1071155777
2147483648
1071740857
536870912
1070918181
1073741824
1072595658
3221225472
1072261802
1610612736
1069958404
0
1066117888
0
1072061058
2147483648
1072330823
2684354560
1071264801
0
1069617926
2147483648
1072402298
1610612736
1071528792
2147483648
1072189902
1610612736
1072244651
536870912
1070905714
1073741824
1071623020
3221225472
1071401562
2147483648
1069643332
0
1067594548
0
1070683185
1073741824
1072067669
3221225472
1070881059
2147483648
1072540144
2684354560
1072147328
536870912
1070284320
2147483648
1071768627
1610612736
1071995936
1610612736
1071769426
1610612736
1071851693
536870912
1067537232
0
1071690613
2147483648
1072421756
536870912
1070201259
2147483648
1071596531
1073741824
1072163372
3221225472
1071831819
2684354560
1071284106
2147483648
1070705757
2147483648
1068991207
0
1071973554
0
1069767695
2147483648
1069954062
0
1069727580
2147483648
1071296644
2147483648
1072242086
2684354560
1071296108
3221225472
1072558711
3758096384
1071037254
2147483648
1071981761
3221225472
1070790181
2147483648
1072043579
536870912
1069975448
0
1070784414
3221225472
1071655450
3221225472
1071416147
2147483648
1072632407
0
1072671948
0
1071874740
2684354560
1072469980
1073741824
1071938801
2147483648
1069067430
0
1069925366
0
1072143525
2684354560
1072116593
2147483648
1071760448
3221225472
1071688026
1073741824
1072584753
2147483648
1067465978
0
1071640341
0
1070091855
2147483648
1072063967
1610612736
1072318133
3221225472
1071381646
2147483648
1072572145
2684354560
1072431900
536870912
1069986876
2147483648
1070985187
0
1070797007
0
1072355687
536870912
1070209649
0
1072485531
3221225472
1067760832
0
1071646080
2684354560
1071678729
0
1070929931
1073741824
1071887176
1073741824
1072157019
2684354560
1071726571
1610612736
1071984596
1610612736
1071461100
1073741824
1072693247
2684354560
60
