Uvec
2226355706
1070054002
0
1072452645
2147483648
1069273006
0
1069901503
2147483648
1072530935
3758096384
1070884474
3221225472
1068203044
0
1071706853
0
1072677870
536870912
1072225479
0
1071271616
2147483648
1069838230
2147483648
1072115160
2684354560
1072040779
1610612736
1071297744
0
1069506671
0
1071836072
3758096384
1066354440
0
1072153083
3758096384
1069008020
0
1072587573
3221225472
1072624313
1073741824
1072437381
2684354560
1071726519
2684354560
1071326076
1073741824
1072608528
3758096384
1071810699
2684354560
1064855856
0
1072241113
1073741824
1072179436
2147483648
1070994827
1073741824
1072147024
3758096384
1072057112
1073741824
1071748991
1073741824
1070821684
1073741824
1072621763
1073741824
1072512030
536870912
1070889098
3221225472
1072280641
1073741824
1072579636
2684354560
1071914373
2147483648
1072432929
3758096384
1070850886
1073741824
1072264896
3221225472
1072288405
1610612736
1072524759
1610612736
1071963936
3758096384
1071618189
0
1071730340
1610612736
1071520263
3221225472
1071393062
0
1071749795
2684354560
1072629580
2147483648
1072316278
2147483648
1063803264
0
1072519891
536870912
1071929101
3758096384
1071862612
536870912
1071351916
2147483648
1070700689
2147483648
1072545101
0
1070058794
0
1070794092
2147483648
1071742488
3221225472
1070778931
0
1071584974
3221225472
1068515887
0
1072681740
536870912
1071641103
0
1071759607
3758096384
1072605075
0
1069594030
2147483648
1070863970
2147483648
1072638810
2147483648
1069446155
0
1068682721
0
1070783064
2147483648
1072121384
536870912
1071061956
0
1072522922
0
1072309737
2684354560
1072620843
2147483648
1071754431
1073741824
1067078700
0
1071386165
0
1072259444
2684354560
1071725176
2147483648
1070879687
0
1070340523
0
1070804985
3221225472
1072667756
0
1070961676
3221225472
1070010748
2147483648
1072368918
0
1072192068
536870912
1072530975
2147483648
1068696650
0
1071843550
0
1071461100
1073741824
1072693247
2684354560
14
