Uvec
2226355706
1066635740
0
1072525273
3221225472
1072257289
0
1070756423
1073741824
1070610510
2147483648
1072611976
1073741824
1071979687
0
1072049048
2684354560
1072085452
3221225472
1065613368
0
1070359511
0
1071720451
3758096384
1071810267
3221225472
1071746104
1610612736
1072042864
2147483648
1071869689
2684354560
1072085472
1073741824
1072657086
1073741824
1072647490
3758096384
1069347806
0
1071371288
1073741824
1070889171
2147483648
1072556354
0
1069576681
0
1070144533
2147483648
1070899713
3221225472
1071838429
0
1071034618
3221225472
1066645992
0
1071943273
1073741824
1072662550
2684354560
1072637157
536870912
1071757833
2147483648
1072357473
2147483648
1071421651
1073741824
1072690402
0
1071775460
0
1070729055
1073741824
1071724414
3221225472
1071959319
536870912
1070777968
1073741824
1071059019
0
1071012547
2147483648
1072211453
2147483648
1069167962
0
1072500209
3758096384
1071534674
3221225472
1071740759
1610612736
1071435062
1073741824
1072237932
1610612736
1070206575
2147483648
1071696138
0
1071907311
1610612736
1072557161
3758096384
1072378292
3758096384
1071004819
0
1070139857
0
1070701795
0
1071027224
2147483648
1069395317
0
1067144204
0
1069448317
0
1069162378
0
1070961883
0
1071973166
0
1071681221
3221225472
1068889352
0
1071735594
3221225472
1070404550
2147483648
1072676316
1073741824
1072181482
2147483648
1072411091
1610612736
1072507145
3758096384
1070955721
2147483648
1070057259
2147483648
1071217731
2147483648
1072423826
2147483648
1071284930
2147483648
1070269159
0
1071647506
3758096384
1070722741
3221225472
1071525459
2147483648
1072672296
2147483648
1070152789
2147483648
1072021918
0
1071030025
3221225472
1071910554
2147483648
1070830489
0
1071701108
1610612736
1071472606
3221225472
1072044863
2147483648
1070014216
0
1071570533
2147483648
1069479977
0
1072559980
1073741824
1072511011
3221225472
1072608809
2684354560
1071974774
2147483648
1071461100
1073741824
1072693247
2684354560
21
