Uvec
2226355706
1068933908
0
1071541965
2147483648
1072604053
3758096384
1071622818
0
1071880127
1610612736
1068429684
0
1066508748
0
1072347876
0
1071999436
0
1072159005
3758096384
1071488673
2147483648
1072375332
2147483648
1072602995
1610612736
1069566000
0
1072007123
1073741824
1072204843
536870912
1071879546
2147483648
1071964294
3221225472
1071360093
3221225472
1071678938
2684354560
1071968313
536870912
1070492401
0
1071683583
2684354560
1070796536
3221225472
1072063094
0
1071950246
2684354560
1071855090
3221225472
1071759900
3758096384
1070609753
2147483648
1072489877
3758096384
1070970870
2147483648
1071557874
3221225472
1071868281
1610612736
1072466463
0
1070916511
3221225472
1071111208
2147483648
1070951552
2147483648
1072109271
2684354560
1070656166
3221225472
1071974244
2147483648
1071355688
3221225472
1072167397
3221225472
1071824651
3758096384
1072003392
1073741824
1069155204
0
1071268124
1073741824
1072190873
1073741824
1066657212
0
1069837421
0
1072211542
0
1072205707
1073741824
1072141252
2147483648
1071668471
3221225472
1072592589
2147483648
1069358134
0
1071960137
536870912
1067277608
0
1068995284
0
1070618917
1073741824
1070802571
0
1071213273
1073741824
1072101876
2684354560
1068684635
0
1072045400
2147483648
1068104346
0
1072643405
0
1071344105
0
1071594859
2147483648
1070693937
1073741824
1072450316
3758096384
1069692188
2147483648
1072035413
0
1071947664
0
1071842315
2684354560
1072436736
0
1071575463
0
1070501826
0
1071839343
2147483648
1071828889
3758096384
1071850056
0
1072282230
2147483648
1071299033
3221225472
1068572785
0
1071773910
2684354560
1069101068
0
1068524622
0
1071336446
2147483648
1068357694
0
1070715921
2147483648
1070785979
0
1070631106
2147483648
1072276605
2684354560
1072338758
1073741824
1068810455
0
1072482708
2684354560
1071187789
3221225472
1072604561
2684354560
1072500268
3758096384
1071461100
1073741824
1072693247
2684354560
56
