Uvec
2226355706
1069750069
0
1072528486
3221225472
1071290164
0
1070822837
2147483648
1072559767
2684354560
1071295778
3221225472
1071410521
1073741824
1069532726
0
1067103000
0
1071115737
1073741824
1072419063
1073741824
1070716565
1073741824
1070738199
1073741824
1071081016
1073741824
1071751907
536870912
1069981675
0
1070392069
0
1068731239
0
1072653806
2147483648
1072629564
1073741824
1068232852
0
1071304712
0
1070476112
2147483648
1070915150
3221225472
1068931899
0
1071863746
2147483648
1072534486
3221225472
1072491059
0
1070631934
0
1071935774
1610612736
1070681513
3221225472
1072589844
2147483648
1071138921
2147483648
1071145295
0
1071828364
536870912
1069072536
0
1069863148
0
1071936656
2684354560
1068547214
0
1070990885
2147483648
1069328718
0
1070341182
2147483648
1071745876
1073741824
1072208948
3221225472
1068811047
0
1072149061
1610612736
1072356213
2147483648
1071909693
2684354560
1072364488
1610612736
1072381744
2684354560
1068894971
0
1072595057
1610612736
1072009174
2684354560
1068393530
0
1072362595
2147483648
1071121722
3221225472
1071943700
0
1065968368
0
1069614908
2147483648
1071244056
2147483648
1071676833
536870912
1070123619
0
1072413431
1073741824
1072483861
536870912
1072080866
2684354560
1070565394
0
1070634150
1073741824
1069727263
2147483648
1072206011
3758096384
1072178605
536870912
1072560379
2147483648
1072287334
1610612736
1070818375
0
1070990131
3221225472
1069837591
2147483648
1072574683
3758096384
1072052598
2147483648
1065823288
0
1071543594
0
1070041389
2147483648
1067954466
0
1069126305
0
1071705841
1610612736
1072631202
1073741824
1071189246
1073741824
1072550150
2684354560
1071951849
3758096384
1068358436
0
1070627731
3221225472
1069976294
0
1070420010
2147483648
1070662805
3221225472
1070263224
0
1072604047
3758096384
1069793391
2147483648
1063230208
0
1069073844
0
1071412456
2147483648
1071461100
1073741824
1072693247
2684354560
5
