Uvec
2226355706
1070334990
0
1071005585
2147483648
1071487011
2147483648
1070990807
1073741824
1070939256
0
1072260963
1073741824
1071393049
2147483648
1071519888
1073741824
1071457807
1073741824
1071654592
3221225472
1072625926
3221225472
1069923469
2147483648
1071951332
3221225472
1071695008
0
1072381023
0
1069681665
2147483648
1071245357
1073741824
1072611070
2684354560
1072084272
3758096384
1071836679
536870912
1072274924
1073741824
1071307967
3221225472
1071925237
1610612736
1071228827
0
1071295437
0
1071254913
0
1071806745
2147483648
1070037367
0
1066983744
0
1071527121
1073741824
1071884877
2684354560
1072338586
536870912
1072351230
1610612736
1072039860
3758096384
1071008020
1073741824
1070870886
3221225472
1068487920
0
1069666789
0
1070324804
0
1071799722
536870912
1070644031
1073741824
1072317241
2684354560
1072692165
536870912
1071552162
3221225472
1071282387
3221225472
1070163182
0
1071895452
536870912
1072598999
3758096384
1072353241
1610612736
1071360642
2147483648
1069740960
2147483648
1069774244
0
1071102183
3221225472
1069581897
2147483648
1071783371
2147483648
1072043362
3221225472
1070374236
0
1072320647
536870912
1071976388
1610612736
1072124284
1610612736
1071432655
0
1072099784
1073741824
1069378640
0
1070889495
2147483648
1072395691
2684354560
1071980793
2684354560
1070856561
0
1071939964
0
1072007005
2684354560
1068955337
0
1066870436
0
1071787118
0
1069978460
0
1071656738
0
1071725109
2684354560
1072157069
1073741824
1066421480
0
1069877030
2147483648
1070183102
2147483648
1072106354
1073741824
1071797047
3221225472
1070947771
3221225472
1069927020
2147483648
1068023410
0
1071704571
2147483648
1068166880
0
1071258811
2147483648
1069604750
2147483648
1070494009
2147483648
1071731125
1610612736
1071556441
1073741824
1070750641
3221225472
1072681083
3758096384
1072151079
1610612736
1072441594
3758096384
1071040886
2147483648
1070792661
1073741824
1072613293
1610612736
1071461100
1073741824
1072693247
2684354560
61
