Uvec
2226355706
1071864423
2147483648
1072281257
536870912
1068967164
0
1072126245
0
1068644143
0
1070086350
0
1071405301
3221225472
1072017287
536870912
1071078869
1073741824
1071912402
3221225472
1072250134
1610612736
1071962138
3221225472
1072512136
0
1071193236
2147483648
1070699130
1073741824
1072534778
2684354560
1071795910
1610612736
1071976245
2147483648
1070368768
2147483648
1072042154
3758096384
1072551426
3758096384
1072679600
1073741824
1072147369
536870912
1069065996
0
1071873758
536870912
1072423622
536870912
1068124474
0
1072161040
2147483648
1069874377
2147483648
1072046101
1610612736
1072159610
2684354560
1072497986
536870912
1072458480
2147483648
1070590963
0
1072413732
1610612736
1071241451
2147483648
1070128773
0
1072119630
2684354560
1071855910
0
1071922685
0
1071033685
1073741824
1066709132
0
1072068070
1073741824
1072635361
1610612736
1071003366
1073741824
1072559219
2684354560
1070514029
0
1071714305
0
1072692250
1073741824
1070239618
0
1070671727
1073741824
1072338653
2147483648
1072521264
2684354560
1071279140
2147483648
1071883889
2147483648
1070874843
2147483648
1067313504
0
1069071251
0
1072216262
1610612736
1070924313
0
1072502876
1073741824
1072481899
3758096384
1071865389
3221225472
1071164802
2147483648
1072486857
3221225472
1072333741
3221225472
1070503131
2147483648
1072316255
3758096384
1072377690
2684354560
1072667967
2684354560
1072044249
3221225472
1071026214
0
1071149562
3221225472
1071959254
1073741824
1071383097
2147483648
1067100812
0
1072057173
3221225472
1070533569
2147483648
1072023099
2684354560
1066047528
0
1072532576
3758096384
1071820841
2147483648
1071843256
1073741824
1071584848
0
1070191977
0
1070524811
0
1070722527
2147483648
1072245527
1610612736
1071677889
2147483648
1070882058
0
1071366775
3221225472
1071847567
1073741824
1066920864
0
1067351720
0
1072422439
536870912
1071482105
2147483648
1071719060
3758096384
1071824630
3221225472
1071461100
1073741824
1072693247
2684354560
90
