Uvec
2226355706
1072546840
2147483648
1070153243
0
1071873107
1610612736
1070987338
1073741824
1072314559
2147483648
1072240577
2147483648
1070263872
0
1071677399
1610612736
1071145922
3221225472
1071138040
3221225472
1067678388
0
1072674371
2147483648
1070911250
3221225472
1072115222
536870912
1066848292
0
1071880440
2147483648
1072352650
3758096384
1071686964
0
1072381062
1073741824
1071845957
1073741824
1072432690
536870912
1071096474
1073741824
1068640348
0
1072691331
0
1072040934
0
1072653024
1073741824
1072393128
1610612736
1071786920
1610612736
1071774968
1073741824
1072123212
2147483648
1070396398
2147483648
1072295935
2684354560
1071892252
1610612736
1067897512
0
1072093480
0
1069631222
2147483648
1070071145
0
1071625416
1073741824
1070433938
0
1071112388
1073741824
1071711711
1073741824
1070681396
0
1071598588
0
1071630314
1073741824
1066512980
0
1067876252
0
1066823944
0
1071793118
0
1070530654
2147483648
1072557905
3221225472
1068512912
0
1072221746
0
1072385266
0
1069285196
0
1072091410
536870912
1071722325
536870912
1070065117
2147483648
1071278127
0
1072626713
3221225472
1072035327
2147483648
1069911497
0
1070740264
0
1068585177
0
1072550971
1073741824
1071199487
3221225472
1070607889
3221225472
1065918984
0
1070703671
3221225472
1068046116
0
1072230184
1073741824
1072255803
536870912
1069015057
0
1072210025
2147483648
1071570992
0
1071984540
0
1072588222
1073741824
1070374697
2147483648
1071969572
1610612736
1072109183
536870912
1067536968
0
1067291896
0
1071954874
0
1067612382
0
1070340972
2147483648
1072550349
1073741824
1071560845
0
1072324670
536870912
1068848815
0
1071751158
3221225472
1069688856
2147483648
1072648350
1610612736
1069597920
0
1072091103
3758096384
1071137134
1073741824
1071185965
1073741824
1072487233
1610612736
1071456998
1073741824
1072661075
2147483648
1071461100
1073741824
1072693247
2684354560
25
