Uvec
2226355706
1072484943
1073741824
1071526960
3221225472
1072036550
3758096384
1066326696
0
1071061844
1073741824
1072394997
3758096384
1071946287
2147483648
1071817552
1610612736
1070839089
2147483648
1072152270
0
1071793537
536870912
1068697806
0
1068924057
0
1071530906
0
1070485316
2147483648
1072325229
536870912
1072395405
3758096384
1072202873
1073741824
1072206276
3758096384
1071925290
2147483648
1070131401
0
1072122995
0
1069193236
0
1071824912
2147483648
1069850688
2147483648
1071086583
1073741824
1072221721
1610612736
1072258851
536870912
1071720480
2684354560
1070943531
1073741824
1071879262
0
1072333936
2147483648
1072666742
1610612736
1070174094
0
1072023041
2684354560
1071984516
2684354560
1070109716
2147483648
1070779045
0
1072573229
3758096384
1072146786
3221225472
1070056088
0
1071851381
3221225472
1070753910
1073741824
1070924963
2147483648
1068800825
0
1071731734
536870912
1072692104
0
1070918979
1073741824
1069082083
0
1072544214
3758096384
1072302586
2684354560
1071172148
3221225472
1070577426
0
1071840780
3221225472
1067485940
0
1072581344
3758096384
1072048344
536870912
1071813196
2147483648
1071693373
1610612736
1072442526
2147483648
1070082806
0
1072409920
3758096384
1072656412
1073741824
1071673939
3758096384
1070491343
0
1067101500
0
1070439547
0
1072392152
2147483648
1072576701
1073741824
1071659054
1073741824
1069854758
2147483648
1069069450
0
1072308691
0
1072137877
1073741824
1071579195
2147483648
1072547892
1610612736
1068210748
0
1064136352
0
1072299570
2147483648
1071646492
2684354560
1068441984
0
1072068969
0
1071866518
2147483648
1072524800
1610612736
1068226220
0
1072355661
3758096384
1069388841
0
1071150760
1073741824
1072098863
3221225472
1072114236
2684354560
1072207322
0
1072368109
2684354560
1071895454
3221225472
1072209071
1073741824
1067710950
0
1070247455
2147483648
1071117301
2147483648
1072376261
536870912
1071461100
1073741824
1072693247
2684354560
43
