Uvec
2226355706
1071863637
1073741824
1070941073
1073741824
1071659924
1073741824
1069853749
0
1072307511
1610612736
1067545656
0
1066887040
0
1070852057
0
1071918070
1073741824
1071209802
2147483648
1070387925
0
1070868464
2147483648
1072515936
2684354560
1072263654
0
1070095502
2147483648
1069585552
2147483648
1068663674
0
1071927339
1073741824
1069079836
0
1070667358
0
1069899764
0
1070756872
1073741824
1072393413
2684354560
1071579648
1073741824
1070704507
3221225472
1071629019
1073741824
1072084479
1610612736
1071735493
2684354560
1071191544
1073741824
1071668445
3758096384
1069963414
0
1072351552
2684354560
1072153148
1073741824
1071709291
1610612736
1069259382
0
1071907125
3221225472
1070790809
1073741824
1071037469
3221225472
1061352704
0
1070926572
0
1071802236
2147483648
1072527145
1073741824
1068129798
0
1072151877
1610612736
1071867179
1073741824
1072621204
2684354560
1067520718
0
1072126640
1610612736
1071430102
2147483648
1072159286
1610612736
1067230588
0
1064418112
0
1069676820
2147483648
1072618220
536870912
1071053491
0
1072074534
1073741824
1071464989
1073741824
1070980930
2147483648
1070526863
0
1072513185
0
1070529614
0
1070607638
0
1072120166
536870912
1072512792
1610612736
1069779414
2147483648
1072659347
3758096384
1070101102
2147483648
1071299723
3221225472
1071785732
3221225472
1072379751
3758096384
1069591168
0
1071056166
0
1070532909
0
1072668113
3758096384
1072541312
3758096384
1070246311
2147483648
1071989966
536870912
1072337798
2684354560
1071322686
0
1071668779
2147483648
1071810915
1073741824
1069107400
0
1068726694
0
1072602082
2684354560
1072465920
2147483648
1072630153
3758096384
1072352584
1610612736
1072537598
2684354560
1071931433
3221225472
1071830496
2684354560
1069556058
0
1069605857
0
1071476990
2147483648
1070366403
2147483648
1072652408
0
1068722057
0
1072683930
2684354560
1070786136
1073741824
1071461100
1073741824
1072693247
2684354560
71
