Uvec
2226355706
1072413811
2147483648
1069089538
0
1071212184
1073741824
1071841208
1610612736
1071555864
3221225472
1068906065
0
1070574232
0
1072351244
2147483648
1072199049
1073741824
1071893232
2147483648
1070973806
1073741824
1072134438
3758096384
1072406751
0
1068407576
0
1067337692
0
1072013202
0
1072079444
0
1071876270
2147483648
1067085212
0
1071419627
2147483648
1072439464
536870912
1072044436
2684354560
1071895402
2147483648
1070639683
1073741824
1071868601
0
1070353062
2147483648
1072687584
1073741824
1069798363
2147483648
1070298223
2147483648
1072223286
3221225472
1072653632
1073741824
1070280286
2147483648
1072408121
3758096384
1066478572
0
1067692656
0
1072347135
1073741824
1064869424
0
1072429532
3221225472
1063676864
0
1071602112
0
1072216318
1610612736
1070405644
0
1072194456
0
1065641360
0
1072457292
1610612736
1071692144
1610612736
1071452492
3221225472
1072170485
536870912
1070770796
3221225472
1071941288
3758096384
1069705470
0
1072065116
3758096384
1069970579
0
1072338541
2147483648
1070894439
0
1072124129
2684354560
1071208396
1073741824
1072050093
2147483648
1071452770
2147483648
1068540960
0
1072345349
3221225472
1071724899
1610612736
1069091854
0
1071597033
2147483648
1072367329
0
1071231033
0
1069789131
0
1071833726
536870912
1070842907
1073741824
1072150500
2684354560
1069919735
0
1072333318
1073741824
1071265172
3221225472
1071390522
1073741824
1070663228
0
1070654382
1073741824
1070933048
0
1072081738
2147483648
1070601449
3221225472
1072241303
2147483648
1072165910
1610612736
1072306594
0
1070857422
1073741824
1068946260
0
1072104319
2147483648
1070966615
1073741824
1072279961
3221225472
1071350575
0
1071026026
3221225472
1072470386
3221225472
1071513971
2147483648
1070387650
0
1071458640
1073741824
1069938309
0
1070936633
3221225472
1071597412
0
1072684584
1610612736
1066794368
0
1071461100
1073741824
1072693247
2684354560
37
