Uvec
2226355706
1072681138
3221225472
1072098809
2684354560
1072330035
536870912
1071675088
1073741824
1070921735
3221225472
1072067436
1073741824
1071267768
0
1071323511
2147483648
1069360343
0
1069809774
2147483648
1072386461
3221225472
1071319063
2147483648
1072458408
536870912
1072425161
2147483648
1071352493
2147483648
1071786179
3221225472
1068675658
0
1072158694
3758096384
1070562153
2147483648
1071510345
3221225472
1071357144
0
1072209013
2684354560
1072062524
536870912
1071087204
0
1069614660
2147483648
1071685070
2684354560
1072591424
2147483648
1072533101
3758096384
1072117311
1073741824
1070992375
2147483648
1068813752
0
1068526430
0
1070791223
0
1072080874
3221225472
1072501988
1610612736
1071003749
2147483648
1070747838
3221225472
1072486910
3221225472
1071894087
1073741824
1071825682
1073741824
1071711892
1073741824
1069937561
0
1071917512
3758096384
1070236346
0
1070686004
0
1071350931
0
1070901057
2147483648
1067906470
0
1072502504
536870912
1071762632
3758096384
1071981202
536870912
1070912080
1073741824
1072523717
3758096384
1071931519
2684354560
1072160088
0
1063342848
0
1072240830
2147483648
1072379989
536870912
1072172769
1073741824
1072200179
2684354560
1071921974
3758096384
1072304216
3221225472
1071977910
536870912
1069553794
2147483648
1071177017
2147483648
1070105942
2147483648
1068838013
0
1071629851
0
1072326604
0
1064773600
0
1071748524
2684354560
1072584861
3221225472
1071105753
1073741824
1072301479
1073741824
1072101408
2147483648
1071953506
536870912
1072407040
3221225472
1070869809
3221225472
1068224870
0
1070887680
2147483648
1070717663
0
1071734443
1610612736
1072564281
1610612736
1069556177
2147483648
1070880709
1073741824
1071668226
0
1071719690
1610612736
1069568897
2147483648
1072650584
1610612736
1072272790
3221225472
1071031095
1073741824
1072437402
3221225472
1067298240
0
1071925229
1610612736
1072253299
2684354560
1069966173
0
1070012121
2147483648
1071056464
1073741824
1071461100
1073741824
1072693247
2684354560
32
