Uvec
2226355706
1068139604
0
1072461809
536870912
1071675469
2147483648
1071903616
0
1069120231
0
1071745404
3758096384
1067840014
0
1072087759
1073741824
1072019744
1073741824
1071692986
2147483648
1072504488
3758096384
1071764844
2684354560
1069703934
2147483648
1072485532
1610612736
1072614301
2684354560
1070105996
0
1068273952
0
1072140361
2147483648
1072048571
2684354560
1072560894
1610612736
1071505161
2147483648
1071603985
2147483648
1070809521
3221225472
1069725111
2147483648
1071607638
2147483648
1072681992
1610612736
1071314640
1073741824
1071483915
0
1071261154
3221225472
1071817450
2147483648
1071973124
0
1069700688
2147483648
1072496920
1073741824
1071007435
0
1068466128
0
1071689896
1073741824
1072410639
3221225472
1072346453
536870912
1072426439
1073741824
1072112915
1073741824
1071939692
1610612736
1072223507
2684354560
1072535213
2684354560
1072371044
3758096384
1069844468
0
1072543528
0
1070291389
2147483648
1072175568
1073741824
1072232089
3221225472
1072591091
1610612736
1072088069
2147483648
1069303901
0
1071167451
1073741824
1072420174
2684354560
1071850677
536870912
1072323728
2147483648
1072448610
1073741824
1070226894
0
1071766225
3758096384
1072300087
1610612736
1071196100
0
1072150149
0
1071685516
1610612736
1072475026
536870912
1071710743
0
1070765383
2147483648
1071159696
0
1068563595
0
1070157248
2147483648
1069326365
0
1070881192
2147483648
1072099874
2684354560
1069189754
0
1068602701
0
1071879080
1073741824
1072458500
536870912
1072611887
3221225472
1072115883
536870912
1071608357
3221225472
1072612966
1073741824
1067525674
0
1071821902
3758096384
1072681174
0
1072522397
536870912
1067204976
0
1069585013
0
1070931355
0
1072289567
1610612736
1070905067
1073741824
1072216810
3758096384
1071196618
2147483648
1071481418
2147483648
1072385745
3758096384
1071719417
2684354560
1072015973
536870912
1072592978
2684354560
1071917093
1610612736
1069403296
0
1071461100
1073741824
1072693247
2684354560
66
