Uvec
2226355706
1070940211
1073741824
1068351846
0
1072526247
3758096384
1072333865
2147483648
1072443119
3758096384
1072135383
0
1072634425
1610612736
1069557847
2147483648
1072296924
0
1071917965
1610612736
1071654986
536870912
1071964911
3221225472
1072541117
3221225472
1072190063
1073741824
1069242201
0
1071910542
3758096384
1069750733
2147483648
1072101092
3221225472
1070687759
2147483648
1069425658
0
1071895802
1073741824
1071854103
536870912
1070100982
2147483648
1071635095
0
1072060370
3758096384
1071754195
3758096384
1070864283
1073741824
1072613960
1610612736
1071839400
536870912
1072278447
1073741824
1069271969
0
1068312718
0
1072649680
1073741824
1067839210
0
1071120320
1073741824
1070391574
0
1071879515
1073741824
1069945919
2147483648
1068707362
0
1072150758
0
1072272585
3221225472
1071910894
1610612736
1067656490
0
1071849617
2147483648
1069268421
0
1072473671
3221225472
1070027883
0
1071393289
3221225472
1072411439
3221225472
1071925133
1610612736
1070045830
0
1067574588
0
1070143660
2147483648
1072308519
536870912
1069601915
2147483648
1068523233
0
1069883091
2147483648
1071787099
3758096384
1071991436
1610612736
1071542517
2147483648
1072471763
1610612736
1066080952
0
1072242698
1610612736
1072023703
1610612736
1072079738
2147483648
1072332564
1073741824
1072126074
536870912
1069668440
0
1071665278
0
1072157250
3758096384
1072007385
1610612736
1072410060
3221225472
1072336134
3758096384
1072262532
3221225472
1069876313
2147483648
1072159777
1610612736
1070879306
2147483648
1072407226
0
1070489228
2147483648
1072264214
1610612736
1070918924
1073741824
1069099618
0
1072160723
3758096384
1071821250
3221225472
1072025171
1073741824
1071940549
2684354560
1069625501
0
1071264246
1073741824
1072666687
536870912
1071738862
0
1069702445
2147483648
1071358896
2147483648
1071229525
1073741824
1071906572
3221225472
1072315715
2147483648
1069016826
0
1072457731
1073741824
1070904457
3221225472
1071461100
1073741824
1072693247
2684354560
92
