Uvec
2226355706
1071608710
0
1071731858
2684354560
1072405178
1610612736
1072024505
1610612736
1072099037
536870912
1071971760
0
1069697516
2147483648
1072267285
0
1070620151
0
1068906327
0
1072013843
2684354560
1072063859
3758096384
1068608029
0
1070471741
0
1066121136
0
1067883144
0
1072377941
2147483648
1071401053
0
1072048003
3758096384
1072413223
3221225472
1071989241
536870912
1072342347
536870912
1071284389
0
1072205089
2147483648
1071827100
2684354560
1070380228
2147483648
1071303195
0
1071968067
3221225472
1071683775
0
1072200365
536870912
1069065056
0
1071384197
3221225472
1072024330
2147483648
1072135537
2684354560
1072508534
3758096384
1072454936
3221225472
1071496806
0
1071132926
3221225472
1068723010
0
1072301475
536870912
1071955622
3221225472
1071349294
2147483648
1069867308
0
1071983312
1610612736
1072070648
3758096384
1071666463
3221225472
1072498865
2147483648
1069842645
2147483648
1066890580
0
1069020851
0
1069336882
0
1070982956
2147483648
1072301532
3221225472
1069747169
0
1066813856
0
1071933470
536870912
1071566996
2147483648
1069338401
0
1072630306
1610612736
1071285785
3221225472
1071053553
3221225472
1068845753
0
1070756633
3221225472
1069754823
0
1070764960
1073741824
1069806902
0
1071777854
536870912
1072414269
3221225472
1072218719
3758096384
1072263078
1610612736
1067847530
0
1071473715
2147483648
1072169368
0
1071596867
2147483648
1070960772
3221225472
1071154378
2147483648
1070605150
0
1071973716
2684354560
1070976131
0
1071860919
0
1071318245
2147483648
1071868645
1073741824
1072112599
536870912
1067553176
0
1071305414
3221225472
1072414073
536870912
1072670479
3758096384
1072331269
1073741824
1071122714
2147483648
1072245462
2147483648
1071665103
3221225472
1070831454
1073741824
1071876868
536870912
1072563099
2147483648
1071702584
3221225472
1071546826
0
1067747336
0
1070460620
0
1071461100
1073741824
1072693247
2684354560
1
