Uvec
2226355706
1072378407
2684354560
1071665949
3758096384
1070828241
3221225472
1072277182
2147483648
1072548849
2147483648
1068313006
0
1070870513
3221225472
1072001451
536870912
1070707799
1073741824
1070835695
2147483648
1069274118
0
1072295492
2147483648
1071981474
3758096384
1070979982
3221225472
1072287259
536870912
1071550067
3221225472
1072475626
536870912
1072277742
2147483648
1072512669
0
1072170330
3758096384
1072358516
3758096384
1071938915
1610612736
1072025014
2684354560
1071620911
0
1071515024
0
1069803445
2147483648
1071528584
2147483648
1071692871
2147483648
1072566560
2684354560
1070978006
2147483648
1071493443
3221225472
1070326210
2147483648
1072214156
1073741824
1071897682
0
1071679855
3221225472
1072028196
0
1071514810
3221225472
1070006114
2147483648
1070501614
0
1068659340
0
1068901837
0
1070415497
0
1071182093
1073741824
1066450308
0
1071755295
2684354560
1068453890
0
1068999249
0
1071308158
0
1070971850
1073741824
1072555478
2684354560
1072672250
2684354560
1071338175
3221225472
1071919742
1073741824
1072639680
2147483648
1071584529
3221225472
1071955219
1073741824
1072532143
2684354560
1071002264
2147483648
1068702424
0
1071469124
2147483648
1072280626
2147483648
1071008828
0
1069993896
0
1072201073
2147483648
1072173202
1610612736
1072509529
2147483648
1071046116
1073741824
1072334444
1610612736
1070785247
1073741824
1072218117
2147483648
1071006266
2147483648
1072346410
3221225472
1071771864
0
1071170971
0
1070884837
3221225472
1071636472
1073741824
1072625552
1073741824
1071659067
2147483648
1067636998
0
1072393019
1073741824
1072588490
1073741824
1070074477
2147483648
1071553745
1073741824
1068304808
0
1068963515
0
1072260533
0
1071637669
0
1072034076
2147483648
1070786583
3221225472
1072502085
536870912
1072560537
536870912
1069586466
0
1072553918
1610612736
1069333399
0
1068036096
0
1070291218
0
1067457520
0
1071516218
0
1071461100
1073741824
1072693247
2684354560
69
