Uvec
2226355706
1072112413
1073741824
1072516876
0
1071567453
1073741824
1071859995
3758096384
1072258712
0
1072539332
2684354560
1070299828
0
1072117712
2684354560
1068958811
0
1071621861
3221225472
1069685307
2147483648
1070873629
3221225472
1070600218
1073741824
1072320032
536870912
1067595684
0
1072369459
536870912
1072108472
1073741824
1070704048
0
1068883586
0
1071165114
2147483648
1072392293
3758096384
1071957536
3758096384
1072090827
1610612736
1070602826
1073741824
1069247639
0
1071241095
3221225472
1070838490
1073741824
1070596376
3221225472
1072114243
1610612736
1072171549
2684354560
1069190562
0
1071043829
1073741824
1070399972
0
1072110021
536870912
1072064847
3221225472
1068843454
0
1071767036
2147483648
1070280125
0
1071909315
1610612736
1072240770
0
1071885359
1073741824
1072060222
3221225472
1072394914
1073741824
1071136362
3221225472
1072160064
536870912
1068973905
0
1071488459
1073741824
1071336424
2147483648
1071503515
0
1072353339
1610612736
1072289267
2684354560
1069858803
0
1071404004
0
1070604750
3221225472
1072147641
0
1070919601
3221225472
1070901079
1073741824
1070852504
2147483648
1070474235
2147483648
1072309199
0
1070872026
0
1070307632
2147483648
1072588253
2147483648
1071745723
2147483648
1070904153
2147483648
1070657156
0
1071251961
0
1072441063
3758096384
1070692497
2147483648
1072601581
2147483648
1072261912
3221225472
1068667666
0
1072058420
2147483648
1072315650
1073741824
1071447603
0
1072166472
1073741824
1072604263
3221225472
1071676002
3221225472
1072097741
2684354560
1068546835
0
1072103232
0
1071029445
1073741824
1066483216
0
1069008168
0
1068752296
0
1071795809
2684354560
1071874778
1610612736
1071536755
2147483648
1072616806
2147483648
1071331787
1073741824
1070687009
3221225472
1072324700
1073741824
1072548573
536870912
1071701268
1073741824
1072080396
1073741824
1071606173
3221225472
1069823550
2147483648
1072295739
2684354560
1071461100
1073741824
1072693247
2684354560
53
