Uvec
2226355706
1072002339
3758096384
1071678973
536870912
1071750631
1610612736
1070691886
3221225472
1070310649
0
1071063112
3221225472
1072099962
1073741824
1072121033
1610612736
1069445587
0
1071224507
3221225472
1071989230
3758096384
1071571155
3221225472
1072296295
1610612736
1069447636
0
1069621596
2147483648
1072425243
2147483648
1070935621
2147483648
1072656790
2147483648
1071351983
0
1070204902
2147483648
1068577517
0
1071252878
1073741824
1069672432
0
1071961122
3758096384
1071543110
1073741824
1071803349
3758096384
1072378601
1610612736
1072063971
536870912
1070960997
0
1072382599
1073741824
1071884189
0
1070691568
3221225472
1072270227
3758096384
1071512237
3221225472
1071318965
3221225472
1072502177
1610612736
1071655934
2147483648
1068145786
0
1071852114
1610612736
1072455649
2147483648
1072053082
3758096384
1070442143
0
1071536774
1073741824
1071675694
2684354560
1071760329
1610612736
1071822679
1610612736
1072535242
1610612736
1072166215
2147483648
1069009104
0
1071831077
2684354560
1070332977
2147483648
1071862588
1610612736
1072619836
2684354560
1072352969
1073741824
1072099065
2147483648
1072093833
536870912
1071201531
0
1071943484
1073741824
1065731240
0
1069120014
0
1065411792
0
1072426116
1610612736
1069309769
0
1072538616
536870912
1072173359
1610612736
1071603101
2147483648
1071015744
1073741824
1071755360
3758096384
1070651875
1073741824
1072558555
536870912
1069647455
0
1072536221
1073741824
1071805844
3221225472
1072175257
3758096384
1071809097
1610612736
1070254357
0
1072436152
3221225472
1072053661
2684354560
1072064733
2147483648
1072678847
0
1068442862
0
1071984934
1073741824
1069555948
0
1068968104
0
1072165123
3221225472
1071691718
0
1067491844
0
1070636315
3221225472
1070151662
2147483648
1072085342
3758096384
1072313416
2147483648
1072037585
1073741824
1070947436
2147483648
1072633342
3758096384
1070985373
2147483648
1070705028
3221225472
1071161952
1073741824
1071731032
2147483648
1071461100
1073741824
1072693247
2684354560
24
