Uvec
2226355706
1072146483
2684354560
1071755645
3221225472
1072604600
3758096384
1071541955
0
1072051082
536870912
1072422435
1073741824
1072540561
1610612736
1069349116
0
1069553216
0
1072490590
1610612736
1071874958
1073741824
1071859826
536870912
1071769710
536870912
1072380258
2147483648
1067576914
0
1072120950
536870912
1072144022
2684354560
1071838252
3221225472
1070888063
2147483648
1071967390
3758096384
1069402111
0
1072429138
0
1071733163
536870912
1063874720
0
1068043132
0
1071472866
0
1072651968
3221225472
1071835509
1610612736
1071860983
2147483648
1069386664
0
1072665967
0
1071729859
0
1071229178
3221225472
1072356915
3221225472
1070761997
0
1071956483
2684354560
1072364674
1610612736
1072632527
0
1069549474
2147483648
1072169932
2147483648
1071628316
3221225472
1071999837
3758096384
1071245303
2147483648
1071501085
1073741824
1072499168
2684354560
1071284971
3221225472
1072144060
3758096384
1068258992
0
1070360791
2147483648
1072549323
536870912
1072450723
1073741824
1072220833
1073741824
1069679448
2147483648
1071541915
0
1070926864
3221225472
1069594135
2147483648
1071745945
536870912
1070967545
1073741824
1068111026
0
1070620271
0
1071954293
2147483648
1071304164
0
1071833753
2147483648
1067672132
0
1071013452
2147483648
1072213397
2684354560
1070614472
0
1066208880
0
1072409999
536870912
1071930056
2147483648
1071831217
3221225472
1070121681
2147483648
1070879093
1073741824
1070210332
2147483648
1072288460
1073741824
1070773417
3221225472
1071132614
0
1072038073
2147483648
1070083309
2147483648
1064686544
0
1069315965
0
1072129569
2147483648
1072396879
3758096384
1069863843
2147483648
1066603800
0
1070719165
0
1071460653
0
1071596795
1073741824
1067683930
0
1072505563
3221225472
1070684160
0
1069765996
2147483648
1069674825
0
1072460478
3758096384
1069206204
0
1072029727
3221225472
1068877641
0
1066412492
0
1071461100
1073741824
1072693247
2684354560
94
