Uvec
2226355706
1071156959
3221225472
1070026148
0
1068543155
0
1070267619
0
1072605443
536870912
1072300902
1073741824
1067779366
0
1071513908
3221225472
1071428385
1073741824
1068251826
0
1069034605
0
1072191508
536870912
1071975422
1073741824
1062330304
0
1071644533
3221225472
1072094619
3221225472
1072045495
3758096384
1070245407
2147483648
1072154515
3758096384
1071022017
3221225472
1071813329
3758096384
1070506648
2147483648
1072230280
3758096384
1070796359
3221225472
1072436405
1610612736
1072495329
3758096384
1072127252
1610612736
1071865293
1073741824
1070259378
0
1070363679
0
1071357450
1073741824
1072331708
2684354560
1072276400
1610612736
1071335731
1073741824
1071404179
2147483648
1071954750
0
1072242219
0
1072622081
1610612736
1072310195
3221225472
1072510633
0
1067781212
0
1072341565
1610612736
1069394015
0
1069091410
0
1068098560
0
1068259242
0
1071354663
2147483648
1071983131
536870912
1072194822
3221225472
1071001703
3221225472
1070839103
0
1071797055
2147483648
1071700388
2147483648
1070956883
0
1066589524
0
1072126340
1610612736
1070412684
0
1071216467
0
1065446592
0
1071211574
1073741824
1072581835
1073741824
1070661311
3221225472
1070199268
2147483648
1070124330
0
1071135117
1073741824
1072209822
2147483648
1071899786
3221225472
1072150487
3221225472
1069996175
2147483648
1066895068
0
1071901564
1610612736
1069588801
0
1071038201
1073741824
1072504436
3758096384
1071279807
1073741824
1071755906
2684354560
1070749766
1073741824
1071112387
3221225472
1071957481
536870912
1071347797
0
1071287893
1073741824
1071047216
3221225472
1072261521
2684354560
1069963854
0
1071308346
2147483648
1070700899
0
1072542405
3758096384
1072516425
1610612736
1069121672
0
1069015809
0
1068316014
0
1072287476
1073741824
1071091469
3221225472
1071928759
0
1071888359
2684354560
1072340217
1610612736
1070420526
2147483648
1071646119
2684354560
1071461100
1073741824
1072693247
2684354560
43
