Uvec
2226355706
1072285458
1073741824
1069768127
0
1072308530
2684354560
1072407566
1073741824
1069922201
2147483648
1071172517
2147483648
1071710797
1610612736
1071351531
1073741824
1070561776
0
1071632834
0
1071950655
2147483648
1072305525
2147483648
1070698765
2147483648
1069298820
0
1071652009
3758096384
1071235190
3221225472
1070093626
2147483648
1071719047
2684354560
1072030358
3758096384
1072546220
2147483648
1071113366
3221225472
1071827494
1073741824
1066770660
0
1072398320
2684354560
1068247298
0
1072397321
3221225472
1071243575
0
1072686993
2684354560
1071029885
0
1068969374
0
1072530583
2147483648
1071097510
1073741824
1070041294
0
1069009004
0
1068144610
0
1070981351
0
1072518433
536870912
1071900502
1610612736
1071088325
3221225472
1070038496
2147483648
1072084634
1073741824
1072393354
3221225472
1070317913
0
1070181756
2147483648
1072554542
3221225472
1072245555
536870912
1072335040
1073741824
1071980051
0
1070660305
2147483648
1069943961
0
1071886183
1610612736
1072474784
0
1070689372
2147483648
1071966498
2684354560
1071223352
2147483648
1072616006
3758096384
1072190485
2684354560
1072692869
0
1070653408
3221225472
1071453254
1073741824
1070623249
0
1072072923
0
1070929000
3221225472
1069757347
0
1072683731
2147483648
1068816185
0
1068515625
0
1071222821
3221225472
1068752990
0
1072642972
3221225472
1070151778
0
1071821633
2147483648
1070205409
2147483648
1072188151
1610612736
1071709460
3221225472
1072361854
536870912
1071061633
0
1071798225
2684354560
1072157786
0
1072205462
0
1069902259
0
1065909880
0
1070801484
1073741824
1071924337
3221225472
1072582464
0
1070076944
2147483648
1071169282
2147483648
1069442798
0
1070183030
2147483648
1071691830
536870912
1070535017
0
1070481808
0
1071816737
3221225472
1072033166
2147483648
1072345281
1073741824
1072255388
536870912
1071107113
2147483648
1072661129
2147483648
1071461100
1073741824
1072693247
2684354560
49
