Uvec
2226355706
1072352755
1073741824
1069931838
2147483648
1068887797
0
1070840869
1073741824
1071679986
2684354560
1070719678
0
1070420565
0
1069562144
0
1072582332
0
1072540305
2147483648
1071101112
3221225472
1072589156
3221225472
1072007990
3221225472
1070626436
2147483648
1070974548
0
1071608402
2147483648
1071238483
3221225472
1071383687
1073741824
1072441130
3221225472
1070790689
3221225472
1066594620
0
1070983510
3221225472
1071917430
1073741824
1071554704
2147483648
1067985742
0
1070980154
1073741824
1070381025
0
1072343689
1610612736
1072309613
2684354560
1071937019
3221225472
1070930992
3221225472
1072510901
3758096384
1069948128
0
1071237285
1073741824
1072602825
3758096384
1071788465
536870912
1072060097
1610612736
1071551613
3221225472
1068927007
0
1070818631
1073741824
1072598804
536870912
1071917194
1073741824
1070221316
0
1071784607
3758096384
1070777935
1073741824
1072076093
536870912
1072302335
2147483648
1065155568
0
1071914114
2684354560
1071963368
3221225472
1069960033
2147483648
1069406895
0
1070516182
0
1072218330
3758096384
1072213513
2684354560
1071777462
536870912
1071248035
0
1070453354
0
1071564974
1073741824
1071717033
2684354560
1070238610
2147483648
1072056465
2147483648
1071674191
2147483648
1072569801
536870912
1072041103
2684354560
1070555006
2147483648
1070850399
1073741824
1070763443
2147483648
1069909550
2147483648
1067549414
0
1068524313
0
1068904459
0
1071714572
0
1072055884
536870912
1072247196
3758096384
1072542474
2147483648
1071880214
3221225472
1072012576
2147483648
1070791653
1073741824
1071667008
536870912
1072028088
1073741824
1070780510
3221225472
1072150642
536870912
1070608535
1073741824
1071868283
2147483648
1071915553
3221225472
1071180602
1073741824
1068519948
0
1067939522
0
1071413403
2147483648
1072387740
0
1071891958
1073741824
1069963676
2147483648
1069987620
0
1072398264
0
1071758166
1073741824
1071994653
2147483648
1069574668
2147483648
1071461100
1073741824
1072693247
2684354560
88
