Uvec
2226355706
1069115134
0
1071988983
0
1071808024
2684354560
1070740405
3221225472
1072130337
0
1072222264
536870912
1072247460
536870912
1070646985
0
1072389967
3758096384
1071018861
3221225472
1069796581
0
1072205837
536870912
1072340919
1073741824
1068914073
0
1072092326
2147483648
1071278452
1073741824
1071071867
0
1071981513
0
1071069222
1073741824
1071123324
0
1071386375
3221225472
1070775368
0
1071087797
2147483648
1068651076
0
1072140451
0
1072520056
2684354560
1065864504
0
1072430667
0
1072534630
536870912
1068111034
0
1072601642
1073741824
1071398978
1073741824
1072087041
3758096384
1069007869
0
1072141661
2147483648
1070072739
0
1070480925
2147483648
1071244617
3221225472
1071418265
1073741824
1071112453
3221225472
1068956952
0
1072096807
3758096384
1072288044
1610612736
1071940417
2147483648
1071862879
1610612736
1062782656
0
1072112063
1073741824
1067230620
0
1072117597
0
1071685278
536870912
1072134826
0
1072540881
3758096384
1071573968
1073741824
1070799138
2147483648
1066403488
0
1071761364
536870912
1070389333
0
1072653932
2684354560
1072478340
0
1071430989
2147483648
1072185364
1610612736
1072044826
0
1071778095
2147483648
1071850708
2147483648
1072670920
0
1070657164
1073741824
1071324980
2147483648
1070739140
0
1070723711
1073741824
1072458971
2147483648
1070929718
3221225472
1071550520
0
1071405664
0
1071336041
0
1068616970
0
1068977124
0
1072524052
1610612736
1070847951
2147483648
1071152982
3221225472
1072364474
536870912
1072188489
0
1071378887
0
1072319610
2147483648
1072001286
0
1070068553
2147483648
1071683415
1610612736
1071338401
2147483648
1071531703
2147483648
1072159261
2684354560
1070226902
0
1072524255
2147483648
1071877268
3758096384
1071203142
2147483648
1069859217
0
1071057019
2147483648
1072344501
1610612736
1070934561
0
1072319830
1073741824
1071461100
1073741824
1072693247
2684354560
44
