Uvec
2226355706
1070739828
0
1071486819
2147483648
1072188708
2147483648
1070279397
0
1071716337
3221225472
1071333392
0
1064711440
0
1072330445
2684354560
1070247184
2147483648
1071509254
1073741824
1069408925
0
1070769262
0
1071853479
3758096384
1069823946
2147483648
1072554562
3221225472
1069140321
0
1070024166
2147483648
1071854384
2147483648
1070022213
0
1071460730
0
1072689796
3221225472
1069389173
0
1072330943
2147483648
1069676892
2147483648
1069913631
2147483648
1071324585
3221225472
1071922286
2147483648
1071687579
0
1071709617
1073741824
1067518034
0
1071540520
3221225472
1071299709
1073741824
1072457959
1610612736
1071959551
2147483648
1067030888
0
1071827906
1610612736
1071830171
1610612736
1071179838
3221225472
1072010007
1610612736
1071360102
2147483648
1071553742
2147483648
1071285796
3221225472
1071045431
2147483648
1071679241
0
1072457602
3758096384
1070036238
2147483648
1072072203
0
1070888123
3221225472
1070666859
3221225472
1070489899
0
1071438736
0
1071889336
0
1071135211
1073741824
1072034108
3221225472
1072413253
536870912
1072345961
536870912
1067459208
0
1072207963
0
1070883511
0
1072646420
1073741824
1072633207
536870912
1071828110
2684354560
1071841015
0
1071031448
0
1072343001
1610612736
1072101905
0
1071774006
0
1071811067
536870912
1071968951
2684354560
1072525895
3221225472
1072022949
2684354560
1071643266
0
1071081785
3221225472
1064902368
0
1072295388
0
1070728094
1073741824
1072398910
1073741824
1065600816
0
1071590799
0
1068566629
0
1071078211
3221225472
1072231346
1610612736
1072271765
0
1072252297
1073741824
1071265058
3221225472
1072362034
1610612736
1072511414
3221225472
1071770964
1073741824
1071806960
3758096384
1072217686
3221225472
1066518864
0
1072161529
3758096384
1071155405
2147483648
1069826090
2147483648
1071615397
0
1071620146
2147483648
1071664134
3221225472
1072422774
0
1071461100
1073741824
1072693247
2684354560
64
