Uvec
2226355706
1071658653
3221225472
1068155154
0
1072619055
2147483648
1070823555
3221225472
1071684814
536870912
1069637564
2147483648
1070142803
2147483648
1066703040
0
1069649125
2147483648
1071990953
3221225472
1070785949
0
1070760624
2147483648
1071586798
2147483648
1071808862
536870912
1071989656
0
1071611952
0
1070186073
0
1071975147
3221225472
1072208449
3221225472
1070054169
0
1070494824
2147483648
1072607557
536870912
1071802000
2147483648
1071487385
2147483648
1071766405
2147483648
1070573827
0
1071562798
2147483648
1069572619
2147483648
1072313866
3758096384
1071680364
3758096384
1071712413
3758096384
1070688143
2147483648
1071057797
3221225472
1070677148
0
1072569884
2684354560
1072002810
0
1072652646
2684354560
1069967791
0
1070706567
1073741824
1071100989
3221225472
1066291520
0
1072369529
3221225472
1072351257
3758096384
1072185226
1610612736
1072397200
0
1072492393
2684354560
1071738394
0
1071694525
3758096384
1072589423
3758096384
1072308404
2147483648
1071298541
0
1071686252
536870912
1071771193
536870912
1071122950
3221225472
1071839431
1610612736
1071561918
1073741824
1071681787
1610612736
1071742048
2147483648
1070044043
0
1071250000
3221225472
1071707364
0
1070691712
0
1071723098
3758096384
1071642434
2147483648
1070050334
0
1071753720
536870912
1069260874
0
1072455762
2684354560
1072073709
2684354560
1068983659
0
1069932073
2147483648
1071329974
2147483648
1070342685
2147483648
1071719077
2684354560
1070539130
0
1072644275
3221225472
1071521806
1073741824
1071937125
2147483648
1068996216
0
1068975642
0
1066340112
0
1069618670
2147483648
1071403933
2147483648
1068803477
0
1072121427
3758096384
1071551657
3221225472
1072567363
3221225472
1071806871
1073741824
1072440914
3758096384
1065634336
0
1072361244
2684354560
1072006114
1073741824
1070675718
1073741824
1072493561
3221225472
1072498142
1073741824
1072385276
0
1072516722
536870912
1070423561
0
1071461100
1073741824
1072693247
2684354560
47
