Uvec
2226355706
1071094434
3221225472
1069824680
2147483648
1072093723
3221225472
1072445008
0
1065455864
0
1072460738
3221225472
1069678983
0
1070997499
1073741824
1072389176
0
1067722726
0
1072558943
1610612736
1069638334
0
1072338768
1610612736
1072397206
2147483648
1071962542
2147483648
1072201514
2684354560
1071042862
2147483648
1071003435
0
1071749936
2684354560
1072545053
0
1072334067
536870912
1071972432
1610612736
1072138799
536870912
1071634517
1073741824
1069354474
0
1070996275
3221225472
1072608047
3221225472
1072639189
536870912
1068609345
0
1072692650
3221225472
1072560264
1610612736
1071813047
3758096384
1072068238
1610612736
1068497502
0
1071502025
3221225472
1069425934
0
1072552019
1610612736
1071431141
3221225472
1072049945
3758096384
1072405638
0
1072533318
2684354560
1071053600
3221225472
1071762709
0
1072144773
3758096384
1072543357
3221225472
1071131946
2147483648
1071030333
2147483648
1071194522
0
1070619374
1073741824
1071756898
2147483648
1072231217
2684354560
1072124675
3221225472
1072585610
1073741824
1072026992
0
1072389138
2684354560
1067499062
0
1071806055
3758096384
1064254752
0
1067405572
0
1067238724
0
1071718658
3758096384
1072668600
3758096384
1067937268
0
1068682244
0
1070315985
0
1070770640
1073741824
1069569092
2147483648
1069169251
0
1072233956
2147483648
1071946672
2147483648
1068711689
0
1071549692
0
1071671871
536870912
1070650078
1073741824
1071945073
1073741824
1071800893
1073741824
1071653228
2684354560
1072351423
1073741824
1072354410
3221225472
1069081301
0
1071033392
1073741824
1072356556
2684354560
1072120971
3221225472
1071700592
0
1071676071
1610612736
1072169225
1073741824
1071919284
1610612736
1072212686
2684354560
1071897483
2147483648
1071105780
3221225472
1072335341
3758096384
1070450410
0
1071056011
3221225472
1070354550
0
1072035107
536870912
1072262883
3758096384
1072271259
1073741824
1072575700
3221225472
1071461100
1073741824
1072693247
2684354560
74
