Uvec
2226355706
1072317462
3221225472
1071925720
0
1072605802
0
1071862394
536870912
1070217629
0
1067948922
0
1072033141
2684354560
1072309410
536870912
1069964450
2147483648
1066660536
0
1070788635
2147483648
1068750381
0
1068630012
0
1070917055
2147483648
1071420680
3221225472
1071164841
0
1064370720
0
1072102737
2684354560
1070863297
2147483648
1070729820
1073741824
1069527622
0
1072557413
536870912
1071979901
3221225472
1070827440
3221225472
1068197958
0
1072341156
2684354560
1071933735
3758096384
1068165168
0
1071866516
1073741824
1072193964
536870912
1068255912
0
1071645763
2684354560
1071770661
3758096384
1072420824
536870912
1070560739
2147483648
1070832234
3221225472
1067092744
0
1072230895
2147483648
1072331586
1073741824
1072483444
3758096384
1066498488
0
1071175155
1073741824
1070243008
0
1071812579
3758096384
1066470408
0
1072364057
1610612736
1071946873
536870912
1070704420
0
1070046575
2147483648
1071558101
3221225472
1072579480
536870912
1070925417
3221225472
1070269764
0
1071112885
0
1071998554
3221225472
1068725689
0
1071424111
2147483648
1072569848
3221225472
1071228472
1073741824
1069034670
0
1071608014
2147483648
1071475348
0
1072332670
0
1068851886
0
1067424076
0
1071196739
1073741824
1072384515
3758096384
1071677421
1073741824
1071237282
0
1070241273
2147483648
1071976746
3758096384
1071929915
536870912
1072570569
3758096384
1070943300
3221225472
1072408174
1610612736
1072209837
536870912
1072278997
2147483648
1072616537
2684354560
1069878566
2147483648
1067516654
0
1071330145
3221225472
1070258604
2147483648
1070886095
2147483648
1071625134
3221225472
1069765859
2147483648
1070913130
0
1068610707
0
1072216356
0
1071280726
0
1072224769
2684354560
1072407517
1073741824
1072040801
1073741824
1072402031
1073741824
1071288414
3221225472
1071667676
2147483648
1071977075
0
1071783990
536870912
1069886907
0
1071461100
1073741824
1072693247
2684354560
86
