Uvec
2226355706
1071650518
536870912
1072077846
1610612736
1070111349
0
1070887019
2147483648
1072506071
536870912
1070424413
0
1070642493
1073741824
1072617462
2684354560
1070846528
0
1070897321
3221225472
1072386103
536870912
1069394963
0
1071900288
3758096384
1071444059
2147483648
1069788306
0
1072420211
2684354560
1072524149
1610612736
1072527663
0
1070671227
3221225472
1072390180
3221225472
1069367953
0
1070312481
0
1070647378
1073741824
1071657177
2684354560
1072203446
2147483648
1072608798
3758096384
1071680942
1073741824
1071140805
2147483648
1069295389
0
1072576763
2684354560
1070728649
1073741824
1072388597
2147483648
1072300158
0
1072622605
2147483648
1063047616
0
1072589176
2147483648
1072516683
1073741824
1072691920
2684354560
1072178231
536870912
1072054857
536870912
1072469092
1610612736
1071644514
0
1070882853
2147483648
1069293248
0
1072561448
536870912
1071796176
3758096384
1071713731
1610612736
1072486782
3758096384
1069671652
2147483648
1071220794
1073741824
1072651222
3758096384
1068896590
0
1072100850
2147483648
1071948725
3221225472
1072054992
536870912
1072655799
1610612736
1072621521
2684354560
1071696653
3221225472
1070824386
2147483648
1072085497
1073741824
1066923624
0
1071110341
2147483648
1071671985
536870912
1072640205
2147483648
1072087726
3221225472
1070287313
0
1072416901
2147483648
1070175353
2147483648
1070783645
2147483648
1072178333
3758096384
1071989459
0
1072174226
536870912
1071829344
536870912
1071007494
3221225472
1065479056
0
1071857540
3758096384
1069619552
0
1070753566
2147483648
1071797801
3221225472
1071256766
1073741824
1069095656
0
1070760143
2147483648
1071756395
1073741824
1069878300
2147483648
1072469558
1610612736
1072176432
3758096384
1070341946
2147483648
1071129483
1073741824
1072586835
3758096384
1071266255
0
1071525407
0
1071021836
3221225472
1072217797
536870912
1068740433
0
1068187198
0
1069571625
0
1065747856
0
1072495640
1610612736
1071461100
1073741824
1072693247
2684354560
68
