Uvec
2226355706
1066876292
0
1070913907
3221225472
1069227392
0
1070547019
2147483648
1068543857
0
1071313241
1073741824
1071641081
0
1067539302
0
1071781919
536870912
1069621156
0
1072168284
1610612736
1071357317
2147483648
1069083572
0
1069884267
0
1072476007
2684354560
1072263983
536870912
1071847270
3221225472
1071758053
3758096384
1071756684
3221225472
1072446408
2684354560
1069918566
0
1066874532
0
1067677544
0
1070906790
1073741824
1071306651
0
1071825288
0
1071320879
2147483648
1071247058
3221225472
1070622866
3221225472
1071787623
3221225472
1071363575
0
1069196030
0
1072414367
2684354560
1072291039
2147483648
1069400525
0
1071245836
2147483648
1071609739
3221225472
1070836860
1073741824
1071852855
3221225472
1071961899
2684354560
1070792842
3221225472
1070129359
2147483648
1071496071
2147483648
1070972495
2147483648
1070509732
0
1072122617
3758096384
1070892343
2147483648
1070970395
0
1069735076
0
1069734375
2147483648
1072573764
3221225472
1072102212
536870912
1071297638
1073741824
1069624940
2147483648
1069653345
0
1072209810
3758096384
1072189893
1610612736
1071656077
2684354560
1072639872
3758096384
1070672478
0
1071984722
536870912
1071749435
2684354560
1072359921
2147483648
1072304841
0
1072530601
3758096384
1068308790
0
1070930301
0
1070047252
0
1072318658
3221225472
1072433549
0
1071867877
1610612736
1069925541
0
1072403628
1610612736
1069595460
2147483648
1069746461
0
1072670570
2684354560
1070427300
0
1068595498
0
1070970959
3221225472
1070211896
2147483648
1070305304
0
1070919739
3221225472
1070459544
2147483648
1070711932
0
1072459788
536870912
1072494574
2684354560
1070177924
0
1069167808
0
1072213124
3221225472
1071069112
3221225472
1072585099
536870912
1072623088
0
1072012427
1073741824
1071454598
0
1071751228
2684354560
1071751512
0
1072030005
1610612736
1072430791
2147483648
1071461100
1073741824
1072693247
2684354560
25
