Uvec
2226355706
1071911141
0
1072327325
2147483648
1072277633
3221225472
1072523955
3221225472
1071080334
1073741824
1072001762
3758096384
1072661257
3758096384
1071329792
1073741824
1069830472
2147483648
1072379404
2147483648
1072280861
3221225472
1070667483
0
1072625948
3758096384
1070069451
2147483648
1071699309
2684354560
1068457548
0
1068131392
0
1069562209
0
1072578779
1073741824
1067809320
0
1071882579
0
1072322262
1610612736
1069875754
0
1072337249
1610612736
1070701444
1073741824
1070834086
2147483648
1071678034
3758096384
1070905465
2147483648
1069832558
2147483648
1071870450
1073741824
1070604921
2147483648
1071953583
3221225472
1070761672
1073741824
1070411881
0
1069580879
2147483648
1072657442
3758096384
1071270023
1073741824
1071153463
3221225472
1072069181
1073741824
1071453129
2147483648
1071842951
2684354560
1072540196
0
1067542104
0
1070109843
0
1071910361
0
1072521294
2684354560
1071756176
0
1071373472
0
1072612795
2147483648
1064103296
0
1071436456
2147483648
1071247875
0
1070797320
3221225472
1071697920
0
1070853886
2147483648
1070490217
2147483648
1071477558
1073741824
1071408708
0
1071041277
3221225472
1071296794
1073741824
1068108124
0
1071048746
3221225472
1067380612
0
1072516292
1073741824
1071599176
0
1070347849
0
1071750901
3758096384
1071821241
2147483648
1071870881
1610612736
1072644376
3758096384
1071258163
3221225472
1072450805
3221225472
1067510982
0
1071774896
3758096384
1071856738
2684354560
1069777416
0
1072054155
1073741824
1071707504
2684354560
1072476336
1610612736
1072238804
3758096384
1072033369
0
1072267219
0
1072459171
1610612736
1071656896
3221225472
1071470433
2147483648
1072601594
1073741824
1071038316
0
1072417992
3221225472
1072342343
2147483648
1068615192
0
1072429812
2684354560
1071557656
3221225472
1071858325
0
1071894923
2684354560
1072295823
3221225472
1072615775
3221225472
1072650681
1610612736
1071184701
3221225472
1071461100
1073741824
1072693247
2684354560
14
