Uvec
2226355706
1071367201
2147483648
1071880509
1073741824
1072302568
3221225472
1070882765
2147483648
1071448903
2147483648
1072055220
1073741824
1070028893
2147483648
1068816631
0
1072506574
2147483648
1069005175
0
1070881076
2147483648
1072539507
3221225472
1071674176
2684354560
1072527965
536870912
1071665634
3758096384
1070259482
2147483648
1072653785
3221225472
1071341208
1073741824
1071292731
1073741824
1071191580
1073741824
1070661893
0
1069597619
2147483648
1071581759
1073741824
1071933668
1610612736
1070559405
2147483648
1071716185
1073741824
1071232467
0
1071122233
3221225472
1069464870
0
1068765281
0
1069155328
0
1071670625
2684354560
1070119866
2147483648
1071826943
2684354560
1070648152
3221225472
1072172948
3758096384
1072005857
3758096384
1071909102
3758096384
1067483218
0
1072054675
1610612736
1071395467
3221225472
1069952170
0
1071824693
2684354560
1071746655
2684354560
1069692995
0
1070692569
2147483648
1070121933
0
1072543609
2684354560
1072625729
2147483648
1071340664
3221225472
1070384332
0
1072211000
3758096384
1072534745
2147483648
1069093451
0
1072589380
2684354560
1064956432
0
1072065373
3221225472
1072176097
1610612736
1072427819
3758096384
1071072259
0
1069496265
0
1071728709
3221225472
1071972737
0
1072064335
0
1072386429
2684354560
1070733104
2147483648
1071295129
1073741824
1072506359
3758096384
1070354599
2147483648
1071931197
536870912
1071675761
0
1071399577
1073741824
1070067040
2147483648
1071775594
2147483648
1070418060
2147483648
1071360478
1073741824
1070874077
0
1072133876
536870912
1071084766
3221225472
1072397430
3758096384
1068594431
0
1072537636
1610612736
1071562706
0
1072196427
3758096384
1071149756
0
1072203935
3758096384
1070028910
0
1072396885
3758096384
1071009501
1073741824
1069755194
0
1071098925
1073741824
1070506889
0
1069769815
2147483648
1069346374
0
1068837882
0
1072006554
2147483648
1072568789
2684354560
1071828673
3758096384
1071461100
1073741824
1072693247
2684354560
73
