Uvec
2226355706
1071745506
2684354560
1072294510
1073741824
1072574440
1610612736
1071864790
2684354560
1072461649
2684354560
1070396601
2147483648
1070741651
1073741824
1071815001
2147483648
1068354692
0
1070006104
2147483648
1072347280
536870912
1072230017
1073741824
1071412787
3221225472
1071578795
0
1069784540
0
1071667263
0
1068224894
0
1072482913
1610612736
1072028086
0
1069986343
2147483648
1071350469
2147483648
1071701481
1073741824
1072411860
1610612736
1071612875
0
1071355949
0
1072679712
536870912
1070477943
2147483648
1070530766
2147483648
1070324412
2147483648
1064405536
0
1071759129
3221225472
1069596428
2147483648
1071311697
2147483648
1071671106
2147483648
1067521812
0
1071982838
536870912
1072394383
1610612736
1072260422
2684354560
1071632510
2147483648
1070709476
2147483648
1069432177
0
1072570893
536870912
1068924433
0
1071687274
536870912
1068920824
0
1071066951
3221225472
1071289606
1073741824
1072489399
1073741824
1071736539
0
1072248345
1073741824
1070612005
3221225472
1072635706
1610612736
1067455636
0
1071915666
2147483648
1070227755
2147483648
1071925456
536870912
1066538912
0
1067313760
0
1072632939
3221225472
1071770222
0
1071859733
2684354560
1071954873
536870912
1071295537
0
1072416733
0
1071503546
2147483648
1071590330
3221225472
1068767672
0
1072616722
1073741824
1069632499
0
1072470296
2147483648
1071060441
1073741824
1072380982
3221225472
1069733665
2147483648
1070615255
3221225472
1071759884
1610612736
1072581174
1073741824
1069288032
0
1069242312
0
1071901730
3221225472
1072436950
2684354560
1072527085
2684354560
1071088118
2147483648
1071798913
2147483648
1069103099
0
1068829177
0
1072599667
3221225472
1071674367
536870912
1072213543
3758096384
1068172632
0
1072348575
3758096384
1071678661
0
1071768584
3758096384
1069973808
2147483648
1072673556
2684354560
1071907524
2147483648
1072192722
3221225472
1072263325
536870912
1070726968
2147483648
1071461100
1073741824
1072693247
2684354560
12
