Uvec
2226355706
1071757734
2147483648
1071949506
0
1071711004
1610612736
1070202238
0
1069508790
0
1069553284
0
1071368108
1073741824
1071881539
3221225472
1069428829
0
1071395831
3221225472
1067275632
0
1071197854
3221225472
1068863911
0
1070719716
3221225472
1069882226
2147483648
1071033793
0
1069793401
2147483648
1072066952
2684354560
1071776548
2147483648
1072301330
0
1071327970
1073741824
1071703988
1073741824
1071295332
0
1069297212
0
1072504480
3221225472
1071547126
2147483648
1069596902
2147483648
1072064793
1610612736
1072279541
2684354560
1072214511
3221225472
1070548844
2147483648
1070046082
2147483648
1066157072
0
1070839633
2147483648
1072616871
2684354560
1065485112
0
1072542799
3221225472
1072360938
536870912
1072017777
1073741824
1070784481
2147483648
1065734840
0
1071899492
2147483648
1070226647
2147483648
1072517015
3758096384
1069695078
0
1072591007
0
1067674416
0
1071876629
536870912
1072191193
1610612736
1072054538
0
1071635160
1073741824
1071688368
2147483648
1071887445
1610612736
1068115254
0
1072039909
1610612736
1072176103
2684354560
1071956021
0
1070868164
3221225472
1072208497
2147483648
1067326760
0
1066746656
0
1069910586
0
1071030583
2147483648
1071888721
2684354560
1069943211
0
1071386836
1073741824
1070572861
0
1070711405
0
1072566804
1073741824
1071741344
3758096384
1072135646
3758096384
1069953508
2147483648
1071948654
0
1070416907
0
1071903707
2147483648
1072347777
2684354560
1070446031
2147483648
1071319984
0
1072235916
1610612736
1072376156
2147483648
1071185531
0
1071910932
1610612736
1071522169
2147483648
1072664000
1610612736
1064900624
0
1067909650
0
1066504452
0
1071224679
2147483648
1072410121
2147483648
1070745298
0
1071709433
2147483648
1071281545
0
1070906743
2147483648
1072625615
0
1072231425
536870912
1071919863
2684354560
1070322034
2147483648
1066192792
0
1071461100
1073741824
1072693247
2684354560
19
