Uvec
2226355706
1072371312
0
1072640679
2684354560
1072192524
3221225472
1072270071
2684354560
1072544049
3758096384
1071496276
3221225472
1072019611
3758096384
1071685658
1610612736
1070304274
2147483648
1071359187
0
1072070003
1610612736
1068484794
0
1072341071
1073741824
1072275357
536870912
1072002568
1610612736
1072064156
2147483648
1071022164
0
1071344403
2147483648
1069852131
0
1072638136
536870912
1071938907
0
1066301248
0
1069485962
0
1072554562
3758096384
1071903983
536870912
1071706299
2684354560
1069703224
0
1072016360
2147483648
1066022880
0
1072269572
1073741824
1070513489
0
1072034411
2147483648
1069951433
0
1071975064
1073741824
1072338534
0
1071691169
2147483648
1069887084
0
1072284152
1073741824
1071879807
2147483648
1072300343
536870912
1072015276
2147483648
1071540166
0
1071930338
2147483648
1072347438
3221225472
1071525884
3221225472
1070579018
2147483648
1072401233
3221225472
1070209283
2147483648
1071831449
3221225472
1072029335
3758096384
1072319646
2147483648
1072575695
2147483648
1072103450
2147483648
1072217770
3758096384
1072667859
2684354560
1071126554
3221225472
1072330334
536870912
1069899974
2147483648
1071810019
536870912
1071659876
536870912
1071600758
1073741824
1071650355
536870912
1072053114
1073741824
1071152263
1073741824
1071826247
536870912
1069364492
0
1071165030
3221225472
1072034179
3221225472
1072026043
1073741824
1070381449
2147483648
1068773989
0
1072623918
3758096384
1071741777
2684354560
1071198810
3221225472
1072247594
3758096384
1069764938
2147483648
1071212677
0
1072460422
0
1071794372
536870912
1070645379
2147483648
1070458815
2147483648
1072473121
2147483648
1071575769
3221225472
1068251788
0
1070078057
0
1072276113
2684354560
1072455462
2147483648
1072335473
1610612736
1071581213
0
1067483340
0
1072105216
3758096384
1071318700
2147483648
1069815872
2147483648
1071796150
536870912
1070531202
2147483648
1068728830
0
1070339162
2147483648
1072310950
536870912
1071461100
1073741824
1072693247
2684354560
88
