Uvec
2226355706
1072019916
2147483648
1071226957
1073741824
1070636968
1073741824
1070482620
0
1072213624
0
1070842913
0
1071893626
3221225472
1072598662
2147483648
1072537337
536870912
1071146312
3221225472
1072389850
2684354560
1071887781
2147483648
1072049121
2147483648
1072424501
536870912
1071958525
0
1070602734
2147483648
1068920951
0
1071535198
1073741824
1071720860
2147483648
1070773588
2147483648
1070648730
1073741824
1071650092
3758096384
1070823446
3221225472
1070607373
2147483648
1068722080
0
1071215101
1073741824
1072165845
1073741824
1071683471
0
1072190590
536870912
1072474653
2147483648
1071421258
0
1069312604
0
1071246893
3221225472
1070668328
2147483648
1072285944
3221225472
1069953749
2147483648
1069082529
0
1070075321
2147483648
1070972255
0
1071473456
1073741824
1070973290
1073741824
1072050708
1610612736
1071727718
1073741824
1067546184
0
1071469543
2147483648
1068038222
0
1072149259
2147483648
1070996411
3221225472
1071701705
2684354560
1071811385
0
1071186023
2147483648
1071287407
3221225472
1069902250
2147483648
1072492117
1073741824
1068661805
0
1072478732
0
1070969007
0
1070138812
2147483648
1070593897
2147483648
1070989996
3221225472
1070934721
1073741824
1069602584
2147483648
1069674627
2147483648
1072306720
1610612736
1068962095
0
1069918015
2147483648
1068812377
0
1070587544
0
1072120336
3758096384
1071291545
1073741824
1072184505
536870912
1071139278
2147483648
1066096336
0
1071685038
536870912
1071722324
0
1071819235
3221225472
1072117587
536870912
1071922499
536870912
1072615482
3221225472
1072533571
2684354560
1071898003
1610612736
1071952746
1610612736
1072549016
536870912
1072516369
1610612736
1072305774
0
1071153708
3221225472
1072581652
1610612736
1069743659
2147483648
1068118882
0
1072564280
0
1071694204
2684354560
1069862600
2147483648
1070481684
0
1072651974
536870912
1072193583
3758096384
1066810872
0
1072453067
1610612736
1072339415
1073741824
1071461100
1073741824
1072693247
2684354560
72
