Uvec
2226355706
1067850542
0
1067477352
0
1072373115
1073741824
1072333280
0
1069953097
0
1071026285
3221225472
1069915432
2147483648
1071735418
0
1072584771
2147483648
1071562068
1073741824
1070954008
1073741824
1071694225
536870912
1071280773
3221225472
1070867227
2147483648
1070265942
0
1072001535
2147483648
1071296272
2147483648
1071870059
1073741824
1069040785
0
1072573405
3221225472
1072182039
536870912
1072368000
536870912
1072582661
2147483648
1072455459
3221225472
1070702959
3221225472
1069647551
2147483648
1070327104
2147483648
1072509387
3758096384
1070785838
3221225472
1072436799
536870912
1072511279
2684354560
1072564466
1073741824
1070394355
2147483648
1070802450
1073741824
1065488152
0
1071475927
3221225472
1072214918
536870912
1071704813
1073741824
1071887478
536870912
1072426772
2147483648
1071365418
2147483648
1072680876
3221225472
1071128807
2147483648
1072042799
3221225472
1071055700
0
1069991373
0
1072642796
0
1069477093
0
1072670485
3758096384
1072604959
0
1065008800
0
1071669564
536870912
1072349881
1073741824
1072513578
3221225472
1071721404
3758096384
1070857876
3221225472
1072491401
0
1072200296
3758096384
1072658344
0
1072494258
536870912
1071163130
0
1071980318
2684354560
1069251523
0
1070324110
0
1071222142
3221225472
1071714341
0
1072455624
536870912
1071857864
3758096384
1069489399
0
1066458624
0
1071249191
1073741824
1069600686
2147483648
1071138757
2147483648
1070304128
2147483648
1072638281
1610612736
1070688378
1073741824
1071902168
2684354560
1072655913
2684354560
1072064254
536870912
1072507095
1610612736
1072388121
0
1070500579
0
1071124360
2147483648
1071295652
3221225472
1071822366
536870912
1072618601
2684354560
1071594615
1073741824
1068994508
0
1070247056
0
1069978831
0
1070114396
0
1071692791
1610612736
1071901578
3758096384
1071776241
536870912
1072582163
3221225472
1070944198
0
1071133029
1073741824
1070425144
0
1071461100
1073741824
1072693247
2684354560
34
