Uvec
2226355706
1069730625
2147483648
1071956483
536870912
1068068580
0
1071195860
2147483648
1067968890
0
1070859262
3221225472
1071827015
536870912
1072078823
2147483648
1071926806
2147483648
1072075128
3758096384
1071709824
1610612736
1070955075
1073741824
1068820098
0
1072574818
1610612736
1069797134
2147483648
1069603425
2147483648
1072532675
3221225472
1071246092
2147483648
1070893313
3221225472
1065998776
0
1070270880
0
1071160101
1073741824
1071939852
3221225472
1070576981
2147483648
1070534204
2147483648
1067490272
0
1071010007
2147483648
1072403614
2147483648
1072114360
1610612736
1071831414
1610612736
1071622251
1073741824
1071980550
3221225472
1070828965
1073741824
1071791058
536870912
1072430134
2147483648
1067674002
0
1071274251
1073741824
1067629820
0
1071937166
1610612736
1072248542
536870912
1069625745
2147483648
1071983443
1610612736
1072396824
2147483648
1072058916
2684354560
1072308832
3758096384
1071953578
2684354560
1069282159
0
1071835131
2684354560
1071906765
2684354560
1072325024
2684354560
1070949061
2147483648
1071240019
1073741824
1071684622
3221225472
1071203917
2147483648
1071757177
3221225472
1071581165
2147483648
1070369176
0
1067132720
0
1071055622
2147483648
1069667374
0
1069398207
0
1072183675
0
1070997006
2147483648
1070515069
2147483648
1070723318
0
1071892641
2147483648
1071485253
0
1068763847
0
1071761928
1610612736
1070369150
0
1071481508
2147483648
1071899784
536870912
1072366922
3758096384
1070329900
2147483648
1071427440
2147483648
1071848860
1073741824
1072491413
536870912
1070215958
2147483648
1068715135
0
1070884525
1073741824
1072303321
1610612736
1070121965
0
1070716667
2147483648
1072154754
536870912
1069966450
2147483648
1068675743
0
1070888020
3221225472
1071133970
3221225472
1069618020
0
1072621613
2684354560
1070165113
2147483648
1070838708
2147483648
1071146958
2147483648
1071348364
3221225472
1072539565
1610612736
1069713946
0
1069528016
0
1070997342
3221225472
1071461100
1073741824
1072693247
2684354560
92
