Uvec
2226355706
1071891090
536870912
1070790522
0
1072336412
0
1069672637
2147483648
1072370775
3221225472
1071459943
2147483648
1070746827
3221225472
1071356270
1073741824
1070261209
2147483648
1071392168
3221225472
1072617941
1610612736
1071561437
3221225472
1071764012
3221225472
1072097585
2684354560
1071558398
2147483648
1072131035
2147483648
1072671749
2147483648
1072206792
3758096384
1072092743
536870912
1070771248
1073741824
1070927246
2147483648
1072291876
3758096384
1070967257
0
1071808582
1073741824
1071965271
2684354560
1072317437
2147483648
1071726937
2684354560
1069063483
0
1072037519
536870912
1071333973
2147483648
1072003672
1073741824
1072533232
1610612736
1072353738
536870912
1070221835
0
1072410647
0
1071810597
3221225472
1072236928
0
1070522287
2147483648
1071767441
1610612736
1070731203
1073741824
1066467544
0
1071267661
0
1072080526
536870912
1071797619
0
1067762256
0
1071970126
3221225472
1072318297
3758096384
1071487844
1073741824
1071754538
1073741824
1072417173
2684354560
1065679656
0
1072124224
1610612736
1072246945
2684354560
1071899260
536870912
1072610856
3758096384
1072650179
2684354560
1071418038
2147483648
1071277487
0
1071898077
536870912
1071918918
0
1071495219
2147483648
1072160662
2147483648
1071149704
1073741824
1069607578
2147483648
1067650642
0
1068590501
0
1071194472
2147483648
1072267919
3758096384
1071127649
0
1072145762
3221225472
1069723522
0
1070688542
0
1070671034
1073741824
1071658058
3221225472
1071950668
0
1072604161
2147483648
1070986549
2147483648
1069568966
0
1071543481
1073741824
1072396766
1073741824
1071221618
1073741824
1072095081
1610612736
1071452640
2147483648
1071616022
2147483648
1072344128
1610612736
1072056923
536870912
1067722630
0
1072053223
0
1071411293
3221225472
1071658565
536870912
1072324902
3221225472
1068036344
0
1071758070
2147483648
1072195481
536870912
1071685125
3221225472
1067969298
0
1071276522
1073741824
1072333465
0
1071461100
1073741824
1072693247
2684354560
40
