Uvec
2226355706
1072089758
1610612736
1070977985
2147483648
1071488143
2147483648
1072299770
2684354560
1070288528
0
1071140242
0
1067904772
0
1069996944
2147483648
1066713780
0
1072529741
2684354560
1065679824
0
1071338484
1073741824
1072257501
2684354560
1072666496
1073741824
1069591214
0
1072169446
2147483648
1072200476
0
1071173162
1073741824
1069820247
2147483648
1070565798
0
1071343623
0
1069601395
0
1072116452
536870912
1071977316
2147483648
1072466684
3221225472
1071977556
2684354560
1072434563
2684354560
1071835477
1610612736
1072137613
2684354560
1072497431
1073741824
1070463451
0
1068085536
0
1071611274
3221225472
1072147846
0
1071282167
2147483648
1072580142
1610612736
1071604511
1073741824
1072052705
2147483648
1071929197
2684354560
1070467465
2147483648
1071825735
2684354560
1071191272
3221225472
1070835742
0
1070354632
0
1071720002
3758096384
1072653035
1610612736
1071796202
1610612736
1071191322
0
1072655523
3221225472
1070079294
0
1072069365
3758096384
1071965339
3758096384
1068423200
0
1071144030
0
1072215139
3221225472
1072451018
3221225472
1072113883
0
1066628328
0
1066547408
0
1070641296
1073741824
1070043091
0
1066112696
0
1071955308
3221225472
1063792192
0
1070538932
2147483648
1072388597
3221225472
1067549002
0
1071170386
1073741824
1072322078
2147483648
1070791351
2147483648
1066986872
0
1070780075
1073741824
1071937787
2147483648
1071752006
2684354560
1071448668
1073741824
1071986512
3758096384
1071331565
2147483648
1070695740
3221225472
1072462994
2147483648
1070792229
3221225472
1071192359
0
1070781052
0
1068061262
0
1067559700
0
1070804542
2147483648
1071869640
3221225472
1072277689
2147483648
1072563467
2684354560
1071951951
2147483648
1071495164
2147483648
1071958047
0
1070720231
3221225472
1071059320
2147483648
1071820836
2147483648
1072605534
0
1070668677
3221225472
1070660237
1073741824
1072519867
0
1071461100
1073741824
1072693247
2684354560
12
