Uvec
2226355706
1069569317
2147483648
1071105846
0
1069787250
0
1071771328
536870912
1071226811
2147483648
1070617863
0
1072334854
1610612736
1069943780
2147483648
1071426457
0
1067871344
0
1072273889
2147483648
1072476700
2684354560
1071303469
0
1071682680
2147483648
1072352385
2684354560
1070746865
1073741824
1072094487
2147483648
1070052794
0
1067301124
0
1071842198
3758096384
1067037004
0
1069901804
2147483648
1072159906
0
1072616114
536870912
1072301568
536870912
1070713731
0
1071570288
1073741824
1069246893
0
1070709832
3221225472
1071697211
2684354560
1067902968
0
1071662227
0
1071905843
0
1072560433
2147483648
1070857915
3221225472
1071427506
1073741824
1068175452
0
1072126236
1610612736
1071730580
2684354560
1072316958
0
1070868123
2147483648
1072266186
1610612736
1071148812
2147483648
1069979493
0
1071434904
1073741824
1071907017
2147483648
1072394430
2684354560
1072432681
2684354560
1072432056
1610612736
1071372109
1073741824
1071773154
1610612736
1067647754
0
1071054722
3221225472
1071425387
3221225472
1072205912
1073741824
1070920544
2147483648
1071676716
0
1072006931
2684354560
1070528458
2147483648
1072214841
0
1072547142
3221225472
1071538312
2147483648
1070923876
2147483648
1071655666
536870912
1071780754
2684354560
1071927745
3221225472
1067156464
0
1069926810
2147483648
1068636901
0
1071989081
536870912
1068024608
0
1068233958
0
1072210977
1073741824
1068967752
0
1071965542
2684354560
1063317760
0
1072481644
2684354560
1067330696
0
1072387148
2684354560
1071129040
0
1070437531
0
1071978071
0
1070864270
0
1070817767
3221225472
1072049030
3221225472
1070279867
2147483648
1072559870
3221225472
1072496639
1610612736
1072433359
3221225472
1071070651
0
1070986278
1073741824
1071665493
2684354560
1072062562
2147483648
1072359210
536870912
1072341300
2684354560
1071687408
2147483648
1072030330
536870912
1072307262
3221225472
1071461100
1073741824
1072693247
2684354560
90
