Uvec
2226355706
1072122862
536870912
1071500550
2147483648
1069043022
0
1071634596
3221225472
1072095441
3758096384
1069147065
0
1064737488
0
1071665181
536870912
1071879899
3758096384
1070790183
1073741824
1071813136
1610612736
1072229849
3758096384
1070228496
2147483648
1071818600
2147483648
1071639453
0
1068989641
0
1070930160
0
1072136679
2684354560
1072318352
3221225472
1070563169
2147483648
1072602583
2684354560
1068450492
0
1066407872
0
1068035668
0
1072040467
2147483648
1067803506
0
1069821399
0
1071154671
1073741824
1068378328
0
1070616358
3221225472
1072180339
0
1070766176
1073741824
1071772172
2684354560
1071000498
1073741824
1072504242
2684354560
1064429824
0
1071852342
3758096384
1072405889
3758096384
1067925418
0
1070380230
2147483648
1070970710
1073741824
1071737202
1073741824
1070262506
2147483648
1072688762
1610612736
1071805142
3221225472
1069668391
0
1071264267
1073741824
1069896269
2147483648
1066274568
0
1071730078
3758096384
1071203413
2147483648
1071650477
3221225472
1072654140
1610612736
1071568225
1073741824
1072614724
1610612736
1072002186
2684354560
1071462212
1073741824
1072533685
2147483648
1072171932
1073741824
1072373632
0
1072470147
0
1071989131
3221225472
1071580940
3221225472
1072206144
1073741824
1070854987
2147483648
1071692100
1073741824
1072004773
2147483648
1071738440
3758096384
1067249868
0
1070772699
1073741824
1070744888
3221225472
1070656517
3221225472
1063729024
0
1070692281
0
1072595439
536870912
1069774463
2147483648
1067599394
0
1072626012
1073741824
1071847882
2147483648
1072344033
2147483648
1072526599
2147483648
1067204800
0
1070713190
0
1071684688
3758096384
1071628770
2147483648
1072355304
3221225472
1068256034
0
1072264322
1073741824
1071664541
1610612736
1071167690
2147483648
1072145409
2684354560
1070972460
1073741824
1071865487
1610612736
1070497324
0
1072112841
2684354560
1072501301
0
1069829698
0
1072557814
536870912
1071461100
1073741824
1072693247
2684354560
72
