Uvec
2226355706
1071880952
536870912
1071127580
1073741824
1072600834
3758096384
1071940104
3221225472
1070753853
1073741824
1071995584
2684354560
1071450655
1073741824
1072495633
2684354560
1071924042
1610612736
1070423444
2147483648
1072239194
0
1072567222
3221225472
1072483353
1610612736
1070697247
2147483648
1071451191
3221225472
1068539659
0
1072421243
2684354560
1066558492
0
1067548352
0
1071751812
2684354560
1071907268
2147483648
1071740037
2147483648
1071519709
1073741824
1071078296
2147483648
1072649602
3758096384
1069056065
0
1069314428
0
1070666925
1073741824
1070761300
3221225472
1072279285
1610612736
1072028461
2147483648
1072374069
2684354560
1072635577
3758096384
1071341159
2147483648
1071655339
1073741824
1071129074
2147483648
1072038126
3758096384
1072315382
2684354560
1071474468
0
1065214032
0
1070851437
3221225472
1069653100
2147483648
1072227413
536870912
1072355257
536870912
1072039947
2147483648
1070971139
3221225472
1071908681
1073741824
1071712210
536870912
1071726791
1073741824
1072413675
2684354560
1072533927
3758096384
1072491089
1073741824
1068553066
0
1072614633
1073741824
1068427534
0
1071662999
2684354560
1071476829
2147483648
1071913371
3758096384
1072338130
2684354560
1072232490
1073741824
1071717087
0
1070870058
1073741824
1069655336
2147483648
1068795036
0
1070696454
0
1068079282
0
1072626212
2147483648
1071174469
2147483648
1071666580
1610612736
1072054827
2684354560
1069953803
0
1072255879
2147483648
1070616368
0
1070180212
2147483648
1072239818
1073741824
1071200137
2147483648
1071944502
3221225472
1072432361
2684354560
1071084844
3221225472
1072474257
1073741824
1069565295
0
1071095362
2147483648
1071951513
536870912
1066648276
0
1071709785
2684354560
1070196232
2147483648
1071136201
3221225472
1071943912
536870912
1070678244
2147483648
1069613038
0
1072558128
1610612736
1072575870
3758096384
1071642822
3221225472
1072041675
1610612736
1071872920
536870912
1070975266
1073741824
1072677649
1610612736
1072154433
0
1071461100
1073741824
1072693247
2684354560
2
