Uvec
2226355706
1071813957
3221225472
1072185379
0
1067178676
0
1071314541
2147483648
1071699377
1073741824
1061819264
0
1071665689
0
1072091620
536870912
1069196589
0
1070733537
3221225472
1071937012
1073741824
1072148858
536870912
1072490037
0
1069566604
0
1070462651
0
1072280731
536870912
1071052090
3221225472
1072660652
2147483648
1071306657
1073741824
1072332574
3758096384
1070168051
0
1072117182
1073741824
1072637738
3221225472
1069441991
0
1072145001
1073741824
1071704108
1073741824
1070099430
0
1071838189
1073741824
1071992299
3221225472
1072518007
536870912
1071856421
1073741824
1071795729
2147483648
1072599723
1073741824
1070372139
0
1072166154
1610612736
1072506754
2147483648
1066939656
0
1072053656
536870912
1067813704
0
1072282179
536870912
1072474597
3758096384
1072286410
3758096384
1069253176
0
1071940574
536870912
1072151319
2147483648
1071834264
1610612736
1071881109
2684354560
1070931038
2147483648
1071945784
0
1071567718
0
1071812616
3221225472
1071223519
2147483648
1071405858
1073741824
1068011348
0
1072560360
2684354560
1067946932
0
1070962456
3221225472
1066879604
0
1071425368
2147483648
1071904618
1610612736
1072561280
3758096384
1072439029
1073741824
1071965411
2147483648
1071862411
3758096384
1071646579
536870912
1071521999
1073741824
1072629171
3221225472
1072014440
2147483648
1071308865
3221225472
1068766756
0
1072321918
2684354560
1072533396
1610612736
1072199229
2147483648
1069990541
2147483648
1070136637
2147483648
1070952511
3221225472
1071909716
2147483648
1072329920
536870912
1071880831
536870912
1072445642
2147483648
1071756764
1610612736
1065916760
0
1070512098
2147483648
1071392464
0
1072690270
1073741824
1071975790
1073741824
1070782209
2147483648
1071310092
0
1071805906
3758096384
1072116570
1610612736
1072184326
536870912
1069618019
2147483648
1071880841
2684354560
1072494374
3758096384
1068193388
0
1072218555
0
1070867789
3221225472
1070039144
0
1071461100
1073741824
1072693247
2684354560
33
