Uvec
2226355706
1071025711
2147483648
1071855594
1610612736
1071314146
3221225472
1072241596
2147483648
1072555984
3221225472
1070724650
3221225472
1072474042
536870912
1072519828
3221225472
1069644382
0
1072401514
2147483648
1072045374
3758096384
1070963990
2147483648
1072437184
0
1072691372
2147483648
1072136330
1073741824
1071300344
1073741824
1070960582
0
1069276420
0
1069613032
0
1070837627
1073741824
1072217624
0
1071863141
3221225472
1070285181
2147483648
1071730916
2684354560
1067978534
0
1071941822
2684354560
1069813986
0
1071719990
3758096384
1070365368
2147483648
1072138251
1610612736
1068976742
0
1072186968
2147483648
1072276729
3221225472
1071029356
2147483648
1071900488
1073741824
1072557091
1610612736
1072607306
3221225472
1070636821
2147483648
1071752852
1610612736
1071026670
3221225472
1070989858
1073741824
1072179031
0
1071266720
2147483648
1070628670
3221225472
1072013581
2684354560
1071817536
0
1071683044
2147483648
1072102306
1073741824
1068110154
0
1069563831
0
1072347268
2147483648
1072339799
1610612736
1070563028
2147483648
1070854323
0
1063561088
0
1072597322
1073741824
1071263805
3221225472
1069640343
2147483648
1071692516
536870912
1070824763
2147483648
1070361123
2147483648
1071203975
0
1071167932
1073741824
1071419879
3221225472
1071798494
3221225472
1069101915
0
1071792410
1610612736
1070965061
2147483648
1071688481
3221225472
1070629155
2147483648
1071165930
2147483648
1070959751
2147483648
1068022632
0
1072320212
1610612736
1070981928
0
1072051440
3221225472
1072210521
2147483648
1071805980
3758096384
1067357364
0
1070086700
2147483648
1071410292
3221225472
1071658383
3221225472
1071864765
3221225472
1072647391
1073741824
1072061431
1610612736
1072683032
1073741824
1071950936
1073741824
1072076413
0
1071953033
536870912
1069149809
0
1072414312
536870912
1070801989
2147483648
1071600468
3221225472
1071941016
536870912
1072514049
536870912
1071929053
536870912
1072558894
1610612736
1072341861
3221225472
1071461100
1073741824
1072693247
2684354560
36
