Uvec
2226355706
1072284526
3758096384
1067383168
0
1071751546
1610612736
1072149693
1610612736
1067610126
0
1072415960
3221225472
1071968169
0
1071749206
0
1069693211
2147483648
1069214229
0
1071914258
1610612736
1070602480
3221225472
1071429604
1073741824
1071648548
1610612736
1071649749
2684354560
1071446862
0
1071103244
1073741824
1071691021
1610612736
1071936861
2684354560
1069862860
0
1068674413
0
1071695863
3221225472
1072493506
1073741824
1069994664
2147483648
1072092657
3758096384
1070762646
3221225472
1071327049
3221225472
1072054537
536870912
1071255196
3221225472
1072149199
2147483648
1071625789
0
1071153200
3221225472
1070416052
2147483648
1069624794
2147483648
1071408283
3221225472
1071745633
3758096384
1071418717
1073741824
1068402534
0
1072115283
2684354560
1070512408
0
1071717197
1610612736
1071785328
1610612736
1070629838
3221225472
1063697440
0
1071038639
2147483648
1068300598
0
1071112304
3221225472
1070318927
2147483648
1071974294
1610612736
1070955549
0
1071163120
1073741824
1071894848
2147483648
1070747460
0
1068909209
0
1072348188
1610612736
1069524906
0
1071802150
3221225472
1070632686
1073741824
1071265841
0
1071588052
3221225472
1071990765
536870912
1072027105
3221225472
1072180920
1073741824
1070785659
3221225472
1072441724
536870912
1071471168
3221225472
1072677840
1610612736
1072136653
1610612736
1071798328
1610612736
1070383831
0
1072579181
2147483648
1072162951
3758096384
1071023089
1073741824
1070630130
2147483648
1071937926
3758096384
1071864128
536870912
1070541053
2147483648
1071482780
0
1071082233
0
1069716859
2147483648
1072472987
1073741824
1069905131
0
1070693040
0
1072690016
3758096384
1072372776
3758096384
1071980330
2147483648
1070279615
0
1071609420
3221225472
1066624044
0
1072519807
2147483648
1071283408
3221225472
1072491078
3758096384
1068882928
0
1072142937
536870912
1071214786
2147483648
1070862310
2147483648
1070545221
0
1069997153
2147483648
1071461100
1073741824
1072693247
2684354560
7
