Uvec
2226355706
1068938561
0
1070277879
2147483648
1072395170
1073741824
1071633441
2147483648
1071719951
3221225472
1066514460
0
1070776824
2147483648
1072539668
3221225472
1071820564
3758096384
1072281429
1610612736
1071921760
1610612736
1072559153
1073741824
1070401386
0
1072476961
2684354560
1063314272
0
1072375849
1073741824
1072002670
1610612736
1071299605
1073741824
1068213082
0
1070569519
0
1071767876
3758096384
1070614856
2147483648
1071348145
0
1072153031
3758096384
1070011408
0
1071945326
1610612736
1072294058
1073741824
1070025343
2147483648
1072461404
3758096384
1072014830
1073741824
1070695508
3221225472
1071555451
3221225472
1072102752
0
1072555443
2684354560
1070005328
0
1072007336
3758096384
1072521000
0
1070740826
0
1070735421
1073741824
1071040059
1073741824
1070473806
0
1069716415
2147483648
1072334991
3221225472
1069609592
0
1071146288
1073741824
1072631521
3758096384
1071645119
3221225472
1069999368
0
1072436341
3221225472
1070624905
1073741824
1072597937
1610612736
1072350215
536870912
1071217197
3221225472
1072437166
536870912
1072050646
2147483648
1071243202
0
1069910552
2147483648
1070255829
0
1071592615
1073741824
1068078744
0
1070840408
0
1071851284
536870912
1070612703
3221225472
1071417529
0
1071790802
0
1072511536
1610612736
1072636330
536870912
1070765819
0
1068826089
0
1072314517
0
1067602252
0
1070717272
2147483648
1072197817
2147483648
1072647015
1073741824
1070895372
2147483648
1072273852
536870912
1071665772
2147483648
1071736597
2147483648
1072335510
1610612736
1068950648
0
1071990721
2147483648
1065156560
0
1070004480
2147483648
1072499797
1073741824
1072423845
1610612736
1071532641
3221225472
1071994427
1610612736
1071777891
536870912
1071855656
2147483648
1072132460
2147483648
1069172943
0
1071223946
0
1069964732
0
1071305874
3221225472
1072247088
1073741824
1071733244
3758096384
1071758364
3221225472
1071986980
1073741824
1071461100
1073741824
1072693247
2684354560
18
