Uvec
2226355706
1071823342
3221225472
1071722436
3758096384
1066977972
0
1069889213
0
1071598379
0
1070620733
1073741824
1070788473
1073741824
1071691051
536870912
1071922106
2147483648
1071840614
3221225472
1071927866
536870912
1072473349
1073741824
1067610962
0
1071810179
1073741824
1070061488
2147483648
1070815905
1073741824
1069663474
0
1071912579
1610612736
1071904169
2147483648
1072154544
2147483648
1071070349
2147483648
1069257074
0
1072491381
3758096384
1071993156
536870912
1071436447
2147483648
1072382426
2684354560
1072276864
2684354560
1070814400
1073741824
1068781557
0
1071753051
536870912
1071770448
1610612736
1072175641
0
1067406136
0
1071758546
2147483648
1072576396
1610612736
1069676698
0
1070786602
1073741824
1068693896
0
1070209171
0
1068586514
0
1068986875
0
1069758622
2147483648
1070141152
2147483648
1069617056
0
1072348912
0
1070885549
3221225472
1071270002
0
1072299184
0
1070371141
0
1071523640
3221225472
1069485277
0
1069933393
2147483648
1071416404
3221225472
1070597831
0
1067239776
0
1067433864
0
1071799043
3221225472
1069240845
0
1071962358
1610612736
1072163374
536870912
1070278496
0
1069467354
0
1072574332
2684354560
1069840482
2147483648
1070093157
2147483648
1069089698
0
1070904446
0
1071465275
1073741824
1072049721
2147483648
1072093757
1073741824
1071729674
1073741824
1072691985
2147483648
1072441715
3758096384
1072144579
3758096384
1071755056
536870912
1067480088
0
1072442091
2684354560
1072457694
1610612736
1072042167
2684354560
1072676196
2684354560
1070852305
1073741824
1072354335
2684354560
1071916601
0
1071201464
3221225472
1066073240
0
1071898330
2147483648
1071131174
0
1072351531
2684354560
1070813722
0
1067924578
0
1071905253
1073741824
1072554597
2147483648
1071737547
3758096384
1069765991
2147483648
1071133394
1073741824
1068071802
0
1071013624
3221225472
1072025927
1073741824
1071461100
1073741824
1072693247
2684354560
47
