Uvec
2226355706
1071394037
1073741824
1071421392
2147483648
1069693993
2147483648
1072445665
536870912
1071500417
0
1069891721
2147483648
1070767858
0
1072110766
3758096384
1071749104
2147483648
1070704577
0
1071797976
3221225472
1070959770
0
1069708023
2147483648
1070917969
1073741824
1072211507
1610612736
1071592443
2147483648
1069806353
2147483648
1071491985
0
1072263627
3221225472
1070040096
0
1072144337
3758096384
1067892610
0
1072434416
0
1070428355
0
1072106956
1073741824
1072162683
3758096384
1071535219
0
1071693255
2147483648
1072588599
2147483648
1071174086
3221225472
1067958206
0
1071846603
3758096384
1072332984
2684354560
1071153343
0
1071014174
3221225472
1068413386
0
1072251468
3221225472
1069852469
0
1072353688
1073741824
1072379032
3758096384
1071029458
2147483648
1072297547
536870912
1071140150
2147483648
1071245654
2147483648
1072305906
3221225472
1072121991
2684354560
1069482876
0
1070921218
2147483648
1071841486
0
1072105377
3221225472
1071698079
1610612736
1072051999
1073741824
1072093979
536870912
1071762694
2147483648
1072341296
2684354560
1071355668
3221225472
1072534930
2684354560
1071383463
3221225472
1072588501
0
1071773105
3221225472
1071649239
1073741824
1071234567
3221225472
1071470050
0
1072524541
536870912
1072271583
1073741824
1071313921
0
1072613005
2147483648
1072118464
1610612736
1064410944
0
1071904834
1073741824
1070522527
2147483648
1072541944
2684354560
1071463345
0
1072424323
3758096384
1072298962
3758096384
1071157120
3221225472
1071247874
3221225472
1072247235
2684354560
1071481757
3221225472
1071322757
3221225472
1071686324
1073741824
1068286712
0
1071499073
2147483648
1072045169
2684354560
1071658753
1610612736
1071958015
1073741824
1068853358
0
1071813223
2147483648
1072174033
1073741824
1071921200
1610612736
1072122208
536870912
1070620250
0
1070904087
2147483648
1071275095
0
1067683948
0
1072488784
0
1072359127
3221225472
1071683153
2147483648
1071461100
1073741824
1072693247
2684354560
39
