Uvec
2226355706
1070657881
0
1069726777
2147483648
1072663148
2684354560
1067734572
0
1072630045
0
1072278697
0
1071648472
3221225472
1072674026
2147483648
1068659815
0
1070703498
1073741824
1071046218
1073741824
1070976363
1073741824
1070920849
3221225472
1072178623
1073741824
1071649747
536870912
1072307907
1610612736
1069019982
0
1072462809
2147483648
1068172074
0
1071988321
536870912
1071033052
1073741824
1072299538
3758096384
1070922437
0
1069116608
0
1070755595
0
1071892008
2147483648
1071676838
536870912
1072090685
1610612736
1071700620
2684354560
1070948628
2147483648
1068607259
0
1072663644
536870912
1072072804
2684354560
1070710367
2147483648
1071560885
1073741824
1071890520
1073741824
1068517114
0
1072027483
3758096384
1072543082
0
1071505533
1073741824
1071697846
0
1072680265
536870912
1069548878
2147483648
1071587673
2147483648
1072307809
2684354560
1071527371
0
1072005480
3221225472
1070597958
0
1068635617
0
1069689717
2147483648
1067070292
0
1071987941
2147483648
1070483557
2147483648
1070920506
3221225472
1064294400
0
1071274869
2147483648
1072252755
2147483648
1070492638
0
1071883409
3221225472
1072274467
0
1071539614
1073741824
1071286310
3221225472
1070295248
2147483648
1072023735
1073741824
1071733387
2684354560
1071109014
0
1072650944
1610612736
1071352754
1073741824
1070284602
0
1070560260
2147483648
1070480384
2147483648
1071171828
1073741824
1071146271
0
1069744287
0
1071824965
2147483648
1072241861
2147483648
1071519615
1073741824
1071072639
2147483648
1072165990
3221225472
1072409412
1073741824
1068883346
0
1071763328
3221225472
1072367288
0
1071683211
0
1069429599
0
1068070556
0
1072112895
3221225472
1070700154
1073741824
1072198589
2147483648
1071868818
1610612736
1072077864
1073741824
1072481766
3758096384
1067167064
0
1072333852
3758096384
1070245217
2147483648
1072180124
3221225472
1071502665
3221225472
1068662018
0
1071461100
1073741824
1072693247
2684354560
51
