Uvec
2226355706
1072244651
1073741824
1071247422
2147483648
1072654896
536870912
1072333117
1073741824
1069779724
0
1072156126
3758096384
1071590798
1073741824
1070974580
2147483648
1070753495
0
1072323561
3221225472
1071887552
0
1071638989
3221225472
1071568488
0
1070141922
0
1071839691
1073741824
1072600654
2684354560
1068009212
0
1071437052
0
1070276204
2147483648
1071566618
3221225472
1069242751
0
1071918728
0
1071276027
2147483648
1072017700
1610612736
1068383418
0
1072231967
1610612736
1072479986
536870912
1072307866
536870912
1069452869
0
1071702336
2147483648
1071246783
3221225472
1072610873
2147483648
1072402161
2147483648
1068710748
0
1072675986
3221225472
1071917537
0
1069782823
0
1072145163
1610612736
1071773402
3221225472
1067494152
0
1070754615
3221225472
1070535961
2147483648
1069182732
0
1072059432
1610612736
1072273362
1073741824
1072142294
1073741824
1070741233
3221225472
1072405945
3758096384
1070332446
2147483648
1071338516
0
1070736642
2147483648
1068860849
0
1072051244
1073741824
1072089704
536870912
1071476684
2147483648
1067585580
0
1071689515
2684354560
1072226030
2147483648
1064666176
0
1069741343
0
1070759832
2147483648
1072126323
1073741824
1069025635
0
1072617822
2684354560
1072234736
1610612736
1072665869
2147483648
1072585134
3221225472
1071115418
0
1072527764
0
1072115878
3221225472
1072419543
1610612736
1071791931
1610612736
1072161603
2684354560
1066862804
0
1072682863
3221225472
1072643924
2147483648
1070984035
1073741824
1070255768
0
1069314631
0
1072177058
0
1070517813
2147483648
1067723354
0
1069959328
2147483648
1070072336
0
1071042494
1073741824
1071696126
2147483648
1070453960
0
1069822250
2147483648
1071786335
536870912
1070357739
2147483648
1072400606
3221225472
1071888642
2684354560
1072247329
3758096384
1071842050
3221225472
1072122724
3221225472
1071637142
0
1069868374
2147483648
1069788896
0
1071461100
1073741824
1072693247
2684354560
79
