Uvec
2226355706
1072597544
1073741824
1068856603
0
1072292282
3221225472
1072124187
2684354560
1071037727
1073741824
1072358029
3758096384
1071791435
536870912
1070701419
0
1070898628
3221225472
1069704599
0
1072214163
3221225472
1070964591
1073741824
1072411436
1610612736
1071676806
1610612736
1071324416
1073741824
1069162900
0
1072597208
1610612736
1072558304
3221225472
1072041267
2684354560
1072398495
3758096384
1071898351
1610612736
1071899508
3758096384
1070309478
2147483648
1070318232
0
1072325056
536870912
1071167881
3221225472
1071096578
1073741824
1066504384
0
1072421019
3758096384
1068479678
0
1071988194
0
1068872019
0
1069641728
0
1071424116
1073741824
1069763693
0
1072079534
2147483648
1072064724
3221225472
1067097208
0
1071663900
536870912
1068437008
0
1070298495
2147483648
1070718678
2147483648
1070990939
1073741824
1071271431
3221225472
1072326462
2147483648
1070879941
3221225472
1071924541
1610612736
1072344437
0
1071881614
1073741824
1070550446
2147483648
1069654654
0
1070830181
2147483648
1072101564
536870912
1071245422
2147483648
1071608287
3221225472
1072077389
2147483648
1072689531
2684354560
1070722118
0
1071829787
0
1072294354
2147483648
1070232972
2147483648
1071829308
2147483648
1071622699
0
1072338575
0
1069981046
0
1066189792
0
1072664754
2684354560
1072421144
2684354560
1071498198
1073741824
1072139778
3221225472
1071926556
1073741824
1071786843
2147483648
1072287214
1610612736
1071680575
1610612736
1072141512
3758096384
1072519038
2684354560
1072304736
536870912
1071625816
3221225472
1066794948
0
1071230062
1073741824
1071991157
536870912
1067902648
0
1070709990
1073741824
1072083813
2684354560
1072576039
1610612736
1072655207
0
1071351026
2147483648
1071638782
0
1070666284
3221225472
1069322977
0
1071145248
3221225472
1071833320
2147483648
1068895968
0
1071195708
2147483648
1071062038
0
1071837483
2684354560
1072621736
1073741824
1070105778
0
1071461100
1073741824
1072693247
2684354560
29
