Uvec
2226355706
1072501830
1610612736
1070884532
1073741824
1069869516
0
1072116974
2147483648
1070974404
0
1072356953
3221225472
1068482230
0
1071827425
536870912
1069653015
0
1071654712
1073741824
1066621264
0
1071906702
2147483648
1068321666
0
1072542163
2147483648
1071309425
3221225472
1069642752
2147483648
1072609924
3221225472
1072330906
3758096384
1072037930
536870912
1072037173
0
1070872030
3221225472
1072205128
0
1070301841
0
1071807200
2684354560
1072078212
536870912
1071941077
3758096384
1070277887
0
1071612706
3221225472
1071933878
1610612736
1071951718
1610612736
1069635031
2147483648
1071701934
3221225472
1070174229
2147483648
1071332901
0
1072494318
536870912
1072687317
1610612736
1071411105
1073741824
1069632365
0
1066608768
0
1071396860
2147483648
1072658578
1610612736
1072342408
536870912
1072562184
3221225472
1071153130
2147483648
1070771363
1073741824
1072577857
1073741824
1071957507
1073741824
1071760629
0
1068612493
0
1071813894
1610612736
1072612754
536870912
1067918264
0
1071782321
1610612736
1069939423
0
1071868311
2684354560
1072647290
1610612736
1071025245
0
1072089327
2684354560
1072375253
536870912
1069624217
0
1071666751
1610612736
1071776610
2147483648
1071715984
3758096384
1072630059
3221225472
1069358535
0
1072196773
2684354560
1072055630
2684354560
1069336044
0
1068039886
0
1071850333
1610612736
1069273081
0
1072410448
1610612736
1072285154
3758096384
1071691151
1073741824
1072297958
2147483648
1070853021
1073741824
1070936477
1073741824
1069686009
2147483648
1072438786
3221225472
1072073483
2147483648
1071261441
3221225472
1071870805
0
1071745955
0
1071174665
2147483648
1071649240
0
1071429173
2147483648
1070737063
1073741824
1072622813
1073741824
1072050508
2147483648
1072036349
2147483648
1072582679
3221225472
1069136474
0
1071473576
3221225472
1072163899
1073741824
1069407362
0
1072014977
536870912
1072200490
3758096384
1067676018
0
1071461100
1073741824
1072693247
2684354560
61
