Uvec
2226355706
1071966490
3221225472
1071667385
1073741824
1071022680
0
1070673537
0
1066334128
0
1070849972
3221225472
1072245235
2684354560
1071674454
536870912
1062018176
0
1072405695
2684354560
1072149438
1610612736
1072007109
536870912
1072040502
1610612736
1071666849
1610612736
1071256741
3221225472
1072133258
3221225472
1070448411
0
1072617603
2147483648
1072090129
2684354560
1071898546
3758096384
1072596579
2684354560
1072327371
1610612736
1071246694
1073741824
1071001943
2147483648
1070863757
0
1071986984
3221225472
1072430586
2684354560
1066447148
0
1072493137
1073741824
1072282023
1073741824
1069801574
2147483648
1072547872
1073741824
1071354379
2147483648
1070825727
1073741824
1071156988
0
1071803663
1073741824
1071082518
1073741824
1067702770
0
1072297283
2684354560
1071423740
0
1069292351
0
1071512603
0
1072136307
3758096384
1071901512
536870912
1070958557
3221225472
1072562836
536870912
1072662241
3221225472
1068096444
0
1070947572
1073741824
1071358995
2147483648
1070006864
2147483648
1067848894
0
1072523542
0
1071444354
0
1068022806
0
1071770464
3758096384
1072654908
536870912
1069386809
0
1072679499
3221225472
1071428423
2147483648
1071697823
3221225472
1069491472
0
1072151105
2147483648
1070145115
2147483648
1071993343
2684354560
1071314302
2147483648
1069023535
0
1072130791
1073741824
1072485013
3758096384
1070791992
2147483648
1071665210
3758096384
1071642524
2147483648
1072266359
536870912
1071270043
0
1071180130
0
1070724228
0
1071125745
3221225472
1070583113
2147483648
1072302391
2147483648
1071254468
3221225472
1072048990
1610612736
1072451136
1610612736
1072262087
2147483648
1068371734
0
1071425825
0
1072185738
536870912
1072555970
536870912
1071363750
0
1069934033
0
1072683891
2684354560
1072432895
1610612736
1071963517
1073741824
1072511225
2684354560
1071856566
536870912
1070595746
0
1064727888
0
1069760087
2147483648
1067379744
0
1071461100
1073741824
1072693247
2684354560
41
