Uvec
2226355706
1071736362
1073741824
1071407292
0
1071903050
536870912
1071806800
1073741824
1072536371
2684354560
1072111454
3758096384
1071897305
2147483648
1071835025
536870912
1069436094
0
1072588897
3758096384
1071223376
0
1072037470
1610612736
1071618636
1073741824
1071915293
1073741824
1071861331
1610612736
1071895290
3221225472
1072054612
1073741824
1071146821
0
1068322638
0
1070168044
2147483648
1072204703
3221225472
1067826112
0
1068654609
0
1070185659
0
1069057833
0
1072436876
3221225472
1071838705
3221225472
1070689228
3221225472
1072129157
2147483648
1070933843
1073741824
1072222361
2147483648
1071880599
3221225472
1068757929
0
1071182460
1073741824
1071637339
1073741824
1069440895
0
1069147308
0
1070308219
2147483648
1072259099
1610612736
1072691190
536870912
1070434916
2147483648
1071119425
2147483648
1072428392
0
1071980384
536870912
1072515803
1610612736
1070369720
2147483648
1072350637
1610612736
1070067221
2147483648
1071137744
2147483648
1070763426
2147483648
1072284517
1610612736
1072625521
1610612736
1066980392
0
1072048332
3758096384
1072017157
3758096384
1072155136
3221225472
1070547703
0
1071762463
1610612736
1071214397
1073741824
1071841491
3221225472
1072115239
1610612736
1072019362
2147483648
1072404708
3221225472
1068846809
0
1069800583
2147483648
1068407022
0
1071967868
0
1071869232
2147483648
1070303967
2147483648
1070155080
2147483648
1071890935
1610612736
1071678223
2147483648
1072165253
3758096384
1071813553
1610612736
1072028493
536870912
1072050092
1610612736
1070306547
0
1072604623
1073741824
1070140313
2147483648
1072298107
536870912
1072022257
2684354560
1072388758
2684354560
1068858551
0
1070689199
0
1072666809
0
1072464223
3221225472
1070098575
0
1070962164
2147483648
1072517381
2147483648
1070537291
2147483648
1072602684
1073741824
1072633975
1610612736
1072134214
536870912
1069581937
2147483648
1071157423
0
1072372423
2684354560
1071295090
1073741824
1072002174
3758096384
1071461100
1073741824
1072693247
2684354560
88
