Uvec
2226355706
1070776108
0
1072406188
2147483648
1071973911
1610612736
1072279933
3758096384
1072325847
1610612736
1071804904
536870912
1072483687
0
1071761066
1610612736
1071973953
3758096384
1072075557
1073741824
1072624201
0
1072406330
536870912
1072267717
0
1071663087
1610612736
1070745490
1073741824
1072202063
2684354560
1071530627
2147483648
1072195584
536870912
1069874594
2147483648
1069265531
0
1069650823
2147483648
1071827598
2684354560
1071911072
2147483648
1072324903
536870912
1072002484
2147483648
1072663875
0
1072548280
0
1070768844
1073741824
1071892420
3221225472
1071057583
3221225472
1070972763
2147483648
1069700494
0
1072121225
0
1071696473
2684354560
1071811876
2684354560
1069493607
0
1072051516
2147483648
1070142402
0
1072272243
0
1071010321
1073741824
1069813313
2147483648
1070741095
2147483648
1070117005
2147483648
1069057747
0
1071743961
536870912
1067248180
0
1069367464
0
1071517041
1073741824
1072007796
1610612736
1071945041
3221225472
1072252360
0
1072473482
2147483648
1072663914
2684354560
1070763057
3221225472
1070620599
3221225472
1070669469
0
1070105712
0
1071309103
0
1070605188
2147483648
1071362684
1073741824
1071177890
2147483648
1067614572
0
1069674396
0
1072591843
3758096384
1070047716
2147483648
1072113262
1073741824
1071661804
2684354560
1069375170
0
1072117521
536870912
1072145960
1610612736
1070382540
2147483648
1072110482
3758096384
1071658296
536870912
1072163219
2684354560
1071701995
3758096384
1071229606
3221225472
1071993915
3221225472
1071399285
0
1072131468
1610612736
1070984619
0
1068776419
0
1071929094
0
1072417581
536870912
1072409200
2147483648
1071907319
1610612736
1071728261
536870912
1071684632
2684354560
1070970009
2147483648
1069223070
0
1071869618
2684354560
1070109219
0
1072373522
2684354560
1070731742
3221225472
1072406038
3758096384
1072365343
2684354560
1071434117
1073741824
1072249224
536870912
1070599236
2147483648
1071461100
1073741824
1072693247
2684354560
82
