Uvec
2226355706
1071249380
2147483648
1067580376
0
1069104383
0
1071719496
3758096384
1069443913
0
1071157525
2147483648
1068727580
0
1069311839
0
1070497220
2147483648
1072006443
3758096384
1072135892
536870912
1072542888
1610612736
1069549701
2147483648
1071870320
2684354560
1070691255
3221225472
1072038894
1073741824
1069844504
0
1071157992
2147483648
1072540535
1610612736
1071996909
1610612736
1068758183
0
1069751001
0
1071891108
1073741824
1072626689
3221225472
1072212080
3758096384
1072410469
3221225472
1070386110
0
1071990659
3221225472
1071194127
1073741824
1072491306
536870912
1071729418
3221225472
1071468533
1073741824
1071918450
1610612736
1068667281
0
1072267429
1610612736
1072250274
536870912
1071667371
1073741824
1067294564
0
1070229118
0
1072372928
3221225472
1071800940
0
1072066392
1610612736
1071937409
2684354560
1070975795
3221225472
1069940812
0
1071029789
2147483648
1071695975
0
1070638374
3221225472
1070927438
2147483648
1071679779
2684354560
1072584582
3758096384
1071650780
1073741824
1070593120
2147483648
1072306355
2147483648
1072277948
1610612736
1072155531
2147483648
1072287614
1610612736
1067190876
0
1071719032
2684354560
1072131664
2147483648
1067944458
0
1072352391
0
1071080627
2147483648
1070345694
0
1071261496
3221225472
1069092188
0
1070524722
2147483648
1072551870
2684354560
1072320042
0
1072201694
3221225472
1070156135
2147483648
1072403961
0
1071691745
2147483648
1072545628
0
1070827097
1073741824
1072030619
2147483648
1069500414
0
1072460834
3221225472
1072299077
3221225472
1072120020
0
1071764220
3758096384
1071096553
1073741824
1071823652
3221225472
1071468106
0
1069769694
0
1072056852
3221225472
1072434598
536870912
1072516721
2147483648
1070605031
3221225472
1069791630
0
1072681981
1610612736
1072510872
3221225472
1071879709
1610612736
1072234653
1610612736
1072298691
1073741824
1072360945
3221225472
1072595235
0
1072610182
1073741824
1071461100
1073741824
1072693247
2684354560
80
