Uvec
2226355706
1071313940
0
1071421771
2147483648
1070742972
0
1068575729
0
1070561941
0
1072415834
2684354560
1070947600
0
1071655541
2147483648
1071920966
536870912
1069629767
0
1068906169
0
1072651871
2147483648
1071277559
1073741824
1072073782
2147483648
1072334161
0
1069754435
2147483648
1072607538
3221225472
1071010888
0
1071926025
1610612736
1072302967
2147483648
1070930873
1073741824
1072136925
1610612736
1070031907
0
1067743092
0
1071568744
3221225472
1072324691
1610612736
1070962239
1073741824
1070172968
0
1070325980
0
1068249022
0
1072603902
2684354560
1072476936
3221225472
1069488461
0
1069743712
2147483648
1070603597
2147483648
1071604335
2147483648
1072539677
2147483648
1071696097
0
1072226160
3758096384
1069901681
0
1072165172
1073741824
1070212766
2147483648
1071760935
3221225472
1071263765
3221225472
1071745151
536870912
1070173998
2147483648
1070287570
2147483648
1072085113
3221225472
1071517282
0
1071047004
0
1071861060
1073741824
1070980848
3221225472
1068513027
0
1072287229
0
1072412633
2147483648
1071852670
0
1072618961
0
1072027349
2147483648
1072413069
0
1072165318
0
1072059114
0
1071222466
2147483648
1072567836
1073741824
1071342898
2147483648
1071409248
3221225472
1072273677
536870912
1070926350
1073741824
1071340289
2147483648
1069186777
0
1071674827
3221225472
1068981060
0
1071823300
536870912
1072394096
1073741824
1070694359
0
1072604465
3758096384
1071973630
1073741824
1071967459
3758096384
1072675642
3221225472
1069743487
0
1070966181
1073741824
1072586395
3758096384
1070474335
0
1069027067
0
1071440419
3221225472
1070316135
0
1072287053
536870912
1071952132
0
1070966670
1073741824
1069388829
0
1070339591
2147483648
1071915996
0
1072129024
3758096384
1071740546
536870912
1071416231
2147483648
1071615915
1073741824
1070344776
2147483648
1071738221
3221225472
1071363351
2147483648
1071461100
1073741824
1072693247
2684354560
90
