Uvec
2226355706
1070727415
1073741824
1070323206
2147483648
1067242892
0
1072482624
2684354560
1072222254
2684354560
1072451615
1610612736
1072615209
0
1071791522
3221225472
1070886014
2147483648
1071191658
2147483648
1071885712
3221225472
1070620944
1073741824
1071178652
3221225472
1068284964
0
1072178503
2147483648
1071151007
3221225472
1069015396
0
1070700298
1073741824
1072154045
3758096384
1071696521
0
1071531688
0
1072196893
3758096384
1070832031
0
1071427445
2147483648
1072581018
2684354560
1071330257
2147483648
1072211834
3758096384
1071774337
1073741824
1071145367
0
1071559890
3221225472
1071963308
0
1071192516
1073741824
1071225041
3221225472
1070297320
0
1072461013
1073741824
1072235581
1610612736
1072469278
0
1070880944
3221225472
1072149227
2147483648
1069979639
2147483648
1072240953
536870912
1071665968
3221225472
1071999827
2684354560
1072217346
3758096384
1070900728
3221225472
1071202408
1073741824
1072348313
1073741824
1071756000
536870912
1072449409
3758096384
1070978577
2147483648
1070995710
2147483648
1071111762
0
1072165286
1610612736
1071908120
3758096384
1071685704
1610612736
1070800842
3221225472
1072176636
3758096384
1069219171
0
1072176584
536870912
1072042495
1610612736
1072040336
3221225472
1070119781
0
1072479346
3758096384
1071658863
0
1071939842
2147483648
1072168143
1610612736
1071832738
2147483648
1072636873
536870912
1072312586
1610612736
1068650311
0
1064537280
0
1072255615
1610612736
1072557088
3221225472
1070689614
0
1071765475
536870912
1071735440
1073741824
1071923738
3221225472
1068467480
0
1071738059
1073741824
1071274967
3221225472
1071874926
3758096384
1072130898
3758096384
1066115280
0
1072099273
536870912
1070145780
0
1072392531
1073741824
1070786969
3221225472
1071784132
536870912
1072070951
3758096384
1072159991
3758096384
1072528100
2147483648
1070745634
1073741824
1068926307
0
1066645404
0
1070635961
1073741824
1071868798
3758096384
1069825926
2147483648
1072413295
3758096384
1071461100
1073741824
1072693247
2684354560
27
