Uvec
2226355706
1067928230
0
1071162491
1073741824
1068702350
0
1066556964
0
1071729909
2147483648
1068621811
0
1071843601
1073741824
1072054905
1610612736
1072226728
3221225472
1070597381
2147483648
1066413956
0
1072344227
2147483648
1072241005
3221225472
1071805955
1610612736
1071798644
1610612736
1065640320
0
1071486695
1073741824
1072412186
2147483648
1072532159
3221225472
1072003562
0
1068301790
0
1068105432
0
1068867252
0
1071825849
2684354560
1071903193
0
1070028021
2147483648
1071342669
2147483648
1072319766
2147483648
1072011442
3758096384
1071924876
536870912
1070351412
0
1072279445
1610612736
1070512601
0
1071255859
3221225472
1072479097
3221225472
1072345422
3758096384
1068577694
0
1069057895
0
1072261125
0
1068402788
0
1072669361
3758096384
1072455797
1610612736
1070051301
0
1069707752
2147483648
1068089810
0
1072089275
1073741824
1071407892
0
1071148012
2147483648
1069652296
0
1071677584
1610612736
1071293505
2147483648
1070917584
0
1072442603
0
1071636867
3221225472
1072208828
2684354560
1071189107
3221225472
1072226774
1073741824
1071764835
1073741824
1071474590
1073741824
1071929196
2147483648
1072692999
2147483648
1072220544
3758096384
1070340116
0
1071546495
3221225472
1068610856
0
1072094260
536870912
1071774707
2684354560
1072064413
2147483648
1072428812
536870912
1072521281
3221225472
1071746340
1610612736
1072679386
2684354560
1072379631
2684354560
1072019254
3221225472
1071403381
0
1072119242
536870912
1071743814
3221225472
1071105516
1073741824
1071720901
0
1070141664
2147483648
1070137042
2147483648
1071616154
0
1071393521
1073741824
1068030304
0
1071438271
2147483648
1069408489
0
1072343994
1073741824
1071158135
0
1071868461
536870912
1071711238
1073741824
1071364698
2147483648
1072465190
2684354560
1072423766
3221225472
1072258317
2684354560
1071261357
3221225472
1072293536
2684354560
1070848461
3221225472
1072304291
2147483648
1071461100
1073741824
1072693247
2684354560
37
