Uvec
2226355706
1071580594
3221225472
1071770133
1610612736
1071088835
2147483648
1066855404
0
1071751115
1610612736
1070643430
2147483648
1070474092
0
1072253932
3221225472
1072301984
2147483648
1071024048
2147483648
1071937107
1073741824
1072170402
1073741824
1071658214
3758096384
1071664721
0
1072440868
3221225472
1072246987
3221225472
1072302829
2684354560
1070437829
0
1067943152
0
1072236323
536870912
1071032844
1073741824
1071331981
0
1072238459
3221225472
1070925924
1073741824
1070632378
3221225472
1071531208
1073741824
1066530072
0
1072523983
2684354560
1071824187
2684354560
1072682828
0
1071884878
0
1069973701
2147483648
1071793959
0
1071883995
1073741824
1070625018
0
1072435511
536870912
1071506630
0
1070996408
3221225472
1072660245
1073741824
1072665377
536870912
1069277827
0
1071800160
1073741824
1069613207
0
1071723190
3221225472
1072281863
2147483648
1072002255
0
1071498135
1073741824
1066206056
0
1071999523
1610612736
1068792341
0
1072214561
3221225472
1071843269
3758096384
1071671724
2147483648
1071868549
1610612736
1071952181
3758096384
1071812477
3221225472
1069748377
2147483648
1065713896
0
1072505038
2147483648
1071544250
3221225472
1071752613
1073741824
1070517080
0
1072554548
2684354560
1070371650
2147483648
1072656504
0
1065523640
0
1070633745
0
1071735246
3221225472
1072398753
0
1071121051
2147483648
1070754590
2147483648
1070323408
0
1072385464
1610612736
1068529031
0
1071649989
3758096384
1072401976
3758096384
1069536421
0
1071977970
1610612736
1071775105
0
1069586347
0
1072009427
1073741824
1071352441
3221225472
1071716305
0
1071547128
2147483648
1072200674
3758096384
1071896029
1610612736
1069085834
0
1071913081
536870912
1071237541
0
1071545076
1073741824
1071731408
1073741824
1072377777
2684354560
1071928082
1610612736
1072465413
2147483648
1069956814
0
1071998166
3221225472
1072139901
536870912
1071148294
0
1071461100
1073741824
1072693247
2684354560
27
