Uvec
2226355706
1072612626
2147483648
1071135972
1073741824
1070154104
0
1071463484
2147483648
1069987227
2147483648
1072560613
3221225472
1072344689
0
1068332436
0
1070612230
3221225472
1071718506
3758096384
1068509789
0
1071574320
0
1072227366
1073741824
1072472436
2147483648
1072153063
2147483648
1072673089
536870912
1072081915
3758096384
1072546147
2147483648
1072186249
2147483648
1071980289
0
1068613099
0
1069855266
2147483648
1072595107
2147483648
1071777015
0
1070640897
0
1064875856
0
1068341034
0
1071578864
2147483648
1072181565
3758096384
1070279411
0
1072580703
1610612736
1072614416
1073741824
1071111302
1073741824
1072395417
2684354560
1070838720
1073741824
1072652065
1610612736
1070624548
3221225472
1070491415
0
1071688958
3758096384
1072362663
3758096384
1072251002
2684354560
1071752663
2684354560
1071549047
3221225472
1067440400
0
1070101865
2147483648
1072572029
3758096384
1071072569
0
1071682291
3221225472
1070084340
2147483648
1072416901
1610612736
1072315375
536870912
1068249614
0
1071368563
1073741824
1071717824
3758096384
1069006540
0
1071261373
3221225472
1070844917
3221225472
1071977211
536870912
1071621496
0
1070065209
2147483648
1070608202
2147483648
1072014540
0
1069449369
0
1066387560
0
1069094886
0
1071656568
3758096384
1070791626
3221225472
1070857742
1073741824
1071983213
3758096384
1070246224
2147483648
1072341447
1073741824
1071833033
1073741824
1072366539
2684354560
1071733724
536870912
1072564713
1610612736
1072289698
536870912
1070679761
3221225472
1071814558
3758096384
1071854618
2684354560
1071755442
1073741824
1070981793
0
1072652144
0
1072692692
2684354560
1071753460
536870912
1072145067
2684354560
1072163952
3758096384
1069163117
0
1069514584
0
1072582712
1610612736
1072266684
2684354560
1071373379
2147483648
1071911370
0
1072450162
536870912
1071129958
3221225472
1071430461
0
1069339446
0
1072686592
2684354560
1072334300
2684354560
1071461100
1073741824
1072693247
2684354560
55
