Uvec
2226355706
1071954325
536870912
1072309542
1610612736
1069964834
2147483648
1072218287
3221225472
1072394840
1610612736
1071757838
1073741824
1070048280
2147483648
1071784582
1073741824
1071587176
2147483648
1072069581
2684354560
1070563758
2147483648
1071902415
536870912
1072178066
0
1072642394
3758096384
1072298743
3758096384
1068878563
0
1072683372
536870912
1069900910
0
1071558601
2147483648
1069743176
0
1072392675
1610612736
1070865349
1073741824
1072088193
3221225472
1071096141
1073741824
1069784423
2147483648
1067051188
0
1071380182
3221225472
1071300436
2147483648
1071667521
2684354560
1070001102
2147483648
1071660899
2147483648
1071220051
2147483648
1072138214
3221225472
1071375472
2147483648
1072476573
3221225472
1070051870
0
1070739292
1073741824
1072047975
2147483648
1071821643
2684354560
1070615741
2147483648
1070909421
0
1072345057
2147483648
1072175881
2147483648
1068884871
0
1071183066
2147483648
1072412698
3221225472
1068047802
0
1069777206
0
1071931092
2147483648
1072610110
3758096384
1071803480
1073741824
1072140043
3221225472
1072098413
2684354560
1072607934
1073741824
1071899484
536870912
1070792780
0
1071771134
3221225472
1071120369
2147483648
1071612350
0
1070000414
2147483648
1071181712
1073741824
1071315535
2147483648
1068663377
0
1071883338
3221225472
1068290388
0
1070756957
2147483648
1070747790
3221225472
1071169987
0
1070062526
2147483648
1070242058
2147483648
1072217813
2684354560
1069661968
2147483648
1072171864
2684354560
1072635740
2147483648
1072448189
2147483648
1072371696
536870912
1070261452
2147483648
1071961583
536870912
1072643558
0
1072522423
3758096384
1069638925
2147483648
1070733545
0
1070767825
1073741824
1071494917
3221225472
1072288303
0
1071766720
536870912
1070556375
2147483648
1069538602
0
1071657828
3221225472
1071071820
1073741824
1072452638
0
1069944778
0
1068716910
0
1072236526
536870912
1072280529
1610612736
1066018152
0
1071938928
0
1071977496
3758096384
1071461100
1073741824
1072693247
2684354560
88
