Uvec
2226355706
1072044049
2684354560
1071717633
536870912
1072252215
2147483648
1068451122
0
1070776744
3221225472
1070162537
2147483648
1072174993
1073741824
1068261900
0
1069845706
2147483648
1071779635
0
1072280100
2147483648
1070206039
0
1072555029
1073741824
1071765845
0
1072276489
536870912
1072104448
2147483648
1072470499
1610612736
1072455505
0
1071447154
0
1071789257
2684354560
1071164447
1073741824
1072607203
536870912
1068197906
0
1071647117
536870912
1068480290
0
1072316960
1073741824
1072358591
3758096384
1072043837
536870912
1071138949
3221225472
1072498951
0
1071022431
1073741824
1072416826
2684354560
1068921599
0
1069992453
2147483648
1069632636
2147483648
1066658232
0
1066427632
0
1069843186
0
1070306120
2147483648
1067747818
0
1072452913
2147483648
1071644482
1073741824
1071740415
2684354560
1071785726
3758096384
1071041723
0
1069853477
0
1072402476
3221225472
1072070053
1073741824
1072355206
3221225472
1072270748
2147483648
1070946073
0
1066945328
0
1072440895
0
1071258824
3221225472
1071774187
3758096384
1067684788
0
1072438693
3221225472
1071551246
1073741824
1071323922
2147483648
1070749656
1073741824
1071095524
1073741824
1070920064
1073741824
1069075275
0
1071887697
0
1072644207
536870912
1071214744
2147483648
1072158150
0
1072015667
536870912
1071649541
3221225472
1067549322
0
1071963789
2147483648
1071701946
2147483648
1070387777
2147483648
1071809490
2147483648
1071916732
1073741824
1071413221
2147483648
1071251932
2147483648
1070758913
3221225472
1071287462
2147483648
1070140354
0
1070971239
0
1070793054
2147483648
1070268307
2147483648
1072213385
2147483648
1069527753
0
1071659053
536870912
1070836707
2147483648
1071859731
536870912
1068373378
0
1068920159
0
1072428734
536870912
1072427611
1610612736
1071639168
3221225472
1070960599
1073741824
1068230416
0
1063101568
0
1070475163
0
1072590304
2147483648
1071461100
1073741824
1072693247
2684354560
32
