Uvec
2226355706
1069534334
0
1072662707
2684354560
1071264485
3221225472
1071915834
1610612736
1070181835
2147483648
1072463681
2684354560
1071320693
0
1070727953
3221225472
1071845422
536870912
1067502394
0
1071793104
2684354560
1072401452
0
1072091800
536870912
1072219447
3758096384
1072514943
1073741824
1071649631
3758096384
1072036877
536870912
1072008979
2684354560
1072418019
3758096384
1071949380
2147483648
1072137682
1073741824
1067404504
0
1067514334
0
1071722045
2147483648
1072253384
1073741824
1071753452
3221225472
1067743108
0
1072585750
1073741824
1070622715
2147483648
1069589465
2147483648
1070628314
1073741824
1069952017
2147483648
1069889939
0
1070990672
0
1071303237
3221225472
1067584944
0
1071709323
2684354560
1072244850
2684354560
1071728441
2147483648
1070639640
2147483648
1072452978
1073741824
1069598907
2147483648
1068417318
0
1067613834
0
1070717353
2147483648
1068918653
0
1072460146
3758096384
1070950536
0
1072008162
3758096384
1069551636
2147483648
1070857503
3221225472
1072220836
2684354560
1071851239
0
1072107597
2684354560
1072443736
0
1072336367
3221225472
1071604227
1073741824
1072625662
2684354560
1072460798
1610612736
1072118544
2684354560
1069818721
2147483648
1072583925
1073741824
1070637583
3221225472
1071171225
2147483648
1071454830
1073741824
1072149089
1073741824
1071017605
3221225472
1072659825
1610612736
1064844112
0
1072373254
2147483648
1071862251
536870912
1072288432
2684354560
1070983999
1073741824
1070701503
3221225472
1071729993
0
1072163321
3221225472
1071752801
536870912
1072256812
1073741824
1072264829
2147483648
1072161783
3221225472
1072235179
2684354560
1072291488
2147483648
1067047636
0
1070070509
0
1072189205
0
1071482828
1073741824
1071813553
3758096384
1071734377
2147483648
1068857157
0
1068094182
0
1072149692
1073741824
1072586580
2147483648
1069776141
2147483648
1071773279
0
1071913816
1610612736
1072682417
2684354560
1072359987
1610612736
1071059883
2147483648
1071461100
1073741824
1072693247
2684354560
37
