Uvec
2226355706
1072161797
1610612736
1072638134
1073741824
1070560698
2147483648
1071847020
3758096384
1070972180
0
1069099415
0
1072641808
0
1071202206
0
1071192886
1073741824
1071289898
3221225472
1061531520
0
1072050306
1610612736
1070467990
2147483648
1072293464
3221225472
1071325382
2147483648
1072366090
1610612736
1069653542
0
1072543080
2147483648
1069631957
0
1071858889
0
1072148350
536870912
1072437075
536870912
1071776437
2147483648
1071754592
0
1072659856
0
1067858778
0
1071516000
0
1070907898
2147483648
1072366958
3221225472
1069605108
2147483648
1069790678
2147483648
1071428269
1073741824
1069064794
0
1069000294
0
1072409950
1073741824
1070608535
1073741824
1069523751
0
1071651584
2684354560
1071713376
2684354560
1071814975
2684354560
1071012013
0
1071949403
0
1069955482
2147483648
1070957547
3221225472
1072287346
3221225472
1071119455
1073741824
1071890553
2147483648
1070020965
0
1072227797
2147483648
1071727923
3758096384
1070116052
0
1067460106
0
1070966401
0
1071643346
2147483648
1069971845
2147483648
1071628528
2147483648
1069834909
0
1072284423
3221225472
1068514491
0
1071856637
0
1071884629
0
1072308046
536870912
1072305654
1073741824
1071696789
3221225472
1066521624
0
1070929211
3221225472
1070622387
0
1069574722
2147483648
1071296535
2147483648
1072405419
0
1072653817
1610612736
1071733709
3221225472
1069116995
0
1071633273
0
1067865908
0
1072191368
536870912
1072293878
1610612736
1071659958
1073741824
1071300455
2147483648
1072397276
2684354560
1071220767
3221225472
1071467314
2147483648
1072336875
0
1072144119
2684354560
1072533960
3221225472
1072158406
1073741824
1072124319
2147483648
1072676150
3221225472
1070625197
0
1071953797
2684354560
1072198808
3758096384
1070522246
0
1072327703
1073741824
1067127776
0
1071867511
2147483648
1072288316
3221225472
1071635505
3221225472
1072340982
3758096384
1071461100
1073741824
1072693247
2684354560
36
