Uvec
2226355706
1072456141
1610612736
1071371095
1073741824
1069852718
0
1068826481
0
1072591365
1073741824
1071783537
3221225472
1069833106
2147483648
1070588108
2147483648
1072216672
3221225472
1070923651
0
1070624387
2147483648
1071611880
1073741824
1072359236
2684354560
1068731277
0
1072131713
2684354560
1072170855
1610612736
1072389672
3221225472
1072341818
536870912
1072454823
0
1072103372
1610612736
1072532728
3221225472
1067723828
0
1072167382
3221225472
1062517888
0
1072325186
2684354560
1072451494
0
1071810658
3758096384
1072153257
3221225472
1071272468
0
1072179947
1610612736
1071945895
1610612736
1070372993
0
1072210753
1610612736
1069214414
0
1071670869
2147483648
1068423828
0
1072096623
536870912
1071443549
0
1072415338
0
1071786921
3758096384
1066973876
0
1071877152
1073741824
1070884443
2147483648
1072332359
3221225472
1072303794
536870912
1070145499
0
1072616347
1073741824
1069209165
0
1070228807
2147483648
1071123286
1073741824
1067578318
0
1071884756
2147483648
1072340753
2684354560
1072255049
0
1069233311
0
1072068076
1610612736
1072481317
3221225472
1071851734
2147483648
1072407482
536870912
1069705304
0
1072244172
0
1072504479
1073741824
1072559778
2147483648
1065379584
0
1072112450
0
1070928471
0
1071682182
2684354560
1071796918
3221225472
1072269242
2684354560
1071762667
1073741824
1070487365
0
1067900458
0
1070700736
1073741824
1072209027
536870912
1072375221
0
1072392443
3758096384
1071056036
0
1071840390
3758096384
1069654550
2147483648
1068301686
0
1071567889
1073741824
1070525179
2147483648
1072608388
1610612736
1072671690
0
1070563363
2147483648
1072442991
3221225472
1071949028
2147483648
1070872200
3221225472
1071708654
1610612736
1071056555
1073741824
1072444918
2684354560
1071331256
3221225472
1072340740
1610612736
1072232614
3221225472
1071675027
1610612736
1070245985
0
1072495994
0
1072109697
2147483648
1071461100
1073741824
1072693247
2684354560
28
