Uvec
2226355706
1070712637
3221225472
1070705223
3221225472
1071970176
2684354560
1070665267
3221225472
1072259894
2684354560
1066632904
0
1071834805
3758096384
1070950953
0
1072640856
0
1072329107
2684354560
1070866033
3221225472
1070710205
0
1072333270
3758096384
1069692409
2147483648
1072124817
1073741824
1072621891
536870912
1072596266
3758096384
1071711879
1610612736
1072479786
0
1072653023
2147483648
1068021468
0
1072252791
3758096384
1071926490
1610612736
1071946334
1610612736
1072575395
3221225472
1071505021
3221225472
1067640654
0
1068750453
0
1071043864
1073741824
1067817302
0
1072381926
3758096384
1071259818
2147483648
1072224473
1610612736
1071092785
0
1069229434
0
1069535702
0
1071136435
1073741824
1069066109
0
1072133464
2684354560
1064621040
0
1072308535
0
1068650845
0
1071039964
3221225472
1070907420
2147483648
1072672923
0
1071900919
1610612736
1071707626
3758096384
1071725903
1610612736
1071377951
2147483648
1072050317
536870912
1071654242
1610612736
1069540282
0
1071346487
1073741824
1071382537
1073741824
1071905111
3758096384
1069692447
0
1067495178
0
1071858871
2684354560
1072544564
2147483648
1070651820
0
1072371391
1610612736
1072140043
3758096384
1069899797
0
1071727448
0
1069765288
2147483648
1072226402
1073741824
1069425537
0
1069733748
0
1067711270
0
1071865127
0
1071968054
1073741824
1072358685
0
1072346155
1073741824
1071341031
3221225472
1071539636
3221225472
1072189455
1610612736
1071023192
1073741824
1071863377
2684354560
1069943918
2147483648
1071070252
2147483648
1071770633
1610612736
1072549454
536870912
1071950667
2147483648
1071342610
0
1072196695
2684354560
1071770557
3221225472
1069686002
0
1072120914
2684354560
1070722793
2147483648
1070913099
0
1071491746
2147483648
1072291751
536870912
1070669258
2147483648
1070177005
2147483648
1072447287
3221225472
1072510553
0
1068060434
0
1072374639
2684354560
1071461100
1073741824
1072693247
2684354560
56
