Uvec
2226355706
1072678398
1610612736
1071498723
0
1072319359
3758096384
1072355033
2684354560
1071125281
2147483648
1072398644
536870912
1070811393
0
1070614231
0
1072528550
536870912
1072491404
0
1072614323
0
1071748776
3221225472
1070600947
3221225472
1068787511
0
1072619535
2147483648
1072654659
0
1068979812
0
1070924812
0
1069369504
0
1069063579
0
1072225170
0
1072684416
3758096384
1071714606
2147483648
1071244149
0
1070790168
0
1071421281
1073741824
1071759461
2147483648
1072509837
2684354560
1068465074
0
1069683170
0
1071786692
3221225472
1070715115
3221225472
1071810534
1073741824
1069429674
0
1071954489
2147483648
1068173522
0
1070258364
2147483648
1072550267
536870912
1072204816
3221225472
1072066825
0
1068676817
0
1071914334
0
1072585836
3221225472
1067887090
0
1072053040
0
1070733511
0
1071530284
0
1070024828
0
1071647851
3221225472
1070169501
2147483648
1067264108
0
1071676371
3221225472
1072544314
3758096384
1072595705
1073741824
1071527770
0
1070775622
0
1072676013
3221225472
1069174773
0
1072612708
3221225472
1071962627
2684354560
1069000699
0
1071580084
3221225472
1071420620
3221225472
1069936223
0
1072677395
3221225472
1072387519
3221225472
1071270637
1073741824
1069557290
2147483648
1071902772
2147483648
1072230394
1073741824
1072270306
1073741824
1070653270
1073741824
1070822468
0
1072553642
3758096384
1071923292
2684354560
1072295528
2684354560
1071728722
1073741824
1072280784
3221225472
1071785650
0
1071712185
0
1072573713
1610612736
1071996862
1610612736
1071845087
1610612736
1071911075
3758096384
1070663174
2147483648
1072267191
1610612736
1068966500
0
1072190419
2147483648
1071050865
2147483648
1071181044
0
1067090604
0
1069359698
0
1070856851
0
1072261098
3758096384
1070659993
0
1070761966
1073741824
1070405335
2147483648
1072436089
2684354560
1071461100
1073741824
1072693247
2684354560
92
