Uvec
2226355706
1071703558
3221225472
1070480485
2147483648
1072259973
0
1071852036
3221225472
1070901888
2147483648
1070660521
2147483648
1071971678
536870912
1071523605
1073741824
1071652837
0
1069042772
0
1067564950
0
1070978685
0
1071982011
0
1071163165
3221225472
1070317910
2147483648
1070809981
1073741824
1072257056
2684354560
1070866990
2147483648
1071382027
2147483648
1072480485
0
1071646013
3221225472
1068857443
0
1072683254
2147483648
1072205669
2684354560
1072220022
3758096384
1071949408
3758096384
1070583145
0
1072071344
0
1072649724
3221225472
1068862592
0
1071929595
1073741824
1072497407
1610612736
1072381138
0
1071802696
536870912
1071945804
3758096384
1072193339
0
1071345493
1073741824
1072596460
536870912
1071711898
2147483648
1070896692
0
1067554974
0
1072263703
1073741824
1072421289
3758096384
1072281878
3758096384
1070963632
0
1070807466
1073741824
1072385388
536870912
1072459449
2147483648
1071020222
1073741824
1071776435
0
1072236389
2684354560
1071666264
1610612736
1070319925
0
1072440096
536870912
1071818691
0
1070828236
2147483648
1071043530
1073741824
1071686441
1073741824
1072217781
2147483648
1069855339
0
1070369036
2147483648
1068635588
0
1070899545
3221225472
1069201789
0
1072463760
3221225472
1072427086
2147483648
1072137277
2147483648
1071866219
1073741824
1070723860
3221225472
1071163432
2147483648
1064652960
0
1071655807
536870912
1071984229
1073741824
1070963727
1073741824
1071240942
0
1070577962
2147483648
1070668878
0
1072411647
2684354560
1071378346
2147483648
1072091199
2684354560
1071040267
0
1071201544
1073741824
1070860997
0
1071748574
3221225472
1068917418
0
1066812332
0
1071817796
3758096384
1072157301
0
1067819474
0
1071966340
2147483648
1070671478
2147483648
1071793131
3221225472
1070915470
3221225472
1072164946
2147483648
1071103196
2147483648
1072092962
1073741824
1072447664
2684354560
1069009208
0
1071461100
1073741824
1072693247
2684354560
48
