Uvec
2226355706
1071274625
2147483648
1070779972
3221225472
1070455826
0
1072643519
0
1071755342
3221225472
1072587061
1073741824
1070176035
2147483648
1071873940
2684354560
1071490438
2147483648
1071169240
1073741824
1070670898
2147483648
1059054592
0
1071905147
2147483648
1071075966
3221225472
1070221453
2147483648
1072071994
0
1071970548
3758096384
1071761243
1610612736
1070808120
3221225472
1072040582
1610612736
1071288125
1073741824
1072138912
1073741824
1071732572
536870912
1070615286
2147483648
1071469228
3221225472
1072492218
2147483648
1071667428
0
1071244282
0
1070525883
0
1071853646
2147483648
1071038957
2147483648
1072056169
3758096384
1071972338
1610612736
1072265341
3221225472
1072277705
536870912
1070765675
0
1070372029
2147483648
1071528455
0
1071666231
536870912
1070550212
0
1071621986
3221225472
1067586864
0
1070717513
3221225472
1071263024
0
1069637365
2147483648
1072642485
2684354560
1072086234
2684354560
1069040408
0
1072456456
536870912
1068560963
0
1070832180
2147483648
1069477604
0
1072014044
2684354560
1071758745
3758096384
1069175092
0
1072256664
1073741824
1070795564
0
1068489534
0
1070588291
2147483648
1072239887
1073741824
1072475157
1610612736
1071788496
3758096384
1072602092
1610612736
1072469834
2684354560
1067996948
0
1071539871
0
1069005820
0
1072051116
1073741824
1071527528
1073741824
1069657319
2147483648
1066991668
0
1071690883
2147483648
1072024083
1073741824
1072109996
2147483648
1070296352
0
1071093244
1073741824
1071372087
2147483648
1068867533
0
1070510954
2147483648
1072076012
3221225472
1071627403
1073741824
1070188891
0
1066255880
0
1071009414
2147483648
1071815966
1073741824
1069701376
2147483648
1069904226
2147483648
1068193540
0
1072678611
3758096384
1072531054
3758096384
1069613519
0
1072453362
0
1072128781
0
1072243407
3758096384
1071680500
2684354560
1072039411
536870912
1071188364
3221225472
1071224060
2147483648
1071461100
1073741824
1072693247
2684354560
16
