Uvec
2226355706
1069672294
0
1072594149
0
1071314028
0
1071741642
536870912
1072608062
3221225472
1071408620
3221225472
1071857304
1610612736
1070662549
3221225472
1071303820
1073741824
1072102872
3758096384
1072421488
1073741824
1072189794
2684354560
1071895764
1610612736
1071593657
0
1067664134
0
1072395815
3221225472
1071388426
3221225472
1071723041
3758096384
1070928159
1073741824
1072249206
1610612736
1072312470
536870912
1072594509
3221225472
1071888765
3758096384
1071821956
536870912
1070431981
2147483648
1072588806
3758096384
1068955288
0
1070231720
0
1072380096
536870912
1072454318
0
1070098411
0
1071548071
3221225472
1071871881
0
1072003610
536870912
1071020476
2147483648
1072488274
3221225472
1071696696
2684354560
1069394619
0
1066607480
0
1071976249
3758096384
1068667631
0
1071143127
0
1070702281
3221225472
1072657393
0
1072081643
2684354560
1072677381
0
1071257437
1073741824
1072026076
2684354560
1072579007
3221225472
1071758769
1073741824
1070811478
2147483648
1071598377
2147483648
1072302455
2147483648
1065638208
0
1071342479
2147483648
1070176610
2147483648
1070919214
3221225472
1070833640
0
1067551186
0
1072641268
1073741824
1069781118
0
1072348528
2147483648
1071910946
1610612736
1067743692
0
1072673082
536870912
1072424915
1073741824
1069626508
2147483648
1071213623
2147483648
1068952420
0
1071773941
2684354560
1068675345
0
1072146372
2147483648
1068901177
0
1071362610
2147483648
1072541099
3221225472
1071862021
1610612736
1072485471
536870912
1068638695
0
1071956051
2684354560
1071148212
1073741824
1072461734
3758096384
1071526270
1073741824
1070111858
0
1070899094
2147483648
1072360777
2684354560
1071761482
3221225472
1072676868
2684354560
1072396413
2147483648
1072062296
3758096384
1071802308
0
1071654310
3758096384
1072507736
1073741824
1072610995
0
1069598029
0
1072086921
2147483648
1069798991
0
1072311509
3758096384
1071298661
1073741824
1071461100
1073741824
1072693247
2684354560
85
