Uvec
2226355706
1070193220
0
1071068111
0
1068216190
0
1072484129
2147483648
1070456899
2147483648
1068116884
0
1072652781
2147483648
1071645894
2147483648
1072337025
536870912
1070672600
1073741824
1070433973
0
1072564625
3221225472
1069990883
0
1072084876
1610612736
1070962017
1073741824
1072626326
0
1071617923
2147483648
1072252881
2684354560
1072557940
0
1071234620
2147483648
1072440716
0
1072267038
1610612736
1069911092
0
1071204367
1073741824
1072342738
536870912
1071207632
0
1069867576
2147483648
1069010283
0
1069575376
2147483648
1070693023
1073741824
1072691659
3221225472
1071069609
2147483648
1071390970
2147483648
1070657352
0
1068638984
0
1072243117
3221225472
1071712402
2147483648
1071970157
3221225472
1071882543
3758096384
1071800117
1610612736
1069557328
0
1071821367
536870912
1070484989
0
1071736629
3758096384
1071873246
2147483648
1072573039
3221225472
1072398066
2147483648
1071511955
2147483648
1071687927
0
1071394078
1073741824
1067220408
0
1072326983
3758096384
1070971148
1073741824
1068382162
0
1071014675
2147483648
1070848093
2147483648
1070640377
0
1069964107
0
1070447733
2147483648
1070866094
2147483648
1071395689
2147483648
1071571959
1073741824
1071839883
2147483648
1071856173
2147483648
1072162350
0
1067882100
0
1072648239
3758096384
1072410512
1073741824
1071754385
536870912
1072055795
2147483648
1072520040
1610612736
1071198963
0
1071615522
3221225472
1069824356
0
1071297015
1073741824
1071944129
2147483648
1070706557
2147483648
1071445029
0
1070831169
1073741824
1072399574
3221225472
1068309134
0
1072115875
1610612736
1072689598
1073741824
1072503399
2147483648
1071528164
1073741824
1071771277
3221225472
1071788926
2147483648
1070697939
3221225472
1072147341
536870912
1072160567
2147483648
1071015259
2147483648
1071649267
2147483648
1072316915
2684354560
1072267319
0
1072434518
3221225472
1072103719
2684354560
1071932665
536870912
1072312700
3221225472
1071461100
1073741824
1072693247
2684354560
39
