Uvec
2226355706
1071310288
0
1071085941
2147483648
1071461988
1073741824
1070000095
2147483648
1072373343
3221225472
1072590212
3221225472
1070363195
2147483648
1069599354
0
1070176839
2147483648
1071985586
0
1071413666
2147483648
1072089983
536870912
1072463964
1610612736
1069639477
0
1071820778
1073741824
1067480820
0
1072461752
2684354560
1070955322
0
1071329143
1073741824
1071278269
2147483648
1070052379
2147483648
1072573892
1073741824
1071821756
536870912
1071870142
2684354560
1071772475
2684354560
1070173079
2147483648
1069738007
0
1067056968
0
1071739204
1610612736
1072083991
1610612736
1071687257
0
1072352909
2684354560
1072426302
1073741824
1069587764
0
1071822167
3221225472
1070148427
0
1071195244
1073741824
1072444518
1610612736
1071075987
1073741824
1071152067
0
1072496531
1073741824
1070432200
2147483648
1071879650
2684354560
1068310796
0
1070174849
0
1071530945
0
1068368702
0
1071192639
1073741824
1070604327
0
1071709613
3221225472
1072019076
1073741824
1064799488
0
1072456066
1610612736
1069305777
0
1072601387
2147483648
1070115886
2147483648
1071087153
1073741824
1070853925
1073741824
1072046253
536870912
1071835955
3221225472
1071799818
1610612736
1069133338
0
1071782912
1073741824
1072483542
1610612736
1071456234
0
1072471220
536870912
1070231989
2147483648
1071693651
1610612736
1070144980
2147483648
1071717160
2147483648
1069963102
0
1069842873
0
1068837579
0
1068735027
0
1069899970
2147483648
1071652386
2684354560
1071860224
3758096384
1071448677
0
1071763608
3758096384
1068197568
0
1071964557
536870912
1064961504
0
1071136368
2147483648
1070619419
2147483648
1072592801
3221225472
1072243723
536870912
1072526726
2684354560
1071438921
2147483648
1072591654
536870912
1072465338
3221225472
1071214593
3221225472
1072585131
0
1070280587
0
1069873073
0
1071344937
3221225472
1072347901
0
1071289515
1073741824
1070285399
2147483648
1071461100
1073741824
1072693247
2684354560
65
