Uvec
2226355706
1072622422
3758096384
1072590895
1073741824
1070238619
0
1072410619
2147483648
1072016326
3221225472
1072473216
536870912
1072454978
3758096384
1072614449
536870912
1069796220
0
1070031913
0
1072224095
2684354560
1071693165
0
1071330411
0
1071736771
1073741824
1069571307
2147483648
1070172714
2147483648
1071825980
0
1070703491
3221225472
1072191468
0
1070399331
0
1070630927
2147483648
1070973630
1073741824
1071213792
3221225472
1071923288
2147483648
1072231794
1610612736
1071858781
3758096384
1070643124
0
1072412652
1610612736
1072678807
1610612736
1066271024
0
1072300696
2147483648
1072398801
1073741824
1072122580
536870912
1068644218
0
1070333929
2147483648
1072008231
1073741824
1067979706
0
1072156729
536870912
1070649079
1073741824
1070961938
0
1072352322
3758096384
1071385867
2147483648
1071690429
2684354560
1068643999
0
1069677839
0
1072683890
0
1072588544
3758096384
1072237595
536870912
1070797829
0
1071382261
0
1071552063
1073741824
1071465486
0
1071051291
0
1072254508
0
1071579407
1073741824
1072253075
3221225472
1069924990
2147483648
1072443768
3221225472
1072325969
2147483648
1066451760
0
1067252448
0
1071277690
1073741824
1072508741
1610612736
1071292028
1073741824
1069769318
2147483648
1072095358
1073741824
1071945007
2684354560
1068264090
0
1071963468
1610612736
1071764966
3758096384
1072590018
0
1070571650
0
1071815697
3221225472
1072132256
3758096384
1071985049
2147483648
1070665564
1073741824
1070607397
0
1072098726
2147483648
1072654367
3758096384
1070839427
0
1072093363
2684354560
1072327073
536870912
1071247364
2147483648
1070440753
2147483648
1072024952
0
1070674043
0
1070518184
2147483648
1071850658
0
1070776629
0
1072304117
3758096384
1068857266
0
1070750232
0
1072653347
2147483648
1068845540
0
1069726965
0
1069942712
2147483648
1070423269
2147483648
1071270582
2147483648
1071461100
1073741824
1072693247
2684354560
92
