Uvec
2226355706
1072402428
536870912
1072616071
1073741824
1070972142
3221225472
1070821978
1073741824
1071122596
3221225472
1065593960
0
1071699457
2684354560
1072468095
1610612736
1072437353
2147483648
1070731576
2147483648
1069846721
2147483648
1071424492
1073741824
1071767481
3758096384
1069459412
0
1072011579
1073741824
1072273891
536870912
1070980728
0
1070975976
3221225472
1070619729
3221225472
1072633001
536870912
1070787031
0
1072572356
1610612736
1072622686
536870912
1071710716
1610612736
1072306460
536870912
1069042385
0
1072294755
3758096384
1072405370
3758096384
1072228946
3221225472
1068443410
0
1072608147
536870912
1071935678
3758096384
1070125926
2147483648
1071718097
536870912
1059621376
0
1070731918
0
1072461687
0
1071122420
1073741824
1071042972
1073741824
1070927904
3221225472
1069681014
0
1071130751
0
1070910387
3221225472
1072581099
1073741824
1070472266
2147483648
1072110628
3758096384
1069133892
0
1072178501
3758096384
1069001665
0
1072203215
536870912
1069778512
2147483648
1068106474
0
1071839693
1610612736
1071046363
2147483648
1069538491
0
1071898933
2684354560
1071578796
2147483648
1065648280
0
1069787135
0
1070838870
0
1072076275
2684354560
1072157768
536870912
1072366750
0
1070695207
0
1069556810
0
1071978376
2684354560
1068075214
0
1069289693
0
1067682174
0
1071833852
3758096384
1072686838
536870912
1072456561
3758096384
1070158479
2147483648
1071880321
536870912
1071406029
1073741824
1072068978
2684354560
1069451243
0
1068923378
0
1071148777
1073741824
1068546615
0
1071535029
2147483648
1070644081
2147483648
1071950668
1073741824
1071245648
1073741824
1071787130
3758096384
1072163800
2147483648
1069534225
0
1068538944
0
1070945678
2147483648
1072305553
3758096384
1071293867
3221225472
1072166321
3758096384
1071818111
2147483648
1071252276
2147483648
1068030764
0
1072542074
2684354560
1070208079
2147483648
1071395367
3221225472
1071461100
1073741824
1072693247
2684354560
58
