Uvec
2226355706
1069100194
0
1068729525
0
1071013362
2147483648
1069017750
0
1070667457
0
1070567586
2147483648
1070637407
2147483648
1071693646
3221225472
1072407691
1073741824
1071923233
2147483648
1071468995
2147483648
1071601459
0
1071013182
0
1071955811
2147483648
1072320825
1073741824
1070872605
2147483648
1070532165
0
1065924936
0
1071707142
536870912
1070805502
3221225472
1072475930
2147483648
1071876188
3221225472
1069785902
0
1071687380
0
1071372396
3221225472
1072419778
536870912
1070563117
2147483648
1064401472
0
1072303001
3758096384
1072380169
2684354560
1071795558
0
1069652340
2147483648
1071437947
0
1069763764
2147483648
1072475550
3221225472
1069409901
0
1072151013
0
1071968648
1610612736
1071246040
3221225472
1070653058
3221225472
1070457233
0
1071573676
2147483648
1072482213
3221225472
1071456150
2147483648
1069537845
0
1071498263
0
1069155882
0
1071998959
536870912
1069462191
0
1070656827
1073741824
1072116457
1610612736
1071481650
1073741824
1071266248
2147483648
1071579943
3221225472
1071771622
2147483648
1072066960
0
1069946381
2147483648
1072090662
536870912
1071741439
3758096384
1071885886
3758096384
1072467137
536870912
1070908580
1073741824
1072357526
1073741824
1066107304
0
1070521504
0
1065895448
0
1071893374
2147483648
1070704293
1073741824
1072355863
3221225472
1070395830
2147483648
1071695439
3221225472
1069908575
2147483648
1072313911
2684354560
1071800306
1610612736
1070834584
3221225472
1072514113
2684354560
1070882290
2147483648
1072534318
1610612736
1071835876
3221225472
1067810382
0
1072108689
2147483648
1072444304
2147483648
1071794379
536870912
1071577389
1073741824
1072326091
1073741824
1072568779
0
1072027420
1610612736
1072116462
3758096384
1068260824
0
1071763476
2147483648
1072514633
3758096384
1070782378
1073741824
1072422004
3758096384
1070903080
2147483648
1072246471
3758096384
1071057557
0
1072473549
1610612736
1071872100
1610612736
1071461100
1073741824
1072693247
2684354560
43
