Uvec
2226355706
1071963927
2147483648
1072547766
2147483648
1071357738
2147483648
1071304258
2147483648
1070795161
0
1070953334
3221225472
1068792792
0
1071777192
1073741824
1072447889
1610612736
1072613658
1610612736
1070842969
3221225472
1072242536
1610612736
1071719765
1610612736
1072468306
1073741824
1071734536
3221225472
1071608300
0
1072075848
1073741824
1072187441
536870912
1068878561
0
1070818666
1073741824
1072420300
536870912
1071055669
0
1068738481
0
1072085660
2147483648
1070414345
0
1070822604
3221225472
1071704009
1610612736
1068192868
0
1072309195
2147483648
1070213748
2147483648
1072587578
1073741824
1072255339
2147483648
1071950586
3221225472
1071529765
2147483648
1071397717
0
1072304819
536870912
1070378906
0
1068687531
0
1070459862
0
1072005147
1610612736
1070943470
0
1072396719
1610612736
1071388873
1073741824
1072467773
3758096384
1071131337
3221225472
1067877450
0
1072535891
2147483648
1069864046
0
1071670206
3758096384
1071380950
0
1072173033
1610612736
1071283793
1073741824
1071776854
3221225472
1072324149
2147483648
1071965509
3221225472
1070802137
2147483648
1071909212
3758096384
1070316753
2147483648
1070868453
1073741824
1072108285
1610612736
1071078759
1073741824
1072187261
3221225472
1071361036
2147483648
1071636702
0
1070917782
3221225472
1072622754
2147483648
1067928006
0
1070931721
1073741824
1066653260
0
1072665770
536870912
1072066892
536870912
1071020531
3221225472
1071499788
1073741824
1070754741
2147483648
1072408004
3758096384
1072287217
0
1072422070
3758096384
1071206867
3221225472
1070843021
1073741824
1072003958
2147483648
1071706776
3221225472
1071400527
0
1071024412
3221225472
1069798109
2147483648
1072663206
1610612736
1070797764
1073741824
1072360858
1073741824
1071694596
1073741824
1072261373
0
1072200983
1073741824
1067708550
0
1072083120
3221225472
1072615265
0
1065290816
0
1071845234
3221225472
1070728599
0
1070706988
1073741824
1069864592
2147483648
1071461100
1073741824
1072693247
2684354560
37
