Uvec
2226355706
1072143932
2684354560
1070614157
1073741824
1070724823
2147483648
1070811638
2147483648
1070368508
0
1071879634
1610612736
1072010889
1073741824
1071475237
0
1072334541
0
1071464575
3221225472
1068216352
0
1070633731
2147483648
1072165467
3758096384
1072089275
3758096384
1069672236
2147483648
1072279936
2684354560
1069992523
2147483648
1071255805
1073741824
1071930919
0
1072382961
3221225472
1071336345
2147483648
1069150480
0
1072325448
0
1072651478
2684354560
1071659064
2147483648
1071776916
1610612736
1070757473
0
1070729448
2147483648
1066783260
0
1069553706
2147483648
1071916394
2147483648
1072340069
536870912
1071980694
3221225472
1072126634
3221225472
1070787087
1073741824
1069959100
0
1072189578
536870912
1071192683
2147483648
1072216762
2147483648
1071889946
3221225472
1071935387
1610612736
1071992417
0
1069646655
0
1071735025
2147483648
1071949169
3758096384
1071334998
0
1070511231
2147483648
1071498827
2147483648
1067450692
0
1072089277
3758096384
1069654805
2147483648
1072404385
0
1071363060
2147483648
1070375706
0
1072276056
2147483648
1071887899
2147483648
1071756360
2147483648
1072652576
3221225472
1069333265
0
1072113522
536870912
1071835367
3758096384
1071893960
2147483648
1072104480
1610612736
1071275669
0
1070650802
0
1071955768
3758096384
1068856324
0
1070141589
2147483648
1071685651
2147483648
1072250063
3758096384
1072261732
1610612736
1071532287
2147483648
1072288645
2147483648
1071133375
3221225472
1066627056
0
1072647599
2684354560
1071271672
1073741824
1072499045
0
1071710665
3221225472
1071299450
2147483648
1071039588
1073741824
1070448481
0
1072159066
536870912
1070955203
1073741824
1072554502
536870912
1072305918
1073741824
1072659930
3221225472
1071481317
3221225472
1071781089
536870912
1071648423
1610612736
1071149793
1073741824
1072255568
0
1071900723
3758096384
1072218808
2147483648
1072651306
3221225472
1068959511
0
1070265401
0
1071839163
3758096384
1071461100
1073741824
1072693247
2684354560
17
