Uvec
2226355706
1072250913
1610612736
1070951338
3221225472
1071126662
1073741824
1071961987
2147483648
1072676874
0
1070938436
2147483648
1071742435
1073741824
1071815930
536870912
1071525657
3221225472
1067795152
0
1070862378
0
1072339283
1610612736
1072375010
1610612736
1071923678
3221225472
1065562616
0
1070383333
2147483648
1068557668
0
1071185636
3221225472
1072624016
3758096384
1071027171
2147483648
1072484952
1073741824
1072280241
3221225472
1072283874
0
1070946101
3221225472
1070272034
2147483648
1070668681
2147483648
1071917352
536870912
1069306633
0
1071388433
3221225472
1069649554
2147483648
1072679253
3221225472
1070614081
0
1068784718
0
1070538462
0
1072163329
2684354560
1072603691
1610612736
1072023122
1073741824
1071400808
0
1070226467
0
1072168959
3221225472
1071615600
3221225472
1071969699
1610612736
1071620604
2147483648
1068019858
0
1070633880
1073741824
1071354246
2147483648
1072597893
2684354560
1071672856
2147483648
1072595373
2684354560
1070642796
0
1069670304
2147483648
1068863633
0
1072215442
1073741824
1072190643
1073741824
1072076396
2684354560
1070614212
2147483648
1068541163
0
1071055224
0
1071930406
536870912
1071532471
1073741824
1070831565
0
1071690797
1610612736
1072557682
3758096384
1072598591
3758096384
1072288591
2147483648
1070893046
2147483648
1072459442
3758096384
1072194090
2684354560
1070632303
0
1071811836
1073741824
1067128452
0
1070092160
2147483648
1071722024
1073741824
1071814349
0
1069526005
0
1068684712
0
1071760610
536870912
1071077707
3221225472
1072197655
0
1069286384
0
1072636251
1073741824
1071760660
3221225472
1072435696
1610612736
1070740031
0
1068133120
0
1066292936
0
1072454277
2147483648
1071561425
2147483648
1072536039
3221225472
1069673435
0
1070123701
2147483648
1068300306
0
1068437506
0
1072152066
2684354560
1071420335
1073741824
1071062238
0
1071307252
3221225472
1071663016
0
1071461100
1073741824
1072693247
2684354560
62
