Uvec
2226355706
1072125065
3221225472
1072578545
2684354560
1071367804
2147483648
1070744221
3221225472
1072018332
3221225472
1070201999
2147483648
1068803423
0
1069582931
2147483648
1072401945
3221225472
1072625466
1073741824
1071781146
3221225472
1072424975
536870912
1071466281
1073741824
1072036925
3758096384
1069638539
0
1068108860
0
1072082071
1610612736
1071643546
0
1072620646
3758096384
1071535023
1073741824
1071766985
2147483648
1072249937
3758096384
1072458410
536870912
1071707501
536870912
1072638934
3758096384
1072537558
1073741824
1072101669
1073741824
1071996991
2684354560
1071087205
0
1072232690
536870912
1070244283
2147483648
1072340985
536870912
1070643576
0
1070819029
3221225472
1067522384
0
1070124592
2147483648
1071976492
3221225472
1071229755
0
1071900673
1610612736
1072208786
536870912
1072470872
536870912
1070758928
1073741824
1072581593
1073741824
1071543058
0
1070950766
1073741824
1072589475
0
1070907058
3221225472
1071381661
3221225472
1070731495
0
1072044636
2684354560
1072659733
3221225472
1071032661
0
1072575997
536870912
1071541397
2147483648
1071114670
2147483648
1071776568
2684354560
1070706572
3221225472
1070921219
2147483648
1069399040
0
1072363508
2147483648
1070844609
3221225472
1071776132
536870912
1069116226
0
1069783287
0
1071641570
2147483648
1072177733
3221225472
1071720827
2147483648
1070445462
2147483648
1072196890
2684354560
1072290428
1610612736
1071366440
3221225472
1072541099
536870912
1071797556
3758096384
1072464700
3221225472
1072608957
536870912
1068682481
0
1072456308
2684354560
1072314540
2684354560
1072082480
2147483648
1071985769
3221225472
1070567871
2147483648
1071887824
1610612736
1072675190
2147483648
1068787200
0
1068057430
0
1071062670
3221225472
1072569636
536870912
1069230599
0
1071260318
3221225472
1068686335
0
1068933730
0
1072692848
3221225472
1072257434
2147483648
1072417618
3758096384
1071815789
3221225472
1071548113
1073741824
1072402141
2684354560
1070726092
3221225472
1071461100
1073741824
1072693247
2684354560
11
