Uvec
2226355706
1071809938
3221225472
1068170890
0
1071698961
1073741824
1072390017
0
1069766535
0
1070734230
3221225472
1072088463
3758096384
1072484355
3758096384
1072059779
2684354560
1070766947
2147483648
1072316833
0
1070807716
3221225472
1072657513
2684354560
1072176039
1610612736
1070665030
1073741824
1072244963
1073741824
1070661992
2147483648
1072297024
536870912
1070626134
1073741824
1070428386
2147483648
1072337989
2147483648
1069096741
0
1071988085
536870912
1072190894
2684354560
1070927272
2147483648
1071710054
1073741824
1072127265
3758096384
1072601969
0
1072516317
2684354560
1068930085
0
1070893357
0
1071878274
0
1072149317
536870912
1072075794
3758096384
1067681254
0
1072530797
0
1071835902
536870912
1070693528
2147483648
1072559391
1610612736
1071079865
0
1071442575
3221225472
1072118971
2147483648
1072035557
2684354560
1071005713
1073741824
1071940979
0
1071291468
3221225472
1070773588
1073741824
1071782955
2684354560
1071966045
3221225472
1071425716
0
1071347059
1073741824
1071775701
2147483648
1068058070
0
1072018319
2684354560
1068186806
0
1069899090
0
1071908737
1610612736
1070891814
1073741824
1071949987
1073741824
1070784242
1073741824
1071818203
2684354560
1071055988
3221225472
1071964408
536870912
1066578772
0
1071322134
0
1070600916
3221225472
1072530439
1073741824
1070062146
2147483648
1072424502
0
1068562338
0
1072319789
1073741824
1062983360
0
1071973519
2684354560
1071785793
2147483648
1070358497
2147483648
1072377781
1610612736
1070598195
1073741824
1071613242
3221225472
1070776778
0
1070229880
0
1072512398
2147483648
1065452944
0
1071613180
0
1071284309
2147483648
1072337046
1073741824
1070638820
2147483648
1071241329
2147483648
1071306946
1073741824
1070270890
2147483648
1072458474
1610612736
1072445686
536870912
1071899850
3221225472
1071274351
3221225472
1072228767
1610612736
1067947060
0
1072283216
1610612736
1071145306
2147483648
1071399212
1073741824
1071461100
1073741824
1072693247
2684354560
76
