Uvec
2226355706
1072509498
536870912
1071703020
2684354560
1070708883
1073741824
1070561509
0
1071890855
2684354560
1070338890
0
1072218394
0
1070639118
1073741824
1072676012
1610612736
1068857542
0
1068312030
0
1071842589
3758096384
1072172425
0
1071251263
0
1071480508
2147483648
1071698173
2147483648
1069971455
2147483648
1072041196
3758096384
1070998902
3221225472
1069815638
2147483648
1071447257
2147483648
1072551728
2684354560
1071528690
2147483648
1071058598
3221225472
1070916350
3221225472
1071668756
1073741824
1072620309
1073741824
1067087808
0
1071907838
2147483648
1071878255
3758096384
1071379045
2147483648
1066682684
0
1069069979
0
1071214304
1073741824
1072627288
1610612736
1071787150
3758096384
1072275717
536870912
1068670251
0
1068983367
0
1072097243
536870912
1070797352
2147483648
1068757217
0
1068307828
0
1072329307
1610612736
1070515005
2147483648
1071603470
3221225472
1071695121
0
1072251472
0
1072467597
1073741824
1069861459
2147483648
1060813568
0
1072171300
3758096384
1070495320
2147483648
1070315459
0
1071898424
3758096384
1065470288
0
1072471979
2684354560
1071218977
1073741824
1071807680
1610612736
1072367525
1073741824
1071614809
1073741824
1072260922
3221225472
1072192761
536870912
1068567740
0
1071027152
3221225472
1072659454
3758096384
1071966553
1610612736
1070466360
2147483648
1071250245
0
1071370235
0
1071938559
3758096384
1072087540
1610612736
1071889388
3221225472
1072676137
2684354560
1071493884
2147483648
1071111896
3221225472
1069550774
2147483648
1072538434
536870912
1067283744
0
1072613162
1610612736
1071848269
3221225472
1070784492
1073741824
1072067200
3758096384
1072072527
1073741824
1065989888
0
1071374036
0
1072346191
3221225472
1070399160
0
1072088288
1073741824
1072599208
3221225472
1072330340
0
1071745512
536870912
1070961560
2147483648
1072403033
2147483648
1071100990
1073741824
1070525048
2147483648
1070965497
2147483648
1071230551
0
1071461100
1073741824
1072693247
2684354560
34
