Uvec
2226355706
1069615475
2147483648
1070956344
0
1071997393
1073741824
1066817156
0
1071967351
2684354560
1068987941
0
1072680094
536870912
1068513459
0
1071696958
3758096384
1071515212
3221225472
1072417539
536870912
1070894333
0
1072505060
2684354560
1069161635
0
1072081948
3221225472
1072572864
1073741824
1072522337
0
1071468090
3221225472
1071745108
2684354560
1071677748
2684354560
1071297058
0
1071669345
2147483648
1069843179
0
1070283217
2147483648
1072205487
1073741824
1072413055
3758096384
1069086618
0
1071500815
0
1071926034
2684354560
1070002462
0
1071359203
3221225472
1072581464
0
1066463860
0
1072478150
0
1069940586
0
1072364281
1073741824
1069457448
0
1071125768
3221225472
1067764446
0
1072074351
2147483648
1072427960
2147483648
1071327940
1073741824
1072073000
2147483648
1072658224
0
1072541665
3221225472
1070860911
0
1071880349
1073741824
1072572089
1073741824
1071890860
1610612736
1072296908
3758096384
1072055423
536870912
1071840299
1610612736
1070331779
0
1072093104
2684354560
1069486268
0
1070370313
2147483648
1072355702
1073741824
1069816952
2147483648
1071101268
0
1072552083
1073741824
1071470307
3221225472
1066789116
0
1070111999
0
1069596222
2147483648
1070149772
2147483648
1064301216
0
1072007194
2684354560
1071726809
1610612736
1071854517
1073741824
1070708864
3221225472
1069909599
0
1070968592
0
1070753655
3221225472
1072578259
2147483648
1072616821
1073741824
1072046728
2684354560
1070630712
1073741824
1070353993
0
1072068437
3758096384
1072267953
536870912
1071910809
1073741824
1071747315
2147483648
1070694759
1073741824
1072048759
536870912
1072518794
536870912
1069697266
2147483648
1072076431
2684354560
1072113079
0
1072240296
3221225472
1069415975
0
1071190503
3221225472
1069945332
0
1071467359
0
1071336168
3221225472
1071654461
1610612736
1071215430
3221225472
1071973294
536870912
1071000809
3221225472
1071461100
1073741824
1072693247
2684354560
32
