Uvec
2226355706
1070767924
1073741824
1071648087
3758096384
1072236183
3221225472
1070614293
3221225472
1072310118
2684354560
1065226144
0
1071756358
536870912
1071053827
3221225472
1071008378
0
1071981058
3221225472
1071785988
2684354560
1070654610
1073741824
1072676371
0
1067724492
0
1072573405
1610612736
1068702812
0
1071876831
2147483648
1067772826
0
1071062330
0
1072043698
0
1071756904
536870912
1068647923
0
1067257376
0
1072197222
2684354560
1072059458
2147483648
1068220420
0
1071590104
2147483648
1071752069
1610612736
1072557757
2684354560
1070687308
0
1072648867
2147483648
1069535109
0
1071652597
3221225472
1071249717
3221225472
1070982049
3221225472
1066264880
0
1069971837
0
1071357895
2147483648
1072654383
2147483648
1070021023
0
1068038088
0
1071987491
3758096384
1071736443
1073741824
1072403723
0
1072592961
2147483648
1072692264
3221225472
1072347936
0
1069217845
0
1072160329
2147483648
1070604564
1073741824
1072312481
536870912
1072369282
1073741824
1069710129
0
1071033927
3221225472
1070989345
1073741824
1071789282
0
1072247237
3221225472
1072535383
3758096384
1069932777
2147483648
1071666660
1073741824
1065477384
0
1072438735
3221225472
1068766908
0
1071663085
2147483648
1072196217
536870912
1069743073
0
1072589398
1610612736
1071964964
0
1070613653
1073741824
1071753088
0
1071720983
0
1071884674
536870912
1071446680
2147483648
1071677613
1073741824
1071817104
3758096384
1072589013
536870912
1071153821
3221225472
1072318754
1073741824
1071973354
536870912
1071272034
0
1071102640
1073741824
1071275157
2147483648
1071654428
3221225472
1072274655
1610612736
1072153403
536870912
1071948470
2147483648
1071795649
1073741824
1071266785
3221225472
1068685841
0
1072644008
0
1070059344
0
1069648025
2147483648
1071807227
3221225472
1071012417
3221225472
1072417751
2147483648
1069702842
2147483648
1070144696
2147483648
1072570754
1610612736
1071461100
1073741824
1072693247
2684354560
2
