Uvec
2226355706
1070666600
1073741824
1071704037
3221225472
1071993203
536870912
1069783402
2147483648
1072403658
3758096384
1070624816
3221225472
1072436340
1073741824
1072537543
3221225472
1072521653
3758096384
1071580810
0
1070756459
0
1069209698
0
1072115047
2684354560
1071423311
3221225472
1072643493
1610612736
1070767871
1073741824
1071959877
1073741824
1070713994
0
1068986392
0
1071986397
3758096384
1072461840
2684354560
1065138432
0
1065067296
0
1071882912
1610612736
1072686789
2147483648
1071727873
1073741824
1071181338
1073741824
1071150529
0
1063615584
0
1069738025
2147483648
1071190504
2147483648
1070374691
2147483648
1072223358
1610612736
1071411116
1073741824
1069665724
0
1072398061
1610612736
1071190905
3221225472
1072409218
2684354560
1072112963
1073741824
1072320144
1610612736
1069801243
0
1071999461
2147483648
1072045912
0
1072510866
2147483648
1072520762
536870912
1072115011
3221225472
1069196523
0
1070993510
3221225472
1065863528
0
1071823732
0
1071660706
1610612736
1069283254
0
1070411513
0
1072324629
2147483648
1071888316
3221225472
1070711976
2147483648
1069821109
0
1072556569
0
1072230172
3758096384
1072341867
536870912
1066358464
0
1071484851
1073741824
1071341814
0
1071628740
0
1071264254
2147483648
1070269265
0
1071707818
3758096384
1072049835
536870912
1072065640
3758096384
1069395394
0
1068721945
0
1070842232
2147483648
1072020014
2684354560
1069914121
0
1067626140
0
1071476847
1073741824
1070548190
0
1070137180
0
1068006062
0
1072443967
536870912
1069795498
0
1069465284
0
1069739213
2147483648
1072250500
2147483648
1070497916
2147483648
1068441054
0
1072665447
3221225472
1072392911
1610612736
1068340238
0
1071701240
2147483648
1070919879
0
1066935860
0
1070887396
2147483648
1072387869
1610612736
1072200225
1610612736
1072342939
3758096384
1072204589
1073741824
1070420756
0
1071461100
1073741824
1072693247
2684354560
10
