Uvec
2226355706
1070959284
0
1070383529
0
1072500863
3758096384
1068774208
0
1071363422
2147483648
1069782847
0
1067650182
0
1072163875
1610612736
1066997376
0
1069591416
2147483648
1072353859
1610612736
1071921224
0
1072121303
2684354560
1072622722
2684354560
1069232326
0
1072211626
536870912
1071696688
1610612736
1072089772
3221225472
1071991744
3221225472
1072388683
0
1071547719
0
1066050704
0
1072213111
2147483648
1070063883
2147483648
1071859383
1073741824
1072501684
3758096384
1072309496
1610612736
1068135332
0
1071614806
1073741824
1072258398
3221225472
1072303997
1610612736
1070411635
2147483648
1071994675
0
1071934671
536870912
1071855555
1073741824
1068987433
0
1072683822
2147483648
1072627188
0
1070406177
0
1071187878
2147483648
1068985716
0
1072086161
1610612736
1071950387
3221225472
1072007584
3221225472
1071767049
3221225472
1072324757
1610612736
1069577327
0
1072233657
2147483648
1068809510
0
1071764105
1073741824
1072675014
2147483648
1069678911
0
1071792026
536870912
1072411330
2147483648
1072408904
3221225472
1070627570
0
1071508988
3221225472
1072131154
2147483648
1067982088
0
1066107320
0
1070232040
0
1070197829
0
1072437256
536870912
1072648013
536870912
1072409548
3758096384
1072117122
2147483648
1070462976
2147483648
1071406521
1073741824
1071625052
0
1070253237
2147483648
1072322225
1610612736
1071733618
1610612736
1069957141
2147483648
1070614987
3221225472
1069623381
0
1071494785
0
1072407747
536870912
1071873128
2147483648
1072432280
3221225472
1070604557
3221225472
1071486812
0
1072538683
0
1069830788
2147483648
1071778731
3758096384
1070799445
2147483648
1071971183
3221225472
1064342592
0
1070604330
3221225472
1071854888
2684354560
1070757592
0
1071966326
1073741824
1071596082
2147483648
1070667564
2147483648
1070046479
0
1069198411
0
1072167874
0
1070756843
1073741824
1072327786
3758096384
1071461100
1073741824
1072693247
2684354560
83
