Uvec
2226355706
1072129879
1073741824
1072372579
3221225472
1071519601
2147483648
1071981510
1073741824
1070647352
0
1071891935
1073741824
1069765358
2147483648
1072176380
2684354560
1069893527
2147483648
1068099082
0
1071900326
536870912
1072684218
1073741824
1072134648
1073741824
1065755200
0
1069093036
0
1071796280
3221225472
1071840119
3221225472
1070590377
0
1069573894
0
1071976260
0
1071889997
2147483648
1072367236
3758096384
1067465832
0
1072091552
0
1072156321
536870912
1069688592
0
1070137636
2147483648
1070503131
0
1072192969
1073741824
1072104024
1073741824
1072124201
2147483648
1071942075
1073741824
1072340466
1610612736
1068577713
0
1072018547
3758096384
1072218949
2147483648
1072079205
2147483648
1072259260
2147483648
1072288040
3758096384
1071415020
1073741824
1070333180
2147483648
1071453228
2147483648
1072658107
1610612736
1071947981
536870912
1072047683
536870912
1072463544
1073741824
1072284081
0
1070914054
1073741824
1072492042
536870912
1068599583
0
1070829522
2147483648
1070707604
0
1071234814
0
1070046882
0
1070654180
3221225472
1061465728
0
1071369831
2147483648
1072337292
3221225472
1067379828
0
1071083518
3221225472
1072665102
3221225472
1072633730
3221225472
1072222888
3758096384
1072200965
1073741824
1071783975
2684354560
1072336676
0
1072420337
1610612736
1071794754
3758096384
1070159581
2147483648
1071377582
2147483648
1072690921
3221225472
1072298032
2147483648
1072232612
2684354560
1071642178
3221225472
1072036550
3758096384
1068634261
0
1070683926
3221225472
1071728983
1610612736
1067724426
0
1071818438
536870912
1070818345
3221225472
1072544945
536870912
1072147424
1073741824
1069730030
2147483648
1069282941
0
1071735924
2684354560
1071214426
1073741824
1072329674
3758096384
1070809915
2147483648
1072284132
2684354560
1070686117
3221225472
1071870402
2684354560
1071570028
2147483648
1071597285
1073741824
1071412857
2147483648
1072546040
536870912
1071556800
3221225472
1067975410
0
1071461100
1073741824
1072693247
2684354560
3
