Uvec
2226355706
1072138055
3758096384
1072143647
536870912
1068512257
0
1071903930
3221225472
1069664520
0
1071259545
3221225472
1071372179
1073741824
1072232221
1610612736
1067490490
0
1071292930
3221225472
1069968970
2147483648
1071235890
1073741824
1072283677
3758096384
1071274283
0
1071679391
2147483648
1072318852
1610612736
1072315701
3221225472
1070609213
1073741824
1072111075
2684354560
1072012179
2684354560
1072094107
536870912
1070980560
0
1066073904
0
1072394435
3758096384
1072506053
1073741824
1070803462
1073741824
1072169332
536870912
1068329212
0
1069366535
0
1071832792
3758096384
1068261194
0
1066966288
0
1072470558
2147483648
1071587985
0
1071997368
3758096384
1071353670
0
1072452154
1073741824
1072008804
2684354560
1072651791
536870912
1067549546
0
1072654630
1073741824
1068603749
0
1071618116
1073741824
1071962540
536870912
1072589905
536870912
1072191748
2684354560
1072341126
2684354560
1071396196
3221225472
1071331083
1073741824
1068601335
0
1070312869
0
1069459169
0
1072301569
0
1072376953
3758096384
1072046330
536870912
1072643788
2147483648
1071940294
1610612736
1071454570
1073741824
1070653947
3221225472
1071765192
536870912
1072222751
1610612736
1072515361
2147483648
1071426405
1073741824
1071530705
0
1068558170
0
1071967739
2684354560
1072152083
536870912
1072140391
3221225472
1071894466
2147483648
1072102988
1610612736
1072374374
3221225472
1070180159
2147483648
1069436478
0
1071374643
0
1069122357
0
1072397861
3221225472
1072416893
2684354560
1063425888
0
1072145361
536870912
1070621232
2147483648
1072660229
3758096384
1071799253
3758096384
1072268815
3221225472
1072482054
536870912
1071924203
2147483648
1072644684
2684354560
1071137429
1073741824
1069044775
0
1071756513
0
1072397639
3758096384
1065207328
0
1072307325
1073741824
1072523183
536870912
1071506320
1073741824
1071722945
1610612736
1069182049
0
1072526885
1610612736
1071803467
2147483648
1071461100
1073741824
1072693247
2684354560
48
