Uvec
2226355706
1072006333
536870912
1071035192
1073741824
1072151344
2147483648
1071803086
536870912
1072103562
536870912
1067604364
0
1071877870
2147483648
1071936800
1610612736
1070640379
2147483648
1071972960
3758096384
1072076073
1610612736
1072686140
2684354560
1072091354
536870912
1072279083
3221225472
1071852019
2684354560
1070652313
1073741824
1072230473
3758096384
1072138908
1610612736
1072407572
2684354560
1072167775
2147483648
1071846611
1073741824
1071620060
3221225472
1068547734
0
1069549149
0
1072647640
536870912
1071964678
1073741824
1071548731
2147483648
1071295279
3221225472
1072629480
2684354560
1070888270
2147483648
1072100488
3221225472
1068366520
0
1072137928
0
1070913856
0
1071875831
3221225472
1071459537
0
1072202561
0
1071836218
536870912
1071849531
0
1068897852
0
1069916015
2147483648
1071506008
3221225472
1071706788
2684354560
1072333808
2684354560
1069741801
0
1068596908
0
1072410086
3758096384
1072225035
536870912
1071802527
1610612736
1070850220
2147483648
1071644519
0
1072368372
0
1072148765
3758096384
1068755080
0
1070646851
2147483648
1067497888
0
1071669310
1073741824
1068052920
0
1068833777
0
1068763093
0
1071156644
3221225472
1072330371
3758096384
1072010884
536870912
1072537389
2147483648
1071256443
3221225472
1065870048
0
1070636590
3221225472
1071882987
1610612736
1072188877
2147483648
1068045578
0
1072104309
0
1071348269
0
1071220413
0
1072017577
536870912
1072687713
536870912
1071452677
3221225472
1072152034
1073741824
1066821940
0
1071103012
1073741824
1071474317
3221225472
1071039895
2147483648
1072263168
3758096384
1071530819
2147483648
1072527095
536870912
1072017902
0
1071559303
1073741824
1072649036
2147483648
1071693746
1610612736
1069049605
0
1070139966
0
1067696518
0
1072450080
1610612736
1072665033
3221225472
1071493766
3221225472
1071041097
2147483648
1071167688
0
1069498552
0
1072469069
3758096384
1071461100
1073741824
1072693247
2684354560
41
