Uvec
2226355706
1072649824
0
1070636693
1073741824
1071760923
536870912
1072362651
3758096384
1071675845
3221225472
1070890333
2147483648
1071309380
1073741824
1070346344
0
1071318633
2147483648
1069326178
0
1072644246
2684354560
1071314190
3221225472
1072047666
1073741824
1072172238
2684354560
1071814083
536870912
1072107340
2684354560
1068826911
0
1068546082
0
1067455488
0
1072107179
536870912
1068333444
0
1071745588
2684354560
1072017448
2684354560
1071702496
3758096384
1070708768
3221225472
1072270521
536870912
1070768507
0
1070381774
2147483648
1068850606
0
1071515575
1073741824
1072141966
3221225472
1071248784
3221225472
1072162456
3221225472
1072218668
1073741824
1070967846
3221225472
1072122788
3221225472
1072098539
3758096384
1072513770
0
1071862653
2684354560
1072301896
3221225472
1071553911
3221225472
1072403291
1610612736
1071748742
3758096384
1068038092
0
1072607921
2147483648
1072256422
1073741824
1072083546
0
1070799114
0
1071931200
1610612736
1072573498
2684354560
1070969580
2147483648
1069653494
0
1071962699
3221225472
1070872325
2147483648
1071732770
2147483648
1071204820
1073741824
1068328596
0
1071748321
1610612736
1072536718
3758096384
1072462514
1073741824
1072004176
1073741824
1071249304
3221225472
1072223227
0
1072171824
2684354560
1071686340
3758096384
1072107305
0
1070941202
0
1071180352
1073741824
1068425594
0
1068909501
0
1072194257
2684354560
1071757840
3221225472
1072637409
0
1072555172
2147483648
1072051100
2684354560
1069119330
0
1071119883
1073741824
1072312803
2147483648
1068090928
0
1072561689
1073741824
1070929452
3221225472
1072457937
1073741824
1072295753
3758096384
1071320283
1073741824
1070468605
2147483648
1070026228
2147483648
1072256837
2147483648
1069941266
0
1068353142
0
1071955150
1073741824
1072662411
1610612736
1072379854
536870912
1071492059
3221225472
1072037367
2147483648
1069869710
0
1072339971
0
1069279484
0
1070062947
2147483648
1071461100
1073741824
1072693247
2684354560
92
