Uvec
2226355706
1072229840
1610612736
1071783102
2684354560
1072238264
2147483648
1072512719
3758096384
1072125944
1610612736
1072376110
0
1069029240
0
1072666460
1073741824
1070485661
2147483648
1070040033
0
1071802047
1610612736
1069422266
0
1065063728
0
1071956802
536870912
1070604603
3221225472
1071378412
0
1071967409
3758096384
1071725158
1610612736
1072666283
2684354560
1070558967
2147483648
1071157487
0
1071927454
2147483648
1072516117
3758096384
1070155321
2147483648
1072274185
1073741824
1070962745
0
1072558849
2684354560
1070035857
2147483648
1069480170
0
1069787359
0
1069431561
0
1067481990
0
1068383252
0
1072033437
536870912
1072535458
0
1071110747
3221225472
1071227561
2147483648
1070102334
0
1072548940
536870912
1071770855
2684354560
1071598866
3221225472
1072102944
1073741824
1071913375
1610612736
1071843032
2147483648
1071119969
0
1072485073
3221225472
1070731440
2147483648
1069957659
2147483648
1071327866
0
1070765312
0
1071886314
3221225472
1071361935
0
1072324120
3221225472
1070889416
2147483648
1072008717
536870912
1072689870
0
1070651088
2147483648
1072328582
1610612736
1072303532
3758096384
1069132842
0
1069168177
0
1072296533
1073741824
1071689938
2147483648
1071892604
1610612736
1065395408
0
1070017486
0
1072587475
2684354560
1068767755
0
1070096481
0
1071347261
1073741824
1071470694
0
1072134700
1610612736
1072643451
536870912
1072116617
1610612736
1070345452
0
1070667907
2147483648
1071989035
1073741824
1068740814
0
1069878157
2147483648
1072374234
3758096384
1069977686
0
1071509477
0
1070734128
2147483648
1068959914
0
1071926038
0
1069735727
0
1071447272
2147483648
1070985440
1073741824
1071294400
0
1072680544
3221225472
1071099875
3221225472
1070261750
2147483648
1071457121
1073741824
1071079936
2147483648
1070757362
3221225472
1071980856
3758096384
1071853359
2684354560
1070643576
1073741824
1071461100
1073741824
1072693247
2684354560
89
