Uvec
2226355706
1069814387
2147483648
1071650263
1610612736
1071757027
3221225472
1072387217
2147483648
1071733417
3758096384
1070602012
0
1070151292
0
1072584974
1073741824
1071498756
1073741824
1070644110
1073741824
1068697163
0
1071969841
536870912
1072382897
2684354560
1072074600
0
1071815144
2684354560
1072411921
1073741824
1071691338
1610612736
1066969212
0
1071466208
2147483648
1069530116
0
1072381533
2147483648
1071744382
1073741824
1068726880
0
1070703724
1073741824
1068710974
0
1070446632
0
1072201546
2684354560
1070227636
0
1071069124
3221225472
1070162169
0
1072282286
2684354560
1068810626
0
1069607725
2147483648
1069349342
0
1071239522
0
1071074581
0
1068057600
0
1071707487
2147483648
1071050405
0
1071891531
536870912
1069994945
2147483648
1068475884
0
1071681814
1073741824
1072087696
536870912
1071372228
2147483648
1069966056
0
1072168523
2147483648
1071573151
1073741824
1072167534
1073741824
1070579000
0
1069622838
0
1071976257
2684354560
1072431950
1073741824
1072010606
1610612736
1072065014
3221225472
1071691215
1073741824
1071945092
3221225472
1072489534
1610612736
1069999920
2147483648
1071678506
2147483648
1070949812
3221225472
1070749054
1073741824
1071813692
536870912
1071741225
2147483648
1068127264
0
1071104426
0
1065514720
0
1072085489
1073741824
1069320074
0
1071879716
2684354560
1071738349
2684354560
1066442580
0
1071883373
3221225472
1072427959
3221225472
1069704948
0
1072560676
1073741824
1071168103
3221225472
1071519684
0
1072241099
2147483648
1072253470
536870912
1071155149
2147483648
1072412498
0
1072264351
3758096384
1071763608
2684354560
1072516419
1073741824
1070943963
1073741824
1069298573
0
1072394813
1610612736
1072325386
2147483648
1071340161
0
1071892070
3221225472
1072264477
1610612736
1071689227
2684354560
1070268306
2147483648
1072212265
1073741824
1070977142
1073741824
1070665585
2147483648
1070834278
3221225472
1071461100
1073741824
1072693247
2684354560
37
