Uvec
2226355706
1071120463
3221225472
1069957901
0
1072416074
2147483648
1071061020
2147483648
1072029819
3758096384
1072692172
2147483648
1071888132
0
1069415781
0
1070025487
2147483648
1072332848
1073741824
1072654068
3758096384
1070567360
0
1072086413
3221225472
1071463794
1073741824
1067931532
0
1070538805
2147483648
1072010845
1610612736
1070041372
0
1071930038
0
1071566336
0
1070819318
0
1071844800
536870912
1072537158
2147483648
1072354013
1073741824
1071869989
2147483648
1071019429
2147483648
1071712453
2147483648
1070782450
2147483648
1071948904
1610612736
1070704234
3221225472
1071921925
3758096384
1072450723
3758096384
1071785508
0
1072116864
1073741824
1071209271
2147483648
1072227842
536870912
1071412540
0
1072665943
0
1071894646
2147483648
1069658452
0
1072167206
3221225472
1071743244
1073741824
1071318973
3221225472
1071809042
3758096384
1072510192
0
1071915096
1610612736
1072115163
3221225472
1072441125
2684354560
1072070004
1073741824
1072304888
536870912
1070660613
3221225472
1072633422
1610612736
1072118774
536870912
1071160220
0
1071234542
3221225472
1071748483
536870912
1072315909
2684354560
1069426757
0
1072464924
3221225472
1066518684
0
1071793257
3758096384
1070594541
2147483648
1069251543
0
1071639796
2147483648
1071439209
3221225472
1071227283
0
1068439722
0
1072032896
2684354560
1068765656
0
1071239422
2147483648
1071663901
3221225472
1072094513
3758096384
1071028076
0
1070088819
2147483648
1071104457
0
1068117934
0
1072430760
0
1070768414
0
1069462178
0
1070778770
0
1072503298
0
1072260162
536870912
1072317054
1610612736
1071179152
1073741824
1072681123
1073741824
1072453304
3758096384
1071602380
0
1072247728
3221225472
1067562288
0
1071606983
2147483648
1071041231
2147483648
1071845059
3758096384
1072498743
3221225472
1071318237
3221225472
1071827462
2147483648
1069893469
2147483648
1067003028
0
1072408706
536870912
1071461100
1073741824
1072693247
2684354560
5
