Uvec
2226355706
1071793219
3221225472
1067142196
0
1069741882
2147483648
1070594466
0
1067645080
0
1071033067
3221225472
1072218833
3221225472
1070155024
2147483648
1071236996
0
1072651141
1073741824
1072435949
536870912
1067717918
0
1070100325
2147483648
1070642434
1073741824
1071800173
3221225472
1071592414
1073741824
1072415986
1073741824
1069541846
0
1071844646
3221225472
1071639519
2147483648
1071196995
0
1069304131
0
1064586336
0
1070527620
2147483648
1072414442
2684354560
1072136618
2684354560
1072264438
0
1072320657
3758096384
1071279713
3221225472
1070123827
0
1072205175
3221225472
1071314501
2147483648
1072234961
1073741824
1070707668
1073741824
1072413530
2684354560
1072666294
2684354560
1072197715
2684354560
1072297997
1610612736
1068999100
0
1071318834
0
1070817020
0
1071840871
1073741824
1070835827
1073741824
1069894734
2147483648
1072309908
3758096384
1072275244
3221225472
1066723568
0
1070404521
2147483648
1072569988
0
1071195793
1073741824
1070496269
2147483648
1067488512
0
1070729886
0
1069605034
0
1069034567
0
1069254169
0
1069666077
0
1072482661
536870912
1068367892
0
1071996580
536870912
1072033311
1610612736
1072412934
3758096384
1072522856
3221225472
1068611921
0
1072372957
0
1072632367
1610612736
1071656117
0
1072209227
3221225472
1072131225
0
1065300656
0
1072364588
3221225472
1072172599
3758096384
1071659130
1610612736
1072049265
3758096384
1072307079
3758096384
1070320875
2147483648
1070837969
1073741824
1070267756
2147483648
1072136217
1610612736
1072390632
536870912
1071129682
0
1072563158
3758096384
1067229456
0
1069569883
2147483648
1071075669
2147483648
1071841461
2147483648
1072408907
536870912
1071971394
2147483648
1071899648
1073741824
1070957956
1073741824
1068474208
0
1072501497
536870912
1069896620
2147483648
1066246280
0
1068960126
0
1071554749
1073741824
1071752497
1610612736
1071039819
2147483648
1071461100
1073741824
1072693247
2684354560
49
