Uvec
2226355706
1072222076
1610612736
1072503439
3758096384
1070718958
3221225472
1070511159
0
1071211111
3221225472
1070645498
0
1070482837
2147483648
1072597578
3758096384
1072003129
3221225472
1071237444
2147483648
1072533227
3758096384
1070076226
0
1071811181
0
1071333148
2147483648
1072049745
3758096384
1071821004
2684354560
1072532732
1073741824
1071799821
2684354560
1072313360
2147483648
1071814889
1610612736
1061729664
0
1071255284
1073741824
1071833782
2684354560
1072630079
1610612736
1072371049
536870912
1072512801
536870912
1072654927
3758096384
1072292138
3221225472
1071801552
536870912
1071907329
1073741824
1068092462
0
1071856657
1610612736
1070894973
3221225472
1072532685
1073741824
1072137320
2684354560
1072447405
536870912
1069888332
0
1071850367
3758096384
1069004460
0
1068306318
0
1070889386
2147483648
1066983012
0
1072504159
3221225472
1071920402
2684354560
1068161800
0
1071136627
2147483648
1072318148
0
1070580196
2147483648
1071746930
1610612736
1071499291
2147483648
1071619670
3221225472
1072576356
0
1071673112
1610612736
1071709923
3221225472
1072536424
2684354560
1072311312
3221225472
1070033350
2147483648
1072497884
2684354560
1068945577
0
1072369378
1610612736
1072002037
0
1071222762
1073741824
1071610777
3221225472
1072156026
536870912
1068071580
0
1070669887
0
1071637297
2147483648
1071624595
1073741824
1072417515
3221225472
1069532141
0
1071592576
2147483648
1072461098
1610612736
1072579763
3758096384
1068734647
0
1071947754
3221225472
1072159728
2684354560
1071944099
536870912
1071149291
3221225472
1068715228
0
1072535770
2684354560
1071872577
2147483648
1072118746
536870912
1072096462
2147483648
1072186316
1610612736
1072003166
1610612736
1069869283
0
1072417882
1610612736
1072187147
2147483648
1069762484
0
1071770520
3758096384
1071723562
1610612736
1072680810
2684354560
1072224200
3221225472
1071429085
2147483648
1070537077
2147483648
1070641941
0
1072338263
2147483648
1072246043
1610612736
1071461100
1073741824
1072693247
2684354560
60
