Uvec
2226355706
1072461455
0
1072251502
1073741824
1071930683
3758096384
1072385283
3758096384
1071664374
3221225472
1071598189
1073741824
1072652035
1073741824
1068975996
0
1072229245
1610612736
1072301928
2147483648
1070716142
3221225472
1072030682
2684354560
1071197578
0
1069700954
2147483648
1072149998
0
1071888224
2147483648
1072532253
2147483648
1072072784
1610612736
1066880220
0
1069257117
0
1071194583
0
1071044605
0
1072342857
2147483648
1071131539
0
1071112085
0
1070699771
0
1070763542
0
1070355383
2147483648
1070862070
3221225472
1072393261
0
1070656744
3221225472
1069807196
2147483648
1071581604
2147483648
1072054907
2684354560
1071319155
3221225472
1071664665
0
1071172214
1073741824
1071914089
3758096384
1072512160
1073741824
1072296675
3758096384
1072154140
2684354560
1069545479
0
1071192881
1073741824
1072008033
2147483648
1072253456
3221225472
1071763022
2147483648
1070816060
0
1068849825
0
1070212651
0
1072672769
1073741824
1072521207
1073741824
1070992880
1073741824
1070762352
2147483648
1072026136
536870912
1071923153
3221225472
1071365827
0
1070998409
2147483648
1072046638
1610612736
1072681811
1610612736
1072467183
0
1070436077
0
1071878138
3221225472
1072461697
0
1072332918
536870912
1068366522
0
1069763586
0
1072376082
536870912
1071137545
0
1072280015
1610612736
1072457110
3758096384
1072315357
3758096384
1072108872
2147483648
1071931908
1073741824
1072632135
536870912
1071953149
3758096384
1072135235
1610612736
1072170366
2147483648
1070136757
2147483648
1071852403
3758096384
1071774054
2147483648
1070981699
1073741824
1071451726
2147483648
1072638837
0
1071854719
0
1071866169
1073741824
1072575356
536870912
1071872875
0
1072644213
1073741824
1071796253
0
1071876010
1073741824
1071689658
2147483648
1072035430
3758096384
1072295231
2147483648
1072210294
2684354560
1070397330
0
1069502738
0
1071940651
2684354560
1071585835
1073741824
1071461100
1073741824
1072693247
2684354560
12
