Uvec
2226355706
1071590448
3221225472
1072285990
3758096384
1071699011
1073741824
1070141613
0
1072343284
0
1071157307
0
1067853992
0
1070914903
1073741824
1071498723
3221225472
1072279325
0
1071831493
0
1072474517
2684354560
1072052022
3221225472
1071945020
1073741824
1071697339
0
1070083387
0
1072217201
2147483648
1068767557
0
1072147759
3758096384
1070760413
1073741824
1068584987
0
1072026643
3221225472
1072298919
536870912
1071790102
1073741824
1071835995
1610612736
1071848224
1073741824
1069090296
0
1069541143
0
1071829047
2147483648
1069476681
0
1070621735
2147483648
1070016403
0
1071812572
2147483648
1069892195
0
1068715079
0
1069374383
0
1071122634
1073741824
1072243992
2684354560
1072452843
3221225472
1069780090
2147483648
1071538611
0
1067537668
0
1071274480
1073741824
1069988430
2147483648
1070245539
0
1070933445
0
1072372906
2684354560
1070612014
0
1072285405
3221225472
1072688503
2147483648
1070708533
3221225472
1072525509
0
1072365638
2147483648
1071322186
2147483648
1072105047
3758096384
1070758372
0
1071668223
0
1070234259
0
1070719201
1073741824
1071367250
2147483648
1072381734
2147483648
1072573684
1610612736
1065805016
0
1072513866
3221225472
1071511385
3221225472
1072526377
536870912
1070853717
3221225472
1072268230
1073741824
1069938312
2147483648
1072556388
0
1071359104
0
1071630471
3221225472
1072341355
1610612736
1072097291
0
1072316021
0
1068744105
0
1072143210
3221225472
1072383497
3758096384
1071720599
536870912
1071194206
0
1071993210
3221225472
1072499036
3221225472
1070022916
0
1070817675
2147483648
1070687272
2147483648
1072109971
1073741824
1070968783
0
1072014071
1610612736
1072209334
0
1072085260
0
1072121090
536870912
1071550322
1073741824
1070711280
1073741824
1072603417
3221225472
1070859819
0
1071887502
1073741824
1070147688
0
1070808456
1073741824
1071461100
1073741824
1072693247
2684354560
6
