Uvec
2226355706
1069801332
0
1072330902
3758096384
1067769904
0
1069701794
2147483648
1067104948
0
1072516403
3221225472
1072683202
2684354560
1072100663
2147483648
1070635006
2147483648
1071759639
3221225472
1069921286
2147483648
1070849456
1073741824
1072588362
1610612736
1072198887
536870912
1071691353
2147483648
1072103228
536870912
1072284654
536870912
1070782255
3221225472
1071696167
2684354560
1071843081
2147483648
1070950006
2147483648
1072405406
1073741824
1070138465
0
1070388077
0
1068522939
0
1071912504
1073741824
1071657591
2147483648
1071402803
1073741824
1068371676
0
1071831083
536870912
1072584474
2147483648
1072171635
0
1070616465
2147483648
1069904799
2147483648
1068254654
0
1068126024
0
1071836825
0
1070002808
0
1071134268
2147483648
1071281583
3221225472
1070450827
2147483648
1071467326
2147483648
1072066891
2147483648
1070057512
0
1072351640
2147483648
1071589144
3221225472
1071542945
1073741824
1072079903
3758096384
1072415768
1610612736
1072304453
3758096384
1072333684
1073741824
1070762144
1073741824
1072380532
1610612736
1072496037
1073741824
1072514303
1610612736
1072148036
0
1072629648
1610612736
1072128726
1073741824
1072592958
1610612736
1072387560
0
1071600975
2147483648
1072425643
1073741824
1071949949
2147483648
1064935728
0
1072499172
2147483648
1071656104
0
1071702010
2147483648
1070313224
2147483648
1071192978
2147483648
1071059640
3221225472
1071888907
3221225472
1069704275
0
1071418481
2147483648
1072112956
2147483648
1072339268
1610612736
1072006915
2147483648
1067050108
0
1071665992
1073741824
1071386257
3221225472
1070291612
2147483648
1071706009
2684354560
1071686260
2684354560
1072643111
3758096384
1071658372
1610612736
1071030622
0
1071522467
3221225472
1072068967
0
1071640890
1073741824
1071713883
3221225472
1071575131
1073741824
1071377330
0
1070049739
2147483648
1067652610
0
1072246270
2147483648
1072661889
3758096384
1071310051
1073741824
1070989758
2147483648
1072176143
2684354560
1071461100
1073741824
1072693247
2684354560
77
