Uvec
2226355706
1069281866
0
1071918585
3221225472
1071824028
536870912
1066517136
0
1072537168
536870912
1071897553
536870912
1072609887
1073741824
1071817268
2147483648
1072645102
536870912
1072288580
1610612736
1069661227
2147483648
1070869780
3221225472
1065544632
0
1070659273
3221225472
1071856515
0
1072111314
536870912
1072341635
2147483648
1071761184
1610612736
1072197615
536870912
1070720710
2147483648
1068528828
0
1071255256
1073741824
1068708055
0
1072379049
0
1072506275
3221225472
1069891664
0
1071809403
1610612736
1066697656
0
1071666551
1073741824
1072186189
1610612736
1072130713
3758096384
1070847033
0
1071662594
2684354560
1071704627
2684354560
1066067120
0
1071001514
0
1072464791
1073741824
1071655879
1610612736
1070606358
0
1069539167
0
1070277699
2147483648
1071865767
1610612736
1070359603
0
1071269009
3221225472
1072057451
3221225472
1072604340
2684354560
1072084273
1610612736
1071228131
0
1070861297
0
1068803926
0
1071854681
3221225472
1071061563
0
1072494317
0
1071653388
536870912
1072133089
2684354560
1070016364
0
1068832768
0
1071855969
2684354560
1072442443
1610612736
1070013817
2147483648
1069387482
0
1065898744
0
1072279194
2147483648
1072388571
2684354560
1072046482
1073741824
1072408980
0
1071834120
1610612736
1071907772
0
1068709618
0
1071526385
0
1069861890
0
1069653396
2147483648
1072165831
1073741824
1070904754
2147483648
1070094374
0
1070862668
1073741824
1070937516
1073741824
1070670000
0
1072025952
3758096384
1069627137
0
1070612431
3221225472
1070432009
0
1072315060
2147483648
1072539303
536870912
1071030431
3221225472
1067688286
0
1072677135
3758096384
1068728525
0
1072324940
2147483648
1072581871
0
1066885180
0
1071700948
2147483648
1068458806
0
1072563035
3221225472
1072392038
1073741824
1071835956
3758096384
1069177649
0
1070700810
3221225472
1071461100
1073741824
1072693247
2684354560
83
