Uvec
2226355706
1071765071
1073741824
1071807543
3758096384
1071456205
0
1070221817
0
1072028509
2147483648
1071483522
0
1071204815
2147483648
1070381333
0
1069633418
2147483648
1071538359
1073741824
1069682924
2147483648
1072394526
536870912
1071216030
1073741824
1067098528
0
1070761566
1073741824
1069968329
0
1072292653
1073741824
1071279891
3221225472
1070286977
2147483648
1072360027
536870912
1072139669
3758096384
1070759604
2147483648
1066393664
0
1072298038
0
1070977053
3221225472
1072088406
1073741824
1072676186
2684354560
1072607808
2684354560
1071237328
1073741824
1071226879
0
1064885584
0
1070987577
0
1071680630
3221225472
1072017210
536870912
1072495308
0
1071914499
536870912
1071075040
2147483648
1071695164
3758096384
1070350431
0
1071536447
1073741824
1072575085
3221225472
1071662032
3221225472
1072591249
2147483648
1071731072
3758096384
1069375423
0
1071859313
2684354560
1068994552
0
1071783309
1073741824
1070289223
2147483648
1072431966
536870912
1072147512
3758096384
1069573515
0
1071175726
1073741824
1072612026
3221225472
1070024815
0
1072620618
0
1071598275
2147483648
1070767646
0
1072181740
2147483648
1072602084
2147483648
1072010684
0
1072487166
2147483648
1072226443
0
1072021230
2147483648
1071971835
2147483648
1071127908
1073741824
1072096308
0
1071994573
3758096384
1071283190
0
1072303769
1610612736
1071144895
0
1072495078
2147483648
1071535667
3221225472
1072108555
2147483648
1068952558
0
1072678404
0
1071846929
1610612736
1071566628
1073741824
1071574879
1073741824
1071731330
1610612736
1070959971
3221225472
1070915289
2147483648
1070553353
0
1071776762
2684354560
1071832257
1610612736
1071166962
3221225472
1069965722
0
1071364785
1073741824
1067889152
0
1071047789
2147483648
1071277441
3221225472
1071222404
1073741824
1071917855
1610612736
1071162143
3221225472
1070246286
2147483648
1069019627
0
1069997567
2147483648
1070951608
0
1071461100
1073741824
1072693247
2684354560
51
