Uvec
2226355706
1071312093
0
1072309125
1073741824
1070870594
1073741824
1070899749
0
1070603029
3221225472
1072301970
536870912
1069568760
0
1072334880
2147483648
1072406956
2147483648
1071071851
1073741824
1070465446
2147483648
1072248700
2147483648
1071075612
2147483648
1067587018
0
1071053145
3221225472
1070928676
0
1072003262
3758096384
1072438843
1073741824
1070717761
0
1071142921
3221225472
1071060427
2147483648
1070646244
0
1071393640
1073741824
1072104251
0
1072554741
3758096384
1072620504
1610612736
1070724776
0
1070262196
0
1071946768
1073741824
1071759567
536870912
1071928181
2684354560
1071916806
2147483648
1072219732
1073741824
1069889357
0
1072614894
3758096384
1072462169
536870912
1070082494
0
1071524484
3221225472
1071816611
2147483648
1071835006
3758096384
1070063402
0
1069693147
2147483648
1072653808
1610612736
1072339538
3221225472
1070128054
0
1070755588
2147483648
1071903817
3221225472
1069387707
0
1068843132
0
1070237862
2147483648
1069712101
2147483648
1072320824
536870912
1070693092
2147483648
1072209177
3758096384
1069694868
0
1070647279
0
1072655877
536870912
1071669315
1610612736
1069539539
0
1072308384
0
1072108623
0
1070729077
3221225472
1069747686
0
1072494486
1073741824
1069612626
0
1071141362
1073741824
1070848690
1073741824
1072456718
0
1072506823
2147483648
1070653062
1073741824
1071741646
1073741824
1070337913
2147483648
1071935772
3221225472
1072248221
1073741824
1070887355
2147483648
1072102876
536870912
1067145080
0
1069743101
0
1070160968
2147483648
1071350603
2147483648
1072125742
3758096384
1072613418
2684354560
1070538925
2147483648
1070685938
1073741824
1071779302
1610612736
1071344098
2147483648
1071702995
1610612736
1071866793
0
1072114308
3758096384
1071759737
3221225472
1071860351
1610612736
1072339242
536870912
1070684085
0
1072100971
3758096384
1069775124
0
1072591068
2684354560
1072539861
2684354560
1069956646
2147483648
1071461100
1073741824
1072693247
2684354560
66
