Uvec
2226355706
1072524443
2684354560
1071947007
3758096384
1070687720
0
1072314517
1610612736
1072481881
3758096384
1069891351
2147483648
1070919960
1073741824
1072204744
536870912
1065589848
0
1072440322
3758096384
1066769736
0
1071403497
0
1072324866
1610612736
1072252282
1610612736
1071980431
3758096384
1071104962
1073741824
1072607996
1610612736
1070702573
1073741824
1072636775
2684354560
1068860908
0
1070177861
0
1072189881
3221225472
1070192005
0
1069053476
0
1070368096
2147483648
1071164829
1073741824
1071923220
0
1072604977
1073741824
1071903790
0
1072214637
1073741824
1072166111
3221225472
1070861940
2147483648
1070620297
2147483648
1071998200
3758096384
1072409032
0
1072437036
1073741824
1072173872
2684354560
1072530308
1073741824
1071992518
536870912
1071505770
0
1069034128
0
1071587870
1073741824
1070922399
0
1071760174
536870912
1072274816
1073741824
1071581036
1073741824
1070617106
3221225472
1070635583
3221225472
1069493542
0
1069754653
0
1072589542
3221225472
1071889407
3758096384
1067367108
0
1071991818
0
1071080310
2147483648
1070014952
2147483648
1070627219
1073741824
1071165073
1073741824
1072528989
2147483648
1068013020
0
1069648596
2147483648
1069873312
0
1072368496
1073741824
1072049453
0
1072610342
2147483648
1071901175
536870912
1068762803
0
1071282825
1073741824
1071915222
3221225472
1072515771
2684354560
1070727096
1073741824
1070520991
2147483648
1070948014
0
1069778967
0
1071317050
0
1071753177
2147483648
1069998205
2147483648
1071685635
3758096384
1068581177
0
1069955243
2147483648
1072618052
1610612736
1071832290
2684354560
1071975380
0
1072375086
2684354560
1071984438
2684354560
1070345131
2147483648
1072033442
3758096384
1071530172
3221225472
1070368420
0
1071474881
1073741824
1072633297
1610612736
1069391407
0
1071869023
2684354560
1071177355
0
1071465967
3221225472
1068776592
0
1067375120
0
1071064611
2147483648
1071461100
1073741824
1072693247
2684354560
55
