Uvec
2226355706
1071386572
0
1072206388
0
1070865717
2147483648
1070669792
0
1068956439
0
1072635520
1073741824
1072119720
536870912
1072185878
2684354560
1071921174
2684354560
1070135007
0
1072432512
2684354560
1071041323
1073741824
1072571262
1610612736
1072259176
1610612736
1071605716
3221225472
1069736867
2147483648
1069221558
0
1069701938
2147483648
1071512593
3221225472
1071788248
1610612736
1072206553
2684354560
1068620507
0
1069891456
0
1068037720
0
1070457929
0
1072435999
3221225472
1070523315
0
1070608287
1073741824
1071194455
0
1071659838
0
1072220840
3221225472
1071445957
0
1071914314
1073741824
1071979087
1073741824
1072558389
1073741824
1072172308
2147483648
1070354092
2147483648
1071622372
0
1071221558
2147483648
1070867830
2147483648
1071299838
0
1070934232
3221225472
1071725915
1073741824
1072247666
2684354560
1071542950
2147483648
1069315532
0
1071511443
3221225472
1072371443
1610612736
1071404245
2147483648
1072692752
1073741824
1071765389
1610612736
1069459470
0
1072192395
536870912
1071515577
2147483648
1070356903
0
1068684607
0
1070531162
0
1072632880
536870912
1072171806
3758096384
1071850795
2147483648
1069565379
2147483648
1068738421
0
1070408577
0
1071932618
3758096384
1069178830
0
1071609630
1073741824
1071803390
2684354560
1070913606
2147483648
1070985317
1073741824
1069554775
0
1069566348
2147483648
1069912397
0
1071992871
536870912
1071704605
2147483648
1071427026
3221225472
1072171002
0
1072463879
1610612736
1071815581
2684354560
1069666307
0
1070918903
1073741824
1070196651
0
1072057173
3758096384
1072346772
2147483648
1069572339
0
1072105671
2147483648
1064550176
0
1067658880
0
1071221108
3221225472
1071363667
1073741824
1072273239
2684354560
1070706808
1073741824
1072690802
1073741824
1072401130
1610612736
1072568142
3221225472
1072505149
2147483648
1072637639
0
1072565538
1610612736
1072662033
3758096384
1071461100
1073741824
1072693247
2684354560
17
