Uvec
2226355706
1066093960
0
1072362194
1073741824
1072671854
2684354560
1071264618
3221225472
1071859745
1610612736
1071738143
3221225472
1072114435
536870912
1072595943
2147483648
1071433733
3221225472
1071619679
0
1069492287
0
1070800258
3221225472
1067629630
0
1069904348
2147483648
1068832990
0
1070328993
2147483648
1072075440
3221225472
1070982980
3221225472
1072684647
1610612736
1070016213
0
1072136749
2147483648
1071522167
0
1071243995
2147483648
1068071180
0
1069310992
0
1063392448
0
1072369158
1073741824
1072183844
1610612736
1071561646
1073741824
1070318080
2147483648
1072095148
2147483648
1067593932
0
1070195004
2147483648
1070447829
0
1072098111
2684354560
1071445469
3221225472
1071255038
0
1070082338
0
1072343946
3221225472
1067447360
0
1071836155
3221225472
1071686483
1610612736
1072463656
0
1072364413
3221225472
1070351590
0
1072560849
3758096384
1071850849
0
1069881676
0
1072340725
2147483648
1071969794
1073741824
1072262999
2147483648
1071284403
3221225472
1071320824
3221225472
1068574118
0
1072027565
2147483648
1071629925
1073741824
1071860534
2147483648
1072168340
2147483648
1071631493
2147483648
1070945114
0
1072246904
1073741824
1072522670
536870912
1071744880
536870912
1071177827
3221225472
1071233599
1073741824
1069653594
2147483648
1072692685
1073741824
1068881780
0
1069891555
0
1067873286
0
1071432247
0
1071310344
1073741824
1072645366
536870912
1069493511
0
1072176023
536870912
1071977390
2684354560
1071702645
3221225472
1072071904
3221225472
1063233664
0
1072422314
3758096384
1071207840
3221225472
1072125152
3758096384
1070140485
0
1071306473
0
1072347198
536870912
1072608161
0
1062984896
0
1072278081
1610612736
1072684620
0
1072687110
1073741824
1070841145
0
1072144861
3758096384
1072128995
3758096384
1071122679
3221225472
1067038204
0
1070713513
0
1072529168
3758096384
1070878445
1073741824
1071461100
1073741824
1072693247
2684354560
24
