Uvec
2226355706
1071662424
536870912
1072520337
2684354560
1070575086
0
1072391190
1073741824
1071270200
3221225472
1071961680
0
1071236660
2147483648
1072337504
536870912
1072056910
2147483648
1070574218
0
1071728370
536870912
1071604759
3221225472
1069734224
0
1071746825
3758096384
1070676632
3221225472
1067936182
0
1072408739
1073741824
1068261554
0
1072345750
2684354560
1069742805
2147483648
1066793092
0
1071867653
0
1071782976
1073741824
1070711151
1073741824
1071976742
0
1071585518
3221225472
1071350428
1073741824
1072530602
2684354560
1072040722
0
1071427162
2147483648
1070624576
3221225472
1071002668
1073741824
1071928322
0
1071228375
3221225472
1072632542
536870912
1072282732
536870912
1070059900
0
1070854758
0
1071897197
2684354560
1072533274
3758096384
1070976617
0
1070727408
1073741824
1070885663
2147483648
1071864563
536870912
1070481101
0
1071394618
2147483648
1072608328
1610612736
1069964262
2147483648
1070344278
0
1071342416
2147483648
1072009989
536870912
1071346961
1073741824
1069974215
0
1070210355
0
1071405950
2147483648
1071695245
3758096384
1071957599
3221225472
1072280800
3221225472
1068094502
0
1071661331
536870912
1072319363
3758096384
1072140460
3758096384
1071242650
2147483648
1071201131
3221225472
1072515604
1073741824
1069991337
2147483648
1071860838
3758096384
1072359709
1073741824
1072548416
1073741824
1072332566
3221225472
1072634759
536870912
1067524986
0
1070907650
3221225472
1071723456
2684354560
1069623833
2147483648
1072247136
1073741824
1072184165
1073741824
1072226144
0
1072065611
1073741824
1072064854
3758096384
1072456909
2147483648
1070047274
0
1070910758
2147483648
1068381318
0
1072471031
3221225472
1070629008
2147483648
1070648861
1073741824
1071820873
536870912
1071641886
1073741824
1071044766
1073741824
1072006902
1073741824
1070177270
2147483648
1072556783
536870912
1071065325
2147483648
1071886223
1073741824
1072317076
1610612736
1071748484
536870912
1071329437
3221225472
1071461100
1073741824
1072693247
2684354560
92
