Uvec
2226355706
1072281500
536870912
1070968729
0
1069798259
0
1067087876
0
1072218172
1073741824
1070361785
0
1065767256
0
1071554034
1073741824
1070955255
1073741824
1072643388
536870912
1072075776
3758096384
1069787088
2147483648
1071299480
0
1072635252
3221225472
1072602205
1073741824
1071722085
2684354560
1072297836
1610612736
1072035909
3221225472
1070870520
3221225472
1070361172
2147483648
1071142559
2147483648
1070785920
0
1068432718
0
1072510064
1073741824
1071660787
3758096384
1072263567
1073741824
1068450790
0
1071552651
1073741824
1071707554
1073741824
1071865998
0
1069857692
2147483648
1071690700
3758096384
1071683554
1073741824
1069617050
2147483648
1071740537
0
1072182670
1610612736
1071596919
2147483648
1069893497
0
1070853620
2147483648
1071130704
3221225472
1069686955
0
1072465565
0
1072399910
3758096384
1071803512
0
1072532122
1073741824
1071914895
2684354560
1070535578
0
1072120928
2684354560
1068424560
0
1070999838
3221225472
1069281622
0
1072293114
2147483648
1071725049
3221225472
1072488079
2147483648
1070195366
2147483648
1071997649
1610612736
1069595423
2147483648
1070684707
2147483648
1071743962
536870912
1069782944
0
1071951229
3221225472
1069340590
0
1062055680
0
1072376746
1073741824
1071460773
1073741824
1071905434
536870912
1071720797
3758096384
1072365973
3758096384
1072544950
2684354560
1072311192
3758096384
1067967618
0
1071625632
0
1072217020
2684354560
1070497370
0
1070937076
1073741824
1070719119
0
1071826267
2684354560
1072552196
536870912
1072098989
3758096384
1072200886
2147483648
1071790602
0
1070953671
2147483648
1071270048
1073741824
1072051928
3758096384
1071693757
0
1072064676
1610612736
1071182702
3221225472
1071719123
3221225472
1072308572
1610612736
1072027179
3221225472
1071531828
1073741824
1072498738
1073741824
1070831394
3221225472
1071625005
3221225472
1072390466
0
1072265307
3758096384
1071317299
0
1071051333
0
1071461100
1073741824
1072693247
2684354560
87
