Uvec
2226355706
1071352311
0
1069720160
2147483648
1072569289
536870912
1070730546
2147483648
1072504670
3221225472
1071506165
1073741824
1071674197
2684354560
1072291705
3221225472
1069917083
0
1072208350
536870912
1071751039
2684354560
1072412403
3758096384
1069051393
0
1071916359
1610612736
1072059016
0
1067666834
0
1068895211
0
1071547078
0
1071851402
2684354560
1072180536
3221225472
1071803215
2684354560
1072316782
1610612736
1072599843
2684354560
1072025879
2684354560
1072083334
536870912
1071345043
1073741824
1072621704
536870912
1072169172
1073741824
1067697582
0
1069926315
2147483648
1072656627
1073741824
1069670045
0
1068147806
0
1072265004
2147483648
1068684709
0
1071815722
3221225472
1072576559
2684354560
1071654079
3758096384
1072022043
536870912
1071947234
2684354560
1070758797
0
1072374890
0
1071328361
1073741824
1072568486
2684354560
1072278297
2684354560
1070819572
2147483648
1069699863
0
1072063469
1073741824
1071678353
536870912
1067294564
0
1072407115
536870912
1069835363
0
1067487468
0
1071750891
2684354560
1070628691
1073741824
1072419403
1610612736
1069583023
2147483648
1072556987
2684354560
1072266939
1610612736
1072523552
536870912
1071078199
2147483648
1071066196
0
1068727313
0
1071905712
536870912
1070164094
2147483648
1072267510
1610612736
1072625477
1073741824
1071672108
536870912
1072492654
3758096384
1071789247
1073741824
1071587793
1073741824
1069691407
2147483648
1072147064
1610612736
1069774964
0
1072114267
2147483648
1070192841
0
1070496212
2147483648
1070514018
2147483648
1072426035
3221225472
1071182286
2147483648
1070398971
2147483648
1071724657
536870912
1072177508
0
1072311060
3758096384
1071963475
3758096384
1072446957
1610612736
1070493762
2147483648
1071737866
2147483648
1070425483
2147483648
1071854791
1073741824
1068659951
0
1071238659
0
1072393099
2147483648
1071746832
0
1072451727
1610612736
1064304976
0
1068779678
0
1069698130
0
1071461100
1073741824
1072693247
2684354560
25
