Uvec
2226355706
1071398525
2147483648
1071761378
1610612736
1071612490
3221225472
1071260115
0
1072468934
536870912
1072636053
3221225472
1066526548
0
1069839096
0
1072430386
0
1071833592
1073741824
1071699194
536870912
1071001888
1073741824
1066928324
0
1072256656
3221225472
1072340316
2147483648
1065866208
0
1072032352
536870912
1071493947
0
1071526341
0
1072437017
2147483648
1069911977
2147483648
1072482328
3758096384
1069760975
2147483648
1072386846
2684354560
1068933266
0
1072210282
2147483648
1070398256
0
1069866965
0
1071863437
2684354560
1072087839
3758096384
1071129267
1073741824
1072437765
2684354560
1069771424
0
1072402936
3221225472
1070649919
2147483648
1071675788
3758096384
1071934463
2147483648
1071091409
2147483648
1063844832
0
1072108035
1610612736
1072335316
3221225472
1071548686
3221225472
1070343781
2147483648
1070371553
0
1072034783
2684354560
1071774924
536870912
1072638486
3758096384
1070656077
3221225472
1072194239
1610612736
1061235712
0
1071519437
0
1072114996
3221225472
1071738197
0
1071287606
1073741824
1069712313
2147483648
1070400529
0
1072361070
3221225472
1070046049
2147483648
1071911716
3758096384
1070704662
0
1071858912
1610612736
1069760432
0
1071526777
0
1072675840
2684354560
1072117303
536870912
1071829509
2147483648
1071062405
2147483648
1072292096
3221225472
1072303740
2147483648
1071602525
2147483648
1071989548
2684354560
1072523666
536870912
1072320278
536870912
1071402813
1073741824
1072028130
536870912
1070204706
0
1072054985
1073741824
1072123197
2684354560
1072537123
3758096384
1072488040
3221225472
1070154009
2147483648
1072661759
3758096384
1072592562
2147483648
1071604270
3221225472
1070724943
2147483648
1069488168
0
1072480560
536870912
1068506877
0
1070214819
2147483648
1071712086
536870912
1072449910
2147483648
1070191743
2147483648
1072454810
1073741824
1071407781
2147483648
1070043791
2147483648
1072261683
3758096384
1070821323
2147483648
1070793015
0
1071461100
1073741824
1072693247
2684354560
86
