Uvec
2226355706
1071872391
2684354560
1068604352
0
1071584250
2147483648
1069320091
0
1072154368
1073741824
1071142051
1073741824
1071248724
3221225472
1071371995
3221225472
1072617349
1073741824
1072372228
2147483648
1072324076
3221225472
1072338352
1073741824
1072443911
1073741824
1071594896
1073741824
1071173848
2147483648
1068269678
0
1064525376
0
1071139541
0
1069936297
0
1070208620
2147483648
1071877377
3758096384
1068588350
0
1072275504
2147483648
1071417037
1073741824
1071045183
2147483648
1072207515
3758096384
1071921915
3221225472
1071551816
2147483648
1071240349
3221225472
1064627248
0
1071670085
2147483648
1071566001
3221225472
1072149988
3758096384
1072075434
0
1072013731
2684354560
1071934936
536870912
1072354073
3221225472
1069134299
0
1070034668
2147483648
1071283808
2147483648
1071045202
1073741824
1071019938
3221225472
1070752893
2147483648
1070116154
0
1069936469
2147483648
1071418982
3221225472
1072585173
536870912
1072537636
3221225472
1067863788
0
1072515019
1610612736
1071634789
0
1070842015
3221225472
1069173482
0
1072562799
1073741824
1071761858
2684354560
1070614743
3221225472
1072178803
0
1068273670
0
1072069863
0
1069893875
0
1069831180
0
1067036992
0
1072160895
3221225472
1072254248
2684354560
1072274205
2684354560
1072022169
536870912
1071565531
2147483648
1071199693
1073741824
1069518524
0
1072421404
1073741824
1071804356
2684354560
1070602785
2147483648
1069829353
0
1071780753
3221225472
1072342068
1610612736
1072129690
536870912
1066893672
0
1066055896
0
1071410749
1073741824
1071347906
0
1072615783
2684354560
1072081582
3758096384
1072486693
1610612736
1068064226
0
1070353732
2147483648
1070832357
1073741824
1072347513
3758096384
1072232705
1610612736
1071158527
2147483648
1072336396
1610612736
1070154894
0
1071827480
2684354560
1071855745
3758096384
1066783648
0
1069769609
0
1071617610
1073741824
1069684408
2147483648
1071794092
0
1071461100
1073741824
1072693247
2684354560
24
