Uvec
2226355706
1072197551
2684354560
1068999185
0
1072040381
1610612736
1072425536
536870912
1070868638
0
1069897965
2147483648
1072393405
1610612736
1068887454
0
1068759855
0
1072059399
3221225472
1069599531
2147483648
1071243678
1073741824
1072327466
536870912
1071770570
536870912
1071970438
1073741824
1070682007
2147483648
1071002830
2147483648
1072072835
3221225472
1071929555
3221225472
1072111992
1610612736
1072389098
2684354560
1071773259
0
1071730615
0
1072672718
1610612736
1071566313
2147483648
1072351780
2684354560
1071811433
2684354560
1071346677
3221225472
1071815551
1073741824
1072180115
2684354560
1072687741
2147483648
1072032922
2684354560
1068624291
0
1069572817
0
1071499798
2147483648
1072257199
2684354560
1071178028
0
1070432298
0
1070846459
3221225472
1071590274
0
1071944566
2147483648
1072362208
1073741824
1072244624
2147483648
1072506334
3221225472
1071694333
0
1071737136
3221225472
1072516260
536870912
1071672933
1073741824
1070275958
2147483648
1072615405
2147483648
1071772904
1610612736
1070447579
2147483648
1071964199
0
1071989727
3758096384
1065783736
0
1071674709
1610612736
1071556874
1073741824
1070810153
2147483648
1072572146
1073741824
1071212779
1073741824
1071720456
3758096384
1071254982
2147483648
1072107770
3758096384
1070973382
2147483648
1072277835
2684354560
1072282068
2684354560
1072642399
1073741824
1071748095
0
1067441196
0
1072659391
1610612736
1070009446
2147483648
1070764104
3221225472
1070964525
0
1072253690
0
1072220306
3758096384
1072455920
3221225472
1069848322
2147483648
1071708539
3758096384
1069697592
0
1070761357
3221225472
1070596502
0
1070623032
2147483648
1071254998
2147483648
1069559391
2147483648
1072546891
3758096384
1068057542
0
1069993125
0
1072653954
3221225472
1072241440
0
1071020892
1073741824
1072335811
536870912
1069997118
2147483648
1069236008
0
1068772171
0
1068773176
0
1071874237
0
1071730047
2684354560
1072584604
536870912
1071461100
1073741824
1072693247
2684354560
67
