Uvec
2226355706
1071147754
1073741824
1071930608
536870912
1064017088
0
1071150933
2147483648
1071912565
1073741824
1071814051
536870912
1068697870
0
1070271046
2147483648
1070611148
3221225472
1072664981
1073741824
1065101760
0
1072680043
536870912
1072320388
3221225472
1068948656
0
1072295897
2147483648
1072353914
0
1072415110
1073741824
1069558108
2147483648
1072675730
0
1072314899
1073741824
1072102599
2684354560
1068221346
0
1072601950
1610612736
1068933478
0
1071039491
1073741824
1069577487
2147483648
1072432702
1610612736
1069192841
0
1070087530
0
1072674548
2684354560
1072206476
3758096384
1071040515
2147483648
1071440966
2147483648
1072565285
0
1070994576
2147483648
1071405695
2147483648
1072482901
1073741824
1072307583
2684354560
1069555006
0
1070289571
0
1070010701
2147483648
1071553557
3221225472
1070846850
1073741824
1070712574
2147483648
1071920151
2684354560
1071283862
0
1072536895
3758096384
1070618805
2147483648
1068517777
0
1071607763
2147483648
1071732244
1610612736
1067306284
0
1070934534
0
1070933804
2147483648
1069530161
0
1069031669
0
1069500845
0
1070759594
0
1072057863
3221225472
1072381504
1073741824
1072214193
1073741824
1070797590
3221225472
1072015215
0
1071332779
2147483648
1072349046
0
1072029509
536870912
1070852752
0
1067622354
0
1071983104
2684354560
1072568042
3221225472
1072663452
3221225472
1071905738
536870912
1065090128
0
1071710566
3221225472
1070958405
1073741824
1072598317
0
1072216083
2684354560
1071549799
0
1072330947
3758096384
1072041345
3221225472
1072309679
1073741824
1070564891
0
1071542254
3221225472
1071514724
3221225472
1072341278
536870912
1071741066
1073741824
1071557352
2147483648
1071163617
0
1072501918
2147483648
1071930817
1073741824
1071526276
3221225472
1068612038
0
1071000767
0
1071905749
3758096384
1071585834
2147483648
1071992985
3221225472
1070779859
0
1071931203
2684354560
1071461100
1073741824
1072693247
2684354560
68
