Uvec
2226355706
1072491970
1073741824
1070726143
3221225472
1070910054
0
1070037875
2147483648
1072349778
2147483648
1071463809
0
1072251890
1610612736
1069550232
2147483648
1072243889
0
1067684674
0
1072219692
3758096384
1070777097
1073741824
1065636640
0
1069957414
2147483648
1071822316
3758096384
1072178255
3758096384
1069716556
2147483648
1069925627
0
1072619865
1610612736
1071705811
2684354560
1070034574
0
1071120788
1073741824
1071359842
0
1071857516
536870912
1061454848
0
1071878287
2684354560
1072643569
3221225472
1071525981
2147483648
1071197357
2147483648
1070277207
2147483648
1072372491
536870912
1069711639
2147483648
1070867237
3221225472
1069851955
2147483648
1071487994
2147483648
1072552704
2684354560
1070134834
0
1070436876
0
1069641523
0
1072249716
1073741824
1072512488
3758096384
1071924718
3221225472
1071309872
1073741824
1071980482
0
1072058177
2147483648
1072035804
3758096384
1072416554
536870912
1070281246
2147483648
1072091966
1610612736
1071053366
3221225472
1072670852
2147483648
1069028077
0
1070666978
3221225472
1072602475
2684354560
1070890427
0
1071051186
1073741824
1072441687
1610612736
1071080800
2147483648
1072424574
0
1072366095
3758096384
1071904749
0
1070884138
1073741824
1067531748
0
1071236889
2147483648
1071684444
0
1070680745
1073741824
1072372305
0
1071148466
2147483648
1070789054
2147483648
1070890207
3221225472
1070991476
2147483648
1072174870
3758096384
1072383633
1073741824
1070638574
0
1071852988
1610612736
1070696039
1073741824
1071701057
1073741824
1070768575
0
1072229735
0
1072293992
3758096384
1072053893
0
1072327231
536870912
1069750153
2147483648
1069455514
0
1070805092
2147483648
1072561995
2147483648
1071431213
1073741824
1072229126
2684354560
1072560507
3758096384
1070374303
2147483648
1072495795
2147483648
1068887462
0
1070411752
2147483648
1069671679
0
1072233291
1610612736
1070371352
2147483648
1071973009
3221225472
1069110287
0
1071461100
1073741824
1072693247
2684354560
5
