Uvec
2226355706
1070625865
3221225472
1071869978
1073741824
1072342882
1610612736
1072674003
2147483648
1071797585
1073741824
1072514976
1073741824
1069134908
0
1072383194
3758096384
1071890365
3221225472
1071112281
1073741824
1071275610
3221225472
1071961810
1610612736
1071481194
0
1072606973
0
1068541411
0
1071391024
0
1071577795
0
1070710547
3221225472
1072240265
2684354560
1072087764
3221225472
1071789640
0
1071365743
0
1068848664
0
1072181546
536870912
1072651168
2147483648
1070923595
0
1070366999
2147483648
1072411960
0
1068644517
0
1071844571
1073741824
1072337912
2147483648
1072551205
3221225472
1072492844
3758096384
1070798693
3221225472
1069221761
0
1068268818
0
1071509612
2147483648
1072176218
0
1071312411
3221225472
1070946618
2147483648
1070826530
3221225472
1072231001
2684354560
1071883944
3758096384
1072614805
2147483648
1072680776
3221225472
1070980529
1073741824
1072148251
3758096384
1072665030
2147483648
1070685358
0
1068187144
0
1071554283
0
1071196652
3221225472
1070089750
0
1068518686
0
1070571285
2147483648
1070631527
2147483648
1071021731
1073741824
1071853155
3758096384
1072110857
0
1069648754
0
1071097400
0
1070194238
2147483648
1072507966
2147483648
1071878084
1610612736
1071820442
3758096384
1072058067
1073741824
1072663033
1073741824
1071407318
2147483648
1070704052
1073741824
1070402932
0
1071695105
3758096384
1070270667
0
1072114364
2684354560
1072326926
1610612736
1070048202
0
1071657653
1610612736
1071452036
2147483648
1071870934
536870912
1070889928
3221225472
1072308996
536870912
1072397607
536870912
1071202368
0
1072350887
536870912
1072019239
1073741824
1071470195
3221225472
1071541428
1073741824
1068039788
0
1071843268
2684354560
1071472685
1073741824
1071759394
1610612736
1072446274
1610612736
1071703064
1073741824
1071745409
3221225472
1071141648
1073741824
1071628839
1073741824
1072087403
3758096384
1072023121
2147483648
1066878904
0
1071461100
1073741824
1072693247
2684354560
18
