Uvec
2226355706
1070817901
0
1072306006
2147483648
1071607322
0
1070216153
0
1069162962
0
1072326508
1610612736
1072534087
536870912
1070934081
0
1068698790
0
1072659549
1610612736
1071527065
1073741824
1071438784
2147483648
1071840651
0
1071304832
2147483648
1070165236
2147483648
1072547220
2147483648
1071858613
3221225472
1071704024
536870912
1070105583
2147483648
1071918406
0
1071976142
2147483648
1072038221
1610612736
1071981023
3221225472
1071356444
0
1069841807
0
1071750158
1610612736
1071986522
2684354560
1072289722
1073741824
1071778504
536870912
1070615393
1073741824
1072479587
3221225472
1071683240
2684354560
1071320758
2147483648
1066927612
0
1071768725
3758096384
1071516557
0
1069180183
0
1072523900
2684354560
1068561735
0
1071284879
2147483648
1071939676
2147483648
1072015598
3758096384
1071199227
3221225472
1071215376
2147483648
1072243294
2147483648
1072604887
1610612736
1070866918
1073741824
1071837847
1073741824
1071694334
2684354560
1072152044
3758096384
1072543299
1073741824
1069879945
0
1072235881
3758096384
1068122440
0
1072114399
0
1071857623
3758096384
1071723406
1073741824
1069864959
2147483648
1071712526
3758096384
1071921192
2684354560
1071398058
1073741824
1072466373
1610612736
1072076099
2147483648
1072175326
1610612736
1069880129
0
1071268834
3221225472
1072058870
1610612736
1070738523
3221225472
1068728383
0
1072587923
2147483648
1071659734
1073741824
1070119188
2147483648
1071442079
0
1072464869
0
1069252242
0
1071625586
3221225472
1071980401
2684354560
1071798544
0
1072175416
2684354560
1071814793
2147483648
1071290611
1073741824
1069778231
2147483648
1068026402
0
1071601194
1073741824
1069925567
2147483648
1071423052
1073741824
1071065681
0
1072665101
0
1070603758
3221225472
1071294075
2147483648
1067565876
0
1072261944
0
1071743338
3758096384
1072183538
0
1072066866
1610612736
1071908437
3758096384
1072642602
3221225472
1072303621
1073741824
1071461100
1073741824
1072693247
2684354560
34
