Uvec
2226355706
1070888661
0
1072042888
1610612736
1072028399
3221225472
1072353740
536870912
1063828736
0
1072443616
3221225472
1072230675
3758096384
1071459534
2147483648
1071873456
0
1071932296
0
1071868243
3758096384
1070882148
0
1072420320
536870912
1072348268
536870912
1071819860
3758096384
1072636934
1610612736
1070779299
0
1072577982
2147483648
1071030131
2147483648
1072073992
2147483648
1068151292
0
1071978451
2147483648
1070979340
2147483648
1070085485
2147483648
1070247667
2147483648
1072599977
2684354560
1072520834
0
1070647917
2147483648
1068764029
0
1072187076
1073741824
1072250645
1610612736
1072462761
0
1070018546
0
1072119858
2684354560
1072051229
536870912
1070469536
2147483648
1071340995
2147483648
1072675695
536870912
1070791340
3221225472
1067946464
0
1072054700
2147483648
1071059201
1073741824
1071103165
3221225472
1072504786
2147483648
1072655062
3221225472
1071981018
536870912
1069946280
0
1070531976
0
1071934579
2684354560
1070767547
0
1071910036
1610612736
1072692619
0
1072092473
2684354560
1070228191
0
1072484136
3221225472
1071623185
0
1072551815
3221225472
1068568619
0
1072635193
3758096384
1072029509
3758096384
1072365286
1610612736
1072389804
0
1072416285
1610612736
1072620558
1610612736
1069912479
2147483648
1072049832
3758096384
1070720616
3221225472
1069916427
0
1072229170
2147483648
1070919989
2147483648
1072065868
0
1072454899
0
1070891298
1073741824
1072493238
1610612736
1072050763
2147483648
1072556096
1073741824
1072048062
0
1071720229
536870912
1072544058
1073741824
1071008272
1073741824
1071382809
0
1071725852
2147483648
1064295936
0
1072543372
2684354560
1070791829
2147483648
1071446263
3221225472
1071204357
1073741824
1069613377
0
1071539070
2147483648
1070750731
2147483648
1071780143
2147483648
1068821420
0
1072203162
3221225472
1072068598
0
1071192997
2147483648
1068607878
0
1069790231
0
1067825254
0
1071461100
1073741824
1072693247
2684354560
81
