Uvec
2226355706
1071699913
2684354560
1070418657
2147483648
1071748092
1610612736
1070238885
2147483648
1065698056
0
1072452134
3758096384
1072092699
536870912
1072146193
2684354560
1071027303
1073741824
1072115257
536870912
1070722910
1073741824
1072259473
1610612736
1071734725
3758096384
1066855448
0
1071436533
1073741824
1069084048
0
1072303235
1610612736
1069835995
0
1071703952
536870912
1071553834
2147483648
1071898702
0
1072247298
536870912
1072500642
1610612736
1071802041
2147483648
1069206887
0
1072045851
1610612736
1072171587
1610612736
1071848654
1610612736
1070765176
1073741824
1072276467
1610612736
1071286625
2147483648
1072452085
2684354560
1072050698
0
1071154231
0
1071045413
0
1072484584
1073741824
1070652733
2147483648
1072404790
0
1071326733
0
1071987536
3758096384
1071836072
536870912
1072314054
1610612736
1071891245
3221225472
1072088566
1610612736
1071837690
536870912
1072664087
2147483648
1070953295
3221225472
1072140169
3221225472
1070174473
0
1070934167
3221225472
1072035553
3758096384
1067894608
0
1072596356
2684354560
1069636310
2147483648
1071814436
3758096384
1068060272
0
1071988568
1610612736
1071508521
3221225472
1071672476
536870912
1070828794
2147483648
1071105852
2147483648
1071402922
1073741824
1069691836
0
1069370426
0
1071143783
0
1070521769
2147483648
1072158781
3758096384
1072678256
3758096384
1072538709
2147483648
1071815885
3221225472
1071876285
1073741824
1065573952
0
1071938861
3758096384
1071822908
1610612736
1068375916
0
1071512182
2147483648
1071581841
3221225472
1072152875
536870912
1072463048
0
1070791661
3221225472
1069870715
0
1070068736
2147483648
1068585234
0
1070804792
1073741824
1069831597
2147483648
1070918434
0
1068668974
0
1071580290
3221225472
1070587277
2147483648
1071340071
1073741824
1072308829
536870912
1067488238
0
1071648756
1610612736
1070685038
1073741824
1069771477
2147483648
1071211275
2147483648
1072469852
2684354560
1067324552
0
1071461100
1073741824
1072693247
2684354560
53
