Uvec
2226355706
1072513482
2147483648
1072389727
2147483648
1070237048
0
1069601847
0
1072624769
3758096384
1071909784
2684354560
1069786730
2147483648
1072231036
2684354560
1071694656
2684354560
1067538232
0
1071656688
2684354560
1071094377
2147483648
1071281299
3221225472
1072120108
3221225472
1071189098
0
1069925391
0
1070006041
0
1070110542
2147483648
1071421658
1073741824
1069738814
2147483648
1071355420
0
1070989135
3221225472
1070946514
2147483648
1069683120
0
1071379840
1073741824
1072638182
1610612736
1071449052
3221225472
1072145872
536870912
1071508634
3221225472
1070096638
0
1071389737
1073741824
1071100442
0
1065052640
0
1072636796
1610612736
1066955228
0
1071328443
0
1070004677
2147483648
1072367974
2147483648
1072331645
0
1072264452
0
1072534735
0
1071818099
0
1072014083
2147483648
1072670880
3221225472
1070409979
0
1072074727
1610612736
1072150744
3758096384
1070842253
0
1072080425
536870912
1072334858
3221225472
1071421525
3221225472
1070611454
3221225472
1071846103
0
1071988095
1073741824
1065847824
0
1072010652
3221225472
1072128972
1073741824
1072180567
3221225472
1072611618
3758096384
1072068505
1073741824
1072622457
536870912
1072037499
3758096384
1067953692
0
1066512248
0
1070290041
2147483648
1070799157
3221225472
1070998624
1073741824
1070314764
0
1069551404
2147483648
1071930855
2684354560
1069058796
0
1070902946
1073741824
1072179008
3758096384
1069891441
0
1069852231
0
1067285272
0
1068475870
0
1071713136
3758096384
1072569403
2147483648
1066623488
0
1072181643
3758096384
1072472119
1610612736
1067033872
0
1072203768
2684354560
1071000638
0
1071314344
1073741824
1071934393
3758096384
1070577737
2147483648
1072625595
1073741824
1071401158
1073741824
1072022077
0
1070744124
3221225472
1072548427
0
1071142400
1073741824
1072232471
2147483648
1072264757
1073741824
1072343831
1610612736
1071292032
0
1071461100
1073741824
1072693247
2684354560
8
