Uvec
2226355706
1070105454
0
1068384562
0
1072291187
1610612736
1068842488
0
1072573671
3221225472
1071778664
0
1070170972
0
1072395027
0
1072552410
1073741824
1071508227
3221225472
1070142766
2147483648
1071884073
536870912
1071727483
1610612736
1072674972
3221225472
1072069325
536870912
1072230434
1073741824
1070304024
2147483648
1069788354
2147483648
1071739012
0
1072693187
2684354560
1071677084
1610612736
1070065903
2147483648
1068158112
0
1072273639
1610612736
1071965197
1610612736
1072379665
1073741824
1071427370
2147483648
1071645457
1073741824
1070952095
0
1071266541
1073741824
1071840598
2684354560
1071361160
3221225472
1068632564
0
1072019820
2684354560
1071868377
1610612736
1063155200
0
1069917700
2147483648
1071968363
536870912
1072302986
3758096384
1069615736
0
1068444840
0
1071661760
1073741824
1072653559
3221225472
1070720261
0
1067089816
0
1071841832
3758096384
1068799923
0
1070967007
1073741824
1072462065
536870912
1067531436
0
1071892774
3221225472
1072237740
3221225472
1071024840
3221225472
1071947399
1073741824
1071462806
3221225472
1072036491
1610612736
1071520383
2147483648
1071521981
1073741824
1072685461
536870912
1068847702
0
1070671473
1073741824
1071112097
1073741824
1069736110
2147483648
1072623697
3221225472
1072602966
1073741824
1072113379
3758096384
1072645526
2684354560
1071927638
2684354560
1070260453
0
1068352340
0
1068214088
0
1071773492
0
1071654722
2684354560
1072099946
2147483648
1071491559
0
1072363301
536870912
1072411714
1610612736
1072530008
2147483648
1071374002
3221225472
1072153707
3221225472
1072477728
1610612736
1071579391
3221225472
1069607003
0
1065553424
0
1071964946
1073741824
1072460213
3221225472
1070104693
0
1071218944
0
1072073456
1610612736
1071210279
2147483648
1067202396
0
1071826846
1610612736
1071316871
3221225472
1071536502
0
1070596404
0
1067650222
0
1072463485
2147483648
1072169076
1073741824
1071461100
1073741824
1072693247
2684354560
44
