Uvec
2226355706
1071688805
536870912
1072153085
1073741824
1072260620
2147483648
1071482183
2147483648
1071054523
3221225472
1072165260
2684354560
1072616451
3221225472
1072115782
3221225472
1071807335
2147483648
1071114044
0
1069991496
0
1068601843
0
1068529915
0
1070973974
0
1071691021
2147483648
1072146487
1073741824
1071995069
2684354560
1070069504
0
1072258767
3221225472
1070899898
0
1071784838
1610612736
1072458356
2684354560
1072520425
1610612736
1071416573
3221225472
1072111052
1610612736
1071179394
2147483648
1071737007
2684354560
1071820255
3221225472
1069290035
0
1069290311
0
1071806684
3221225472
1070685068
1073741824
1069517027
0
1070093592
0
1072382211
2147483648
1072551984
536870912
1068856071
0
1070507727
0
1072329634
1610612736
1070262572
0
1071658172
2147483648
1072255715
3758096384
1070663590
0
1072480952
0
1066745344
0
1070693207
3221225472
1071932742
2147483648
1072332343
0
1071389282
0
1072127163
536870912
1071340846
3221225472
1071629303
2147483648
1067385252
0
1072266683
3758096384
1072217905
1610612736
1072669452
536870912
1070599988
1073741824
1068580864
0
1071875337
1610612736
1068592058
0
1070739962
2147483648
1072303721
1610612736
1071974087
2147483648
1069225343
0
1072340565
0
1071063526
2147483648
1071533426
3221225472
1072684341
1073741824
1070731772
1073741824
1067735106
0
1072008667
2684354560
1071817482
2147483648
1072558713
1610612736
1071700912
0
1071148346
1073741824
1072080025
1073741824
1070675420
1073741824
1072015851
0
1072653406
2684354560
1072596080
1073741824
1071182968
1073741824
1068893782
0
1067375504
0
1072385990
2147483648
1068523496
0
1072403208
3221225472
1072522863
2684354560
1068220622
0
1072595606
3758096384
1069380157
0
1071636732
3221225472
1071804779
536870912
1070842879
2147483648
1072196576
2684354560
1071128279
1073741824
1072178027
2684354560
1071419381
0
1069320981
0
1071461100
1073741824
1072693247
2684354560
66
