Uvec
2226355706
1070143098
2147483648
1072250068
3758096384
1071106265
2147483648
1072092573
3221225472
1071944894
0
1069805892
2147483648
1071690534
3758096384
1072307438
1073741824
1067244128
0
1072259173
2684354560
1068537796
0
1070189852
2147483648
1071329315
3221225472
1071907270
2684354560
1072171738
2684354560
1072527022
1610612736
1067528100
0
1070655336
3221225472
1068837999
0
1072220637
3221225472
1069756841
0
1068590936
0
1065698696
0
1068952632
0
1072540352
3221225472
1072249767
3758096384
1070359866
0
1071862723
1073741824
1072582106
2147483648
1071286806
3221225472
1072497426
3758096384
1071971077
536870912
1070793074
2147483648
1071622185
0
1070641863
3221225472
1071493316
3221225472
1071367509
0
1067532330
0
1072236440
3758096384
1068002570
0
1070781487
0
1071920662
1073741824
1072541074
2147483648
1071804047
2147483648
1071922569
3758096384
1072375242
1610612736
1070870251
0
1070625947
0
1071702612
2147483648
1072557988
1610612736
1072142064
3758096384
1072548593
1610612736
1072088529
536870912
1070867928
0
1070439419
2147483648
1070141491
0
1065953016
0
1072355286
3758096384
1072526745
0
1072164859
0
1071816834
2684354560
1070405608
0
1072001233
2684354560
1071814635
1073741824
1070862104
0
1071487625
2147483648
1069828006
2147483648
1071891694
3221225472
1069150687
0
1072412782
1073741824
1072642092
1610612736
1071512840
2147483648
1071931478
3221225472
1072256717
2147483648
1070670610
2147483648
1072334005
3221225472
1070452702
2147483648
1070688817
2147483648
1072583106
2684354560
1072371829
536870912
1072595195
2147483648
1071777818
3758096384
1070158222
0
1069383458
0
1072374283
1610612736
1072587980
1073741824
1071082908
1073741824
1070740618
3221225472
1070297288
0
1071309498
2147483648
1071983599
3221225472
1066626800
0
1070851404
1073741824
1070119293
2147483648
1071007708
3221225472
1072423316
1073741824
1071915344
536870912
1071909169
3758096384
1071461100
1073741824
1072693247
2684354560
85
