Uvec
2226355706
1070797184
2147483648
1072389703
536870912
1071184770
1073741824
1071215943
0
1069938844
2147483648
1072004261
536870912
1071665164
3221225472
1071971925
1610612736
1071756193
3758096384
1071680990
1610612736
1068603732
0
1067977958
0
1072264492
2684354560
1069992479
0
1072269821
3221225472
1070275973
2147483648
1072446266
0
1072659036
2684354560
1071867108
3221225472
1072043828
536870912
1072163783
536870912
1071653290
1073741824
1071990436
536870912
1071036103
2147483648
1067745032
0
1071164999
1073741824
1072107916
2684354560
1068194444
0
1072502317
2684354560
1067061388
0
1071740798
2147483648
1072530456
1610612736
1071739230
536870912
1072449794
1610612736
1072097260
2684354560
1072195248
1610612736
1071199997
1073741824
1068858970
0
1072332092
3221225472
1069597353
0
1067196420
0
1069271240
0
1070114555
0
1068965966
0
1070668173
0
1072487682
1610612736
1072373818
1073741824
1071618753
1073741824
1071916741
1610612736
1070035117
0
1069481661
0
1072344777
3758096384
1069596849
2147483648
1070266329
2147483648
1071257049
3221225472
1072188323
536870912
1070824259
3221225472
1072272812
3221225472
1071710986
2684354560
1071147893
2147483648
1072036811
1610612736
1069311848
0
1071107056
1073741824
1072525987
1610612736
1069810652
2147483648
1072535965
2147483648
1069585151
2147483648
1069223140
0
1071742784
1610612736
1068422168
0
1072551584
536870912
1071010668
0
1072171561
2684354560
1069224806
0
1072415241
1073741824
1071447749
0
1072226806
536870912
1070837612
2147483648
1067211404
0
1072286761
3221225472
1072354303
2684354560
1070737692
1073741824
1070766528
0
1072256627
2147483648
1068384032
0
1071202009
2147483648
1070945811
0
1071952574
0
1065443064
0
1072566886
3758096384
1066875928
0
1072016317
536870912
1071987333
2684354560
1067727250
0
1071510886
3221225472
1068682179
0
1071317209
0
1072322405
1073741824
1071461100
1073741824
1072693247
2684354560
9
