Uvec
2226355706
1072624944
1073741824
1070401635
2147483648
1070685756
1073741824
1072001144
3758096384
1071103090
1073741824
1069671181
2147483648
1067149972
0
1065764688
0
1072430810
536870912
1071841706
3758096384
1072384133
1610612736
1072053916
1073741824
1070618967
3221225472
1070776697
0
1071846661
1610612736
1072308372
3758096384
1068356512
0
1071956683
1073741824
1072438799
1073741824
1072090873
0
1070731064
0
1071675045
1073741824
1070954937
1073741824
1071663742
1073741824
1071192703
1073741824
1068519448
0
1072661781
1610612736
1072103482
2147483648
1071558435
0
1071326161
3221225472
1066623704
0
1071349325
2147483648
1072504045
3758096384
1071704233
2684354560
1072358910
1610612736
1069628211
2147483648
1070838619
1073741824
1072106437
536870912
1072356325
0
1072435223
536870912
1072163042
2147483648
1071511622
1073741824
1071920188
1610612736
1068207044
0
1071054382
0
1071364465
1073741824
1068187492
0
1072531390
0
1071853046
3221225472
1071006262
0
1070987228
0
1068880862
0
1071876392
0
1071723182
3221225472
1071971758
3758096384
1069473434
0
1070712545
0
1070654554
0
1070174623
0
1071977854
1073741824
1072264474
536870912
1071757721
0
1072359951
2147483648
1072071788
2684354560
1069172344
0
1070900328
2147483648
1071354992
2147483648
1068679099
0
1069821011
0
1068842297
0
1072008142
1073741824
1071256868
1073741824
1072364558
3221225472
1070519750
0
1072084191
1073741824
1069601900
2147483648
1072399626
1073741824
1072203176
536870912
1071034647
0
1071846152
2684354560
1071860846
3221225472
1072150931
1610612736
1070640724
0
1069773466
0
1067656184
0
1068875400
0
1070345458
2147483648
1072150735
0
1071789173
536870912
1070199101
0
1071812688
1610612736
1067998874
0
1071694505
2684354560
1068298144
0
1069649204
0
1072580537
2147483648
1070834695
3221225472
1072195180
2684354560
1071461100
1073741824
1072693247
2684354560
18
