Uvec
2226355706
1071980103
536870912
1069296066
0
1069911852
2147483648
1072646780
3221225472
1071929875
2147483648
1068857410
0
1069212690
0
1071765513
536870912
1068567547
0
1069543149
0
1072056249
2684354560
1070965923
1073741824
1072452370
536870912
1072233717
1610612736
1069095176
0
1072174871
2684354560
1069908582
0
1070508565
0
1071699272
0
1071719673
1610612736
1071569717
1073741824
1071065093
1073741824
1070911347
3221225472
1071291223
0
1072211918
1610612736
1071517169
1073741824
1071540929
0
1072589193
3758096384
1071699060
1610612736
1071951623
1610612736
1069358449
0
1072257690
2684354560
1071259674
0
1072677725
0
1071956562
3221225472
1069279068
0
1071939757
1610612736
1071820243
1073741824
1071866598
0
1067048840
0
1072576290
0
1069188648
0
1071995383
0
1072521153
2147483648
1071145335
1073741824
1070900495
3221225472
1069716055
2147483648
1071766530
2684354560
1072181373
2147483648
1070609322
0
1069699551
0
1071173462
3221225472
1072117980
3758096384
1072138520
2684354560
1072100678
1073741824
1069079759
0
1071000534
2147483648
1071652713
2147483648
1071798340
536870912
1072559832
2147483648
1071096641
0
1071824473
536870912
1069221962
0
1070100020
2147483648
1071701917
2684354560
1069798186
2147483648
1072576126
1610612736
1072578877
3758096384
1070156405
2147483648
1071908720
3221225472
1067985436
0
1070439293
0
1072180640
2147483648
1072205431
1610612736
1069157909
0
1072291133
0
1070250749
2147483648
1071956403
2147483648
1071810483
2147483648
1071402262
1073741824
1070256776
0
1072452985
2684354560
1068632055
0
1071037104
0
1068597134
0
1072053930
2147483648
1072560461
536870912
1068088220
0
1070954976
3221225472
1070598306
3221225472
1070642556
2147483648
1068757702
0
1069498532
0
1067300076
0
1070797350
3221225472
1071941538
2147483648
1071470036
3221225472
1071966244
1073741824
1071461100
1073741824
1072693247
2684354560
31
