Uvec
2226355706
1072414550
1073741824
1071674727
2147483648
1067971652
0
1069126748
0
1072608492
1610612736
1071775607
3221225472
1070644953
3221225472
1072132849
536870912
1071036972
1073741824
1072468311
536870912
1072083308
3221225472
1069849418
2147483648
1072484826
1610612736
1071063334
2147483648
1072617190
3221225472
1069766864
2147483648
1072307433
536870912
1071295202
2147483648
1070057864
2147483648
1068639288
0
1072551170
2684354560
1066868472
0
1072193111
3758096384
1072588447
2684354560
1070127757
0
1072137656
0
1070729092
1073741824
1072686345
2147483648
1071624627
0
1072527345
3221225472
1071725928
2147483648
1068453434
0
1071811059
1610612736
1070455477
2147483648
1072541657
3221225472
1071439394
0
1070268396
0
1072628620
536870912
1072593180
0
1071758778
2147483648
1071977873
1073741824
1070699575
1073741824
1072240622
3758096384
1072276610
1073741824
1068917648
0
1072368651
1610612736
1072568791
1610612736
1070196957
0
1072267889
0
1069651602
2147483648
1071028850
2147483648
1072244920
1610612736
1068990039
0
1072346565
3758096384
1072407667
3758096384
1070959493
3221225472
1072175878
536870912
1071268404
2147483648
1072292881
2684354560
1071548436
3221225472
1071928612
536870912
1070841035
0
1071599175
1073741824
1071958891
536870912
1071132864
2147483648
1072445309
0
1071691017
3221225472
1070965704
3221225472
1070506715
0
1070818394
3221225472
1072600828
1610612736
1070669967
1073741824
1072693148
3758096384
1071556410
0
1071704956
3758096384
1070668800
0
1072568483
2684354560
1072145988
2684354560
1068324222
0
1071666802
3221225472
1071857976
0
1070164992
0
1072409512
536870912
1071832087
3221225472
1072048661
2147483648
1072466122
1073741824
1072317834
536870912
1071696173
2684354560
1070635594
1073741824
1072280143
0
1072279268
2147483648
1070695946
3221225472
1069750718
0
1071915023
1073741824
1072223242
536870912
1071764085
2684354560
1067657486
0
1071977619
1073741824
1071461100
1073741824
1072693247
2684354560
75
