Uvec
2226355706
1071806841
1610612736
1069154853
0
1072402051
1073741824
1071888219
1610612736
1072630473
3221225472
1071814001
3758096384
1071915869
0
1069967061
0
1072150479
3758096384
1068718264
0
1072236081
2684354560
1072454522
2684354560
1071225481
2147483648
1070648739
0
1070642375
0
1070353177
2147483648
1071458773
1073741824
1071699206
3221225472
1071549679
1073741824
1072144166
536870912
1072391824
0
1071582652
0
1071020660
3221225472
1069736245
2147483648
1070574066
2147483648
1072174730
2147483648
1071967050
3758096384
1071125061
3221225472
1070374803
0
1072474567
3221225472
1069738239
0
1068910513
0
1072281166
536870912
1068839072
0
1070684814
3221225472
1069556945
2147483648
1072538325
1073741824
1071605229
1073741824
1072564474
1610612736
1072270171
536870912
1070179778
0
1066584652
0
1071656973
0
1069432758
0
1072683459
0
1071770595
0
1071746907
1610612736
1072288927
1610612736
1071288548
0
1072271641
3758096384
1072165495
1073741824
1071814120
536870912
1072506475
1610612736
1072135776
536870912
1068926773
0
1070045758
2147483648
1070831765
1073741824
1071167639
0
1069920249
0
1072356520
2147483648
1071642190
0
1072044614
0
1072485596
2147483648
1071366425
3221225472
1070968310
2147483648
1072663853
1073741824
1071551622
2147483648
1069674334
0
1070787912
0
1072307196
2147483648
1072318701
3221225472
1070054050
0
1071812322
3758096384
1072046326
3221225472
1070356323
2147483648
1071990485
1610612736
1071659570
3221225472
1069655967
2147483648
1071498100
1073741824
1068275592
0
1072268095
536870912
1072415605
3758096384
1071943090
2147483648
1072058109
3758096384
1072217575
536870912
1069679334
0
1072039849
2147483648
1069771197
0
1069955570
2147483648
1069472104
0
1071000213
2147483648
1072379080
536870912
1072319856
2147483648
1070812007
1073741824
1070633744
2147483648
1071056482
1073741824
1071011334
1073741824
1071148769
2147483648
1071461100
1073741824
1072693247
2684354560
51
