Uvec
2226355706
1067325636
0
1071535562
0
1072139823
3221225472
1072250983
0
1071061395
1073741824
1072284788
536870912
1071229718
1073741824
1068890664
0
1071301526
2147483648
1069882304
0
1071028439
3221225472
1072630323
536870912
1067921558
0
1072440595
3758096384
1072629128
1073741824
1072522520
0
1072504329
3221225472
1069465681
0
1070747351
3221225472
1072473310
1073741824
1072441639
1610612736
1072180748
3221225472
1070796119
0
1070785466
2147483648
1071080224
2147483648
1071913886
2684354560
1072643073
1073741824
1070769258
2147483648
1072372204
1073741824
1071685429
1610612736
1066550500
0
1070876498
3221225472
1072382604
2684354560
1072338267
1610612736
1069949848
0
1072369882
3758096384
1072586629
1073741824
1072235897
1073741824
1071990467
536870912
1072180449
3221225472
1070420731
0
1071300165
3221225472
1072050393
536870912
1072562904
3221225472
1071542591
3221225472
1072602023
1610612736
1071781970
0
1071327668
0
1071903339
2147483648
1072422356
2684354560
1072521850
2147483648
1072674521
2684354560
1069507261
0
1070671843
2147483648
1072488741
536870912
1064361120
0
1071649364
3758096384
1072388465
1610612736
1070927187
3221225472
1071156822
3221225472
1071664776
536870912
1068287626
0
1070932013
0
1070381879
2147483648
1072038725
1073741824
1071657889
2147483648
1071724485
536870912
1071703107
3221225472
1072592311
2684354560
1072686871
3221225472
1068949412
0
1070738718
0
1071069802
1073741824
1072619186
0
1069855546
2147483648
1071823369
1073741824
1070160850
2147483648
1071987732
0
1071937259
536870912
1072287049
3758096384
1072667508
0
1072280255
2147483648
1069674780
0
1072227499
2147483648
1070436390
0
1070838653
3221225472
1072592503
0
1069422490
0
1070816536
1073741824
1070829054
1073741824
1072462401
536870912
1072377029
536870912
1070930248
0
1072404223
536870912
1072263226
2684354560
1072382188
3758096384
1071928047
0
1072326234
1073741824
1071461100
1073741824
1072693247
2684354560
90
