Uvec
2226355706
1068928334
0
1069055229
0
1072084106
2147483648
1072657781
1073741824
1072171161
3221225472
1072531700
3221225472
1071385017
0
1071770614
1610612736
1071383858
1073741824
1072007841
0
1069999283
0
1072591756
2684354560
1071612219
0
1071183721
0
1068548208
0
1071902624
1073741824
1070981756
0
1072198410
1073741824
1072530265
3221225472
1072617738
1073741824
1071299108
3221225472
1071797134
0
1071193837
2147483648
1071158795
1073741824
1071166669
0
1070966219
0
1067652406
0
1070769413
1073741824
1072399251
3758096384
1071656702
0
1068704389
0
1072449417
1610612736
1071986234
2147483648
1068635297
0
1072034086
3221225472
1071297437
3221225472
1072467076
1610612736
1070816606
3221225472
1070733807
2147483648
1072304870
536870912
1071853703
536870912
1062342272
0
1067953454
0
1071564029
2147483648
1072334259
0
1070922705
1073741824
1072142633
0
1070151432
2147483648
1070551504
2147483648
1069086805
0
1070823402
1073741824
1072084991
0
1072482113
1073741824
1072221881
2147483648
1071335200
3221225472
1071696869
1610612736
1070708427
1073741824
1072395622
1610612736
1072492760
1610612736
1071531936
2147483648
1071594697
3221225472
1069897366
2147483648
1071296088
0
1071454002
1073741824
1071252788
3221225472
1070381622
2147483648
1071962174
2684354560
1071087349
3221225472
1070974044
0
1072683155
3221225472
1067994350
0
1071795125
536870912
1071975694
536870912
1072692269
1073741824
1070192130
2147483648
1068973963
0
1070136541
2147483648
1072297592
0
1072210678
0
1071091356
3221225472
1070049439
2147483648
1069139498
0
1072373110
536870912
1072557238
1610612736
1066108784
0
1071097168
3221225472
1072066367
1610612736
1072669176
2147483648
1071964311
3758096384
1072457692
3758096384
1072515589
2147483648
1071534383
2147483648
1069383259
0
1070380136
2147483648
1072470047
1610612736
1072396097
0
1072236138
3758096384
1070456862
0
1071461100
1073741824
1072693247
2684354560
61
