Uvec
2226355706
1071460699
0
1070780806
3221225472
1072034507
1073741824
1070743662
1073741824
1072330375
2147483648
1072301975
2147483648
1072670362
1073741824
1070868505
1073741824
1068353758
0
1071804587
2147483648
1071825751
1610612736
1070545651
0
1069208598
0
1071986935
0
1071867569
3758096384
1072009919
3758096384
1071079415
2147483648
1071030649
2147483648
1072537341
1073741824
1071721563
0
1069899809
0
1070822564
2147483648
1065525496
0
1070461181
2147483648
1069762648
0
1071705102
1073741824
1069403930
0
1071480907
3221225472
1070231004
2147483648
1071218821
3221225472
1065874064
0
1070425902
0
1070985898
3221225472
1072164403
3221225472
1072590699
2684354560
1070362394
0
1071511285
1073741824
1070359003
0
1072210343
1073741824
1070554062
0
1072055094
3758096384
1070116035
2147483648
1069955743
2147483648
1071815441
3221225472
1072048456
1610612736
1072593327
1610612736
1071678935
0
1071208525
1073741824
1070710759
1073741824
1072661645
1610612736
1072299005
1610612736
1065753400
0
1071522767
0
1070811762
3221225472
1070598009
1073741824
1069895416
2147483648
1070786535
0
1072081271
2147483648
1072007597
2147483648
1072598045
1610612736
1071399639
1073741824
1069114016
0
1071525886
2147483648
1071984780
1610612736
1070296437
0
1070373719
2147483648
1068678594
0
1069945867
2147483648
1071684353
2147483648
1069994103
0
1072021265
2684354560
1071657431
536870912
1071189619
0
1071852291
2147483648
1071539569
1073741824
1071967757
3758096384
1071567804
2147483648
1070941196
1073741824
1068565802
0
1072100048
0
1071576066
2147483648
1066690996
0
1071393702
0
1071060993
2147483648
1066866172
0
1069683325
0
1070014406
2147483648
1071988290
2147483648
1071825045
3221225472
1071633187
2147483648
1070946194
2147483648
1072120782
2684354560
1068871434
0
1067214788
0
1071911166
2684354560
1070809246
3221225472
1069898542
2147483648
1072300397
1073741824
1071461100
1073741824
1072693247
2684354560
79
