Uvec
2226355706
1072044724
3221225472
1072231521
3758096384
1072226466
0
1072061204
1610612736
1070093646
2147483648
1069842599
0
1070281710
2147483648
1071356263
1073741824
1070902173
0
1072163532
0
1071850909
3221225472
1071801921
1610612736
1071526863
0
1068064926
0
1068542197
0
1070580656
0
1072535756
536870912
1071393765
2147483648
1070141854
2147483648
1072104284
2684354560
1069421971
0
1069914026
2147483648
1071886216
536870912
1071226031
0
1072349241
3758096384
1071376376
1073741824
1072572423
2147483648
1070946532
2147483648
1066776496
0
1071427282
2147483648
1070631342
2147483648
1070757907
1073741824
1072240423
1610612736
1072145067
2684354560
1070629178
1073741824
1071586411
2147483648
1071793973
3758096384
1071831507
0
1072611595
3758096384
1069469480
0
1071915577
0
1070781366
2147483648
1072163238
3221225472
1071437549
3221225472
1070793885
0
1072335196
536870912
1071318609
3221225472
1071681259
536870912
1072576556
1610612736
1072295021
2684354560
1071499592
1073741824
1071882461
3758096384
1072385991
3758096384
1071506419
3221225472
1070590282
0
1072160736
2684354560
1071199477
3221225472
1070978053
3221225472
1071167542
2147483648
1071810371
1073741824
1072063556
2684354560
1069354803
0
1070050219
2147483648
1071030423
3221225472
1065268144
0
1071452208
0
1072669067
2147483648
1071433179
3221225472
1072516875
1073741824
1072364993
1073741824
1072393728
1073741824
1070637230
0
1069858106
2147483648
1071657292
536870912
1068242960
0
1070080741
0
1072001163
3221225472
1070214141
2147483648
1071775220
0
1072450496
1073741824
1070774586
0
1072106243
2147483648
1072324683
3221225472
1071299610
1073741824
1072606493
2147483648
1072066725
1073741824
1072183566
3221225472
1070501065
0
1072607264
3758096384
1069555009
0
1070693263
0
1072346356
3758096384
1072202043
536870912
1069664282
0
1070314694
0
1070710735
2147483648
1070211535
2147483648
1070001470
2147483648
1071461100
1073741824
1072693247
2684354560
85
