Uvec
2226355706
1072344203
3221225472
1070314350
0
1069702422
0
1071059521
2147483648
1072576806
536870912
1071443633
2147483648
1070175207
0
1072277323
3221225472
1072171490
1610612736
1069363895
0
1072015309
1073741824
1072252489
1610612736
1071441657
0
1072101834
2684354560
1072372066
1610612736
1071864945
0
1071781060
0
1071600235
2147483648
1071525826
1073741824
1072574045
2684354560
1070559595
0
1068898441
0
1068738973
0
1071637806
2147483648
1071998069
2684354560
1070891532
1073741824
1070697632
2147483648
1070783299
0
1072174278
0
1071886689
2684354560
1072099303
3221225472
1072460405
2147483648
1070192953
2147483648
1072477227
1073741824
1071497629
1073741824
1071341749
0
1071967809
2147483648
1072674731
2147483648
1072674254
1610612736
1069490922
0
1071684580
536870912
1072603959
0
1072290385
1610612736
1072091895
2684354560
1072558629
2147483648
1068721205
0
1070439986
0
1070919517
2147483648
1071718670
1073741824
1072054984
2684354560
1072372972
2684354560
1072152902
2147483648
1068244788
0
1071878771
1610612736
1072146860
3221225472
1071873223
1610612736
1070832315
1073741824
1068603615
0
1071173774
1073741824
1072374979
2684354560
1071600016
1073741824
1071122502
2147483648
1071706452
1610612736
1071878638
3221225472
1070440287
0
1070609832
1073741824
1069428312
0
1072093814
3221225472
1070762512
3221225472
1070708645
0
1071233397
3221225472
1071410347
2147483648
1070656325
1073741824
1071280549
2147483648
1072497783
1610612736
1072135599
2684354560
1071306996
3221225472
1072184378
3221225472
1072627933
2684354560
1070932091
0
1070905139
1073741824
1070829964
0
1070122109
0
1071268968
1073741824
1071039241
1073741824
1071929108
0
1069456772
0
1070048114
0
1070608840
0
1072215770
1073741824
1072273384
2684354560
1071501079
3221225472
1072631272
0
1071934048
1610612736
1071561103
0
1070243518
2147483648
1072030946
3221225472
1070603096
3221225472
1071461100
1073741824
1072693247
2684354560
23
