Uvec
2226355706
1072487586
3221225472
1072156501
3758096384
1071517000
2147483648
1072622921
536870912
1072131517
1073741824
1071984116
3221225472
1071918112
3758096384
1071091466
2147483648
1072238824
536870912
1072033054
3758096384
1070966743
2147483648
1071330753
1073741824
1072478216
0
1072520354
3221225472
1072686203
1610612736
1071505488
1073741824
1068967963
0
1070665553
1073741824
1071204437
2147483648
1071937680
3758096384
1068071218
0
1070872242
2147483648
1072476694
1610612736
1071849447
1073741824
1071916913
2147483648
1072257456
536870912
1066882376
0
1071786921
3221225472
1072287241
536870912
1071801794
3758096384
1071016320
2147483648
1071890508
536870912
1071341848
1073741824
1066773956
0
1071493214
3221225472
1072144565
1610612736
1071865107
1610612736
1072689365
3221225472
1072283956
1610612736
1072137380
2147483648
1071015375
1073741824
1072213142
536870912
1072430073
2684354560
1070639037
1073741824
1069012752
0
1071410822
3221225472
1072564405
3221225472
1071253571
2147483648
1072636632
536870912
1070962501
1073741824
1071475385
3221225472
1069119035
0
1069383693
0
1071088152
2147483648
1072607828
2684354560
1071800703
3221225472
1071697827
536870912
1071465904
0
1068558767
0
1071221157
1073741824
1071655572
2684354560
1072147159
0
1069263106
0
1072397736
1610612736
1071939932
2684354560
1072258773
1610612736
1071346110
0
1071014531
1073741824
1072254602
1610612736
1072534718
3758096384
1072218055
1073741824
1072559519
3758096384
1072269969
3758096384
1071985159
3758096384
1069358036
0
1071567568
1073741824
1071437236
1073741824
1072233969
2147483648
1071427000
2147483648
1071916023
1073741824
1072318220
0
1071756361
0
1069490902
0
1070630207
0
1071453105
1073741824
1068930135
0
1071997456
536870912
1072237005
2147483648
1064420256
0
1069911453
2147483648
1072604707
1610612736
1070439919
0
1070860453
1073741824
1072247505
3758096384
1072672098
536870912
1068649679
0
1072302288
2684354560
1068077338
0
1071461100
1073741824
1072693247
2684354560
40
