Uvec
2226355706
1071096942
2147483648
1071641305
1073741824
1071204073
2147483648
1072179160
2147483648
1071514161
3221225472
1070967210
2147483648
1071756419
536870912
1064136256
0
1065732240
0
1070287044
2147483648
1071237567
2147483648
1072475436
1073741824
1071523246
0
1070636709
1073741824
1072360610
0
1072059049
1073741824
1072089698
536870912
1072269079
536870912
1072480335
536870912
1070609305
0
1072012901
2684354560
1072360477
2147483648
1071116905
2147483648
1072494209
0
1067908060
0
1072232528
3758096384
1072040640
1610612736
1071085956
1073741824
1070996223
1073741824
1070708504
3221225472
1071097777
1073741824
1072450367
3758096384
1071949368
1610612736
1070444743
0
1071987503
1073741824
1072600298
1610612736
1069924865
0
1071518285
3221225472
1072295928
2147483648
1071686004
1073741824
1072417044
2684354560
1072617438
0
1070149062
2147483648
1070905035
3221225472
1072382995
1073741824
1070493223
2147483648
1072049231
1610612736
1070836659
1073741824
1069675282
0
1072368368
1073741824
1070622668
3221225472
1072274590
1073741824
1071771326
3758096384
1072120253
1610612736
1072062054
1610612736
1072388268
0
1070008693
0
1071269647
2147483648
1071410047
2147483648
1061931264
0
1070867468
2147483648
1070949188
1073741824
1071067069
3221225472
1069754043
2147483648
1068051866
0
1069677182
0
1071833805
1610612736
1067127656
0
1070791680
0
1072572350
0
1071403512
2147483648
1068514327
0
1068762585
0
1072434857
1073741824
1069103507
0
1071792580
1073741824
1069805526
2147483648
1071560931
2147483648
1071308986
1073741824
1071225852
0
1070794942
1073741824
1072621239
1073741824
1070745698
0
1070507391
0
1070379392
2147483648
1071832964
1073741824
1071745394
2147483648
1070160744
0
1071561802
3221225472
1071294116
3221225472
1072688236
536870912
1072054695
3221225472
1071721508
1073741824
1070732932
0
1071817060
1073741824
1072080748
1610612736
1071983553
3758096384
1072427201
536870912
1071461100
1073741824
1072693247
2684354560
92
