Uvec
2226355706
1068379206
0
1072321736
2147483648
1067477906
0
1068236190
0
1072085431
0
1069837301
2147483648
1069667217
2147483648
1072340324
3758096384
1071761483
1610612736
1071802444
3221225472
1071333571
0
1071713300
3221225472
1071884404
3758096384
1070544396
0
1071546253
2147483648
1067136588
0
1071032259
2147483648
1070829147
0
1069192931
0
1072473607
2147483648
1069650702
0
1069739149
0
1069784864
2147483648
1071846181
3758096384
1071757100
536870912
1072075714
1610612736
1072532345
536870912
1072162469
1610612736
1069367126
0
1071213403
3221225472
1068801286
0
1069994731
0
1071803550
3758096384
1071002021
1073741824
1070984440
0
1071782248
3758096384
1072297068
2684354560
1071125080
0
1069319378
0
1069580221
2147483648
1071628086
1073741824
1072480856
3758096384
1072069384
0
1069918125
0
1071688032
3758096384
1072581256
1610612736
1071001819
2147483648
1070814813
2147483648
1072505172
0
1070560674
0
1072578250
1610612736
1070394467
2147483648
1070532542
0
1071114286
2147483648
1069722184
2147483648
1069646563
2147483648
1065213056
0
1071379068
3221225472
1072246408
1073741824
1070771148
0
1071188675
1073741824
1071966779
2684354560
1072375432
3221225472
1071626393
2147483648
1071533398
2147483648
1072052624
2684354560
1070532257
2147483648
1072183767
1610612736
1072404985
536870912
1071169484
3221225472
1068516507
0
1072498580
3221225472
1071992377
1610612736
1071718626
3221225472
1072118569
3758096384
1072206544
2684354560
1070047795
0
1070772126
1073741824
1070480315
0
1071753551
536870912
1071310427
3221225472
1071816389
3758096384
1071830134
1610612736
1071690670
1610612736
1071201579
2147483648
1069755477
2147483648
1067080108
0
1065531096
0
1071740291
3221225472
1072238666
1610612736
1070483256
2147483648
1071572875
0
1072200204
1073741824
1072054545
1073741824
1071895900
1610612736
1067223268
0
1069727666
0
1069830567
0
1071461100
1073741824
1072693247
2684354560
76
