Uvec
2226355706
1071698428
3758096384
1070335520
2147483648
1069950751
0
1072170806
2684354560
1071088525
0
1071414157
3221225472
1072292310
536870912
1070773417
1073741824
1071260291
1073741824
1072305485
0
1072331361
3758096384
1070867881
2147483648
1069584765
2147483648
1068518483
0
1072453773
3758096384
1071246654
1073741824
1071086051
0
1071111751
0
1072231332
2147483648
1072407894
2147483648
1071836023
3758096384
1070964551
1073741824
1067568132
0
1071894098
2684354560
1072451347
2684354560
1071802811
3758096384
1071672844
3758096384
1069694488
0
1069887178
0
1072192422
3221225472
1068724607
0
1071722053
1610612736
1069220629
0
1070242909
0
1072550177
3758096384
1071187314
3221225472
1072066021
2147483648
1071068030
3221225472
1071517488
2147483648
1071932104
1073741824
1069655104
0
1068041632
0
1071824033
3221225472
1072362188
3221225472
1069606601
2147483648
1072504039
536870912
1070743271
0
1072252187
536870912
1070947938
0
1070708960
2147483648
1069560903
2147483648
1072387652
536870912
1072586796
2147483648
1071215435
1073741824
1072657607
0
1069419553
0
1072114775
2684354560
1070847686
2147483648
1072021068
2684354560
1072193530
3221225472
1071585638
0
1071758342
536870912
1072467579
1610612736
1072601957
0
1072654568
2147483648
1068313228
0
1068105396
0
1070423698
2147483648
1072603460
1610612736
1069844231
2147483648
1072363812
0
1072503670
2147483648
1072555368
2684354560
1071659679
2684354560
1071674107
2147483648
1067613554
0
1072173784
3221225472
1072000511
2684354560
1072559767
2147483648
1072005549
3221225472
1070963920
1073741824
1071986705
536870912
1071451059
1073741824
1070744006
0
1070928020
3221225472
1065171760
0
1070475257
2147483648
1072409428
2147483648
1070691087
3221225472
1063762912
0
1071714600
0
1072328699
1073741824
1072425997
3758096384
1071863132
3758096384
1070374654
2147483648
1068929488
0
1070640844
0
1070148023
2147483648
1071461100
1073741824
1072693247
2684354560
40
