Uvec
2226355706
1072614980
1610612736
1071890391
3758096384
1072301386
1073741824
1072427592
2147483648
1072492040
1073741824
1070382827
0
1068248376
0
1071262616
3221225472
1071998349
0
1071705054
0
1072027530
3758096384
1070871760
3221225472
1072605862
1073741824
1071989037
2684354560
1070841633
0
1070043799
0
1071086082
3221225472
1069446159
0
1072079925
1073741824
1072445048
1610612736
1072302566
1073741824
1071949764
1610612736
1069979533
0
1072480976
2147483648
1071490304
1073741824
1072013871
536870912
1070728813
0
1066329688
0
1072292129
2147483648
1071488788
0
1069978512
0
1072525508
2684354560
1072606622
0
1069263937
0
1070083360
0
1070832079
1073741824
1071877147
536870912
1072186489
1610612736
1072084774
1610612736
1067571238
0
1070176289
2147483648
1072355174
2147483648
1072230452
1610612736
1072494943
2147483648
1069781605
0
1068594803
0
1072358987
1073741824
1071200317
3221225472
1072188279
0
1072154915
536870912
1069958898
2147483648
1069228717
0
1071781722
3758096384
1070703836
1073741824
1071528485
2147483648
1071791701
1073741824
1064430512
0
1071686872
2147483648
1072174478
2684354560
1072373610
1610612736
1069055548
0
1072592465
3221225472
1070160711
2147483648
1072099512
1073741824
1071864038
536870912
1071838465
2147483648
1068925991
0
1071954419
3221225472
1072238346
0
1072133323
1610612736
1071965536
0
1071669834
2684354560
1072684390
536870912
1069664682
2147483648
1071128384
1073741824
1070575192
2147483648
1072499430
3758096384
1071379127
2147483648
1071699756
3221225472
1069320165
0
1071837186
0
1070665741
2147483648
1069349741
0
1072625606
1610612736
1069410053
0
1070383505
0
1072114727
2684354560
1071951755
1073741824
1071805601
1073741824
1069748924
2147483648
1072115566
1073741824
1071793509
3758096384
1070455270
2147483648
1072166763
536870912
1072149449
3758096384
1068938591
0
1070686591
1073741824
1071208294
3221225472
1071461100
1073741824
1072693247
2684354560
0
