Uvec
2226355706
1067518542
0
1072618436
0
1070499514
2147483648
1063257472
0
1071958447
2684354560
1069452794
0
1072667072
2147483648
1071369419
0
1072325938
2684354560
1072412274
0
1072474695
3221225472
1072603412
3758096384
1072213086
2147483648
1071879756
3758096384
1071350308
1073741824
1071634960
3221225472
1071193321
0
1071982594
1073741824
1070767303
3221225472
1071968019
2147483648
1071830190
3758096384
1070842473
1073741824
1072559954
1073741824
1071980704
1610612736
1071955477
3758096384
1071801079
0
1072531893
2147483648
1067573772
0
1072063269
0
1072235044
536870912
1070049793
2147483648
1072080001
1610612736
1072635281
1610612736
1071162396
2147483648
1071441954
3221225472
1068479490
0
1071589154
1073741824
1071681755
1073741824
1072462177
1610612736
1069153589
0
1072298901
2684354560
1071844707
2684354560
1072179422
0
1071827774
1073741824
1071960407
1073741824
1071942207
2147483648
1072069701
2684354560
1072378945
3758096384
1072367161
1073741824
1070374280
2147483648
1069996466
0
1072515124
3221225472
1072116983
0
1071716256
3221225472
1072385801
2147483648
1071511235
2147483648
1068510755
0
1071751797
1073741824
1072480152
2147483648
1072479241
2684354560
1072078260
3221225472
1072018383
2147483648
1066619960
0
1071688002
536870912
1070687724
1073741824
1069925225
2147483648
1067880166
0
1072342875
2684354560
1072113619
1610612736
1071182671
0
1071971342
1073741824
1071997821
1610612736
1072377491
3221225472
1071100423
0
1072380749
1610612736
1070792747
2147483648
1072632340
2147483648
1071051625
0
1072367298
1073741824
1070856641
1073741824
1070954707
3221225472
1071340486
3221225472
1072008941
3221225472
1070801397
0
1072510218
1610612736
1072096961
1073741824
1070486607
0
1072214780
2147483648
1072201933
536870912
1072247066
1073741824
1072488277
2684354560
1072545626
3758096384
1072328394
2147483648
1071117794
0
1072408234
2147483648
1070239134
2147483648
1071823996
3758096384
1070863767
3221225472
1071461100
1073741824
1072693247
2684354560
66
