Uvec
2226355706
1072030385
536870912
1070162455
0
1071251632
0
1071880014
2684354560
1070180792
2147483648
1071769108
0
1066159096
0
1071434453
3221225472
1072199543
0
1072438645
3221225472
1069329558
0
1071044427
0
1066418584
0
1071636669
3221225472
1070780577
2147483648
1070995330
3221225472
1071979662
0
1072596518
1610612736
1069817317
2147483648
1069266919
0
1068177358
0
1072179354
536870912
1072170787
1073741824
1070544212
0
1071171099
2147483648
1071783798
3758096384
1070189596
0
1070153468
2147483648
1072537544
2684354560
1071108677
1073741824
1067335676
0
1072467384
0
1071472703
0
1070410366
0
1065112608
0
1071964762
2147483648
1071690228
1610612736
1071856189
0
1071502848
2147483648
1067928292
0
1071960121
3221225472
1071293247
2147483648
1072604924
3758096384
1071089903
2147483648
1072508731
3758096384
1068929503
0
1072017477
2147483648
1071997304
536870912
1070840775
2147483648
1071860664
536870912
1071278129
2147483648
1071745022
3758096384
1071746034
1073741824
1070203266
2147483648
1071654383
536870912
1071503579
3221225472
1071800237
0
1072050819
2684354560
1071368169
0
1071544341
0
1071726618
536870912
1067163268
0
1072001830
3221225472
1067725114
0
1069444364
0
1069878163
0
1072363101
2147483648
1072054863
1073741824
1071657331
1610612736
1070612461
0
1070501996
0
1070546377
2147483648
1070788495
0
1072467449
1610612736
1071164679
0
1071628664
2147483648
1069773016
2147483648
1070827283
0
1071737956
1610612736
1072471828
2147483648
1072162409
2147483648
1072514741
1073741824
1069548713
0
1069660629
0
1070882688
3221225472
1070573379
0
1071912232
536870912
1069598336
2147483648
1070544676
0
1072305341
3758096384
1072411705
1073741824
1072289038
2147483648
1071773160
2147483648
1072635292
2684354560
1072129477
3221225472
1072484468
2684354560
1071252878
2147483648
1069387957
0
1071461100
1073741824
1072693247
2684354560
32
