Uvec
2226355706
1071296729
2147483648
1072168113
0
1072639979
1073741824
1071725840
536870912
1070787744
1073741824
1069565706
0
1072030782
536870912
1069984518
2147483648
1071698957
1610612736
1071460678
1073741824
1070884142
2147483648
1072421690
1073741824
1072423722
2684354560
1071336622
2147483648
1072236674
3758096384
1072543452
3758096384
1070488820
0
1071369761
2147483648
1070012253
2147483648
1071950657
0
1071375768
1073741824
1069991617
0
1072278635
2684354560
1071353686
3221225472
1068982871
0
1072149145
3221225472
1071758837
536870912
1068093364
0
1072594818
3221225472
1072161254
2147483648
1072025157
3221225472
1072585639
1073741824
1071968973
1610612736
1072661905
1073741824
1072230955
0
1071106788
0
1070895116
3221225472
1071895700
3758096384
1072433036
2684354560
1070186850
2147483648
1071126915
1073741824
1071332095
1073741824
1070114190
2147483648
1071780642
1610612736
1071944129
2147483648
1069687243
2147483648
1071900814
2684354560
1071989448
3221225472
1070866642
1073741824
1072283572
536870912
1072566373
1610612736
1072596510
3758096384
1071217100
1073741824
1071000778
0
1071696986
536870912
1069774443
0
1072349319
2684354560
1072199546
536870912
1072396790
1073741824
1068581708
0
1071771165
3221225472
1070374791
2147483648
1068774420
0
1071956301
536870912
1070529564
0
1072636716
1073741824
1068358974
0
1072467024
2684354560
1071123229
2147483648
1070804303
0
1070696145
2147483648
1071667868
536870912
1072554965
3221225472
1071758398
3758096384
1072531648
1610612736
1072482001
536870912
1069113752
0
1071462799
2147483648
1069618134
0
1071759903
1073741824
1072327025
2684354560
1068529148
0
1072267908
2147483648
1067588098
0
1066363440
0
1071498590
2147483648
1071697086
3758096384
1068332028
0
1072326948
1073741824
1070531116
0
1072401003
2684354560
1071857069
3221225472
1072665225
3221225472
1066008752
0
1071623352
1073741824
1064434320
0
1070354940
2147483648
1070606529
2147483648
1071461100
1073741824
1072693247
2684354560
24
