Uvec
2226355706
1070755993
3221225472
1071046820
3221225472
1071494922
0
1072161328
3758096384
1070790610
3221225472
1072078230
2684354560
1070861838
2147483648
1070220359
0
1072331767
2684354560
1069867651
0
1071653093
3221225472
1071656712
1610612736
1071850861
536870912
1071552656
1073741824
1070615054
2147483648
1065740688
0
1072542449
3758096384
1072364457
1610612736
1071827177
2147483648
1071667329
2684354560
1071865012
1073741824
1070098979
0
1071784743
2684354560
1071999114
2147483648
1068945860
0
1070736928
0
1072527680
1610612736
1072006649
2684354560
1072421514
1610612736
1072647920
2684354560
1071495911
1073741824
1069346769
0
1069976891
0
1071930836
3221225472
1066633472
0
1071436386
1073741824
1071833375
2147483648
1065422688
0
1069376192
0
1068958390
0
1065807176
0
1071975233
3221225472
1072479090
3758096384
1072422026
2147483648
1072465550
536870912
1072685967
536870912
1070570817
2147483648
1071034162
2147483648
1067844324
0
1069643324
0
1062243200
0
1072281159
2147483648
1071802643
2147483648
1070370511
2147483648
1070110914
2147483648
1072238360
0
1071659918
2147483648
1072512372
2147483648
1067946944
0
1071808861
3758096384
1066923980
0
1072216324
2684354560
1069949366
2147483648
1071546675
3221225472
1071094352
0
1072571265
3221225472
1071215478
1073741824
1068912181
0
1071665295
536870912
1069955117
0
1070951854
1073741824
1072569124
0
1071584515
1073741824
1070647355
2147483648
1072004302
3758096384
1071747571
3758096384
1072255389
3221225472
1070797952
2147483648
1072575737
3221225472
1072526677
3221225472
1072344077
3758096384
1071845865
0
1071989970
2147483648
1071460821
1073741824
1071560779
2147483648
1070731578
3221225472
1071357927
1073741824
1072255775
536870912
1072400433
2147483648
1070380020
0
1071919625
3221225472
1072091896
1073741824
1071797694
536870912
1072019907
1610612736
1071910829
3758096384
1071951657
2684354560
1072489581
536870912
1072012532
2684354560
1071461100
1073741824
1072693247
2684354560
80
