Uvec
2226355706
1072588876
536870912
1072624751
1610612736
1072153210
536870912
1070981104
2147483648
1071770346
0
1072332923
3221225472
1071833720
1610612736
1070697190
0
1072109661
2684354560
1072147223
3221225472
1072287595
536870912
1068549070
0
1072011259
2684354560
1071614358
3221225472
1071753195
1073741824
1072580685
0
1069928585
0
1064453264
0
1072409031
536870912
1070958444
3221225472
1072111080
536870912
1072648566
1610612736
1071110919
1073741824
1071714592
536870912
1071776552
0
1071453329
3221225472
1070837857
2147483648
1069579051
2147483648
1071784946
1610612736
1068431668
0
1066322864
0
1070994244
2147483648
1067443964
0
1071644721
3221225472
1072035780
3758096384
1071800149
1610612736
1072574079
3221225472
1067793562
0
1069824921
0
1070510514
2147483648
1072642373
1610612736
1071928677
0
1068815048
0
1071781458
2684354560
1071749446
0
1070664192
3221225472
1071571997
2147483648
1071697596
2684354560
1071270665
3221225472
1071377256
3221225472
1071776035
3758096384
1072399934
2684354560
1070610768
0
1070265549
0
1072028122
0
1072305161
536870912
1072293092
3758096384
1070446190
0
1072411564
3758096384
1072096749
3221225472
1071469840
0
1071812274
536870912
1071942068
1073741824
1070283724
2147483648
1071222168
1073741824
1071137212
1073741824
1071238409
1073741824
1070764025
2147483648
1071908920
0
1069626806
2147483648
1072682686
1610612736
1068837107
0
1069606742
2147483648
1072342770
3221225472
1064090720
0
1072232186
536870912
1071250126
3221225472
1072088638
1610612736
1072640058
0
1072066646
2684354560
1068207548
0
1072629084
2684354560
1072081878
2147483648
1071184366
2147483648
1069310588
0
1072000348
2684354560
1071616467
3221225472
1071974132
2684354560
1072275470
2684354560
1072381288
0
1071674906
2147483648
1070619115
2147483648
1071871307
1610612736
1072056324
1610612736
1071736951
3758096384
1072192995
1610612736
1069582252
0
1068990990
0
1071461100
1073741824
1072693247
2684354560
46
