Uvec
2226355706
1071757736
3221225472
1072352683
3758096384
1072642709
2684354560
1072074429
3758096384
1069360735
0
1071912122
536870912
1071461793
3221225472
1069108465
0
1072366824
2147483648
1069820436
2147483648
1071787397
536870912
1070741454
1073741824
1071652988
536870912
1071603881
0
1066489056
0
1071666425
536870912
1071747357
3758096384
1071385178
0
1071050107
2147483648
1071743403
3758096384
1072627799
3221225472
1072082286
1073741824
1070714101
0
1071958901
0
1072558451
0
1070476069
2147483648
1072006888
3221225472
1072385450
2684354560
1067040212
0
1070354478
0
1069425510
0
1069600473
0
1071660051
536870912
1070316527
2147483648
1069352389
0
1070815112
0
1072152440
3758096384
1072293854
0
1072433441
536870912
1069959062
2147483648
1067663552
0
1071517818
3221225472
1071419915
3221225472
1071506911
2147483648
1071659994
536870912
1070740948
1073741824
1070428244
2147483648
1072150360
0
1072149123
0
1071976840
3758096384
1072404860
2147483648
1069159566
0
1071619008
2147483648
1072256258
1610612736
1071995856
2684354560
1070832492
0
1068820649
0
1069139978
0
1071757407
1610612736
1067613376
0
1072646735
1610612736
1072020002
0
1065283408
0
1070403983
0
1072450622
0
1066512844
0
1072186695
2684354560
1070355904
2147483648
1072588396
0
1072211848
536870912
1071938732
2684354560
1070971706
2147483648
1070831473
1073741824
1072273136
3221225472
1071057875
1073741824
1070120846
2147483648
1071692214
2684354560
1072275551
536870912
1068357760
0
1071472652
0
1072070975
3758096384
1072637204
0
1070879432
3221225472
1072304953
2147483648
1072565302
2147483648
1072293453
0
1071117605
1073741824
1071737143
536870912
1066485268
0
1070236631
2147483648
1064873072
0
1072330520
1073741824
1072144327
3758096384
1071530532
2147483648
1071065453
2147483648
1071908726
2684354560
1069995579
2147483648
1072272824
2147483648
1071461100
1073741824
1072693247
2684354560
42
