Uvec
2226355706
1071996795
2147483648
1071094483
2147483648
1072064077
3758096384
1071691249
1610612736
1071675833
0
1071129103
3221225472
1072173453
2147483648
1071970299
1610612736
1070210878
2147483648
1071958801
0
1069798480
2147483648
1072499805
536870912
1072357923
1073741824
1069705450
2147483648
1072088762
3758096384
1072592685
1073741824
1072350980
536870912
1072552236
2147483648
1069558892
0
1071594636
0
1071439468
0
1072233306
3758096384
1071784265
1610612736
1072338319
0
1070764920
0
1072521790
536870912
1072094656
536870912
1071286413
3221225472
1070932080
3221225472
1070832726
2147483648
1068154834
0
1067630642
0
1070397233
0
1072576488
3221225472
1070897802
0
1071117401
2147483648
1069578015
2147483648
1071767797
2147483648
1071453899
0
1071083576
0
1072196526
2147483648
1071614449
3221225472
1072050046
3758096384
1072098935
536870912
1072442597
2147483648
1066762240
0
1072652696
1610612736
1071136704
2147483648
1072004136
2147483648
1070032031
2147483648
1072532794
2147483648
1068781235
0
1070289911
2147483648
1072233361
1073741824
1071220749
0
1072633060
3758096384
1066326328
0
1072492836
1073741824
1071856460
3221225472
1069953876
2147483648
1072508893
1073741824
1071826537
536870912
1070834310
1073741824
1071884120
1610612736
1072450960
2684354560
1072661927
2147483648
1071859792
2147483648
1072362070
1610612736
1071706537
536870912
1070955227
0
1072324351
536870912
1072538844
3221225472
1071457568
3221225472
1071407574
1073741824
1070181837
0
1070438998
0
1072040959
1610612736
1072184219
2147483648
1071913615
1073741824
1072303596
1610612736
1068205092
0
1068028588
0
1070822371
1073741824
1071786602
1073741824
1069370185
0
1072557261
3221225472
1068182340
0
1071365996
0
1069787223
0
1072045634
3758096384
1069607175
0
1071856407
536870912
1071422386
0
1071647214
3758096384
1064179232
0
1072652152
1073741824
1071663260
1610612736
1072043941
3758096384
1071461100
1073741824
1072693247
2684354560
94
