Uvec
2226355706
1070165038
0
1071474247
1073741824
1069352061
0
1072591627
536870912
1072470807
536870912
1070818786
1073741824
1072294809
536870912
1070806618
0
1071914991
2147483648
1072488529
3221225472
1066982260
0
1070693383
3221225472
1070965320
2147483648
1069177267
0
1072614048
0
1072593225
536870912
1071677419
536870912
1072625703
536870912
1072675028
1610612736
1071755873
1073741824
1071617872
3221225472
1072365966
0
1072383940
3758096384
1072423276
1610612736
1072460159
3758096384
1072250224
0
1069992203
2147483648
1071815496
0
1070955045
1073741824
1071783404
3221225472
1070633476
2147483648
1072679394
2684354560
1070216193
0
1071774127
2684354560
1072056375
0
1071693824
536870912
1072131375
0
1072691702
3758096384
1071469567
0
1068624504
0
1070026766
0
1064944016
0
1070879316
1073741824
1071068438
1073741824
1070656252
1073741824
1072550363
2684354560
1071764165
1610612736
1072678975
536870912
1072528294
536870912
1071999356
0
1067996328
0
1071749419
2684354560
1071838294
1610612736
1072042205
2147483648
1072167703
2147483648
1070415110
0
1072560644
536870912
1072093570
3221225472
1069087166
0
1072410132
2684354560
1072118265
2684354560
1072417086
1610612736
1069239588
0
1072674858
2147483648
1070155522
2147483648
1072421506
3758096384
1072135045
2684354560
1072565174
2684354560
1072280765
1073741824
1071371094
2147483648
1072423027
536870912
1072505290
1610612736
1072293459
3758096384
1071804769
2147483648
1072389586
3221225472
1069160383
0
1072342731
3221225472
1070044201
2147483648
1067365676
0
1072073944
1073741824
1071779801
2147483648
1070940094
1073741824
1071220653
2147483648
1071925610
2147483648
1072230207
2684354560
1072642013
2147483648
1070943051
3221225472
1072599309
2147483648
1071938214
1073741824
1067549318
0
1071832793
1073741824
1066594824
0
1068960171
0
1070582953
2147483648
1071269278
3221225472
1071539208
0
1072292696
2147483648
1070783225
1073741824
1071461100
1073741824
1072693247
2684354560
56
