Uvec
2226355706
1070082088
2147483648
1071901063
2147483648
1069600870
0
1072268767
536870912
1072337876
1610612736
1068559168
0
1072587867
3221225472
1072090245
1073741824
1072674212
1073741824
1069969477
2147483648
1071006033
2147483648
1071706047
536870912
1071901115
3221225472
1071662671
3221225472
1072344787
2684354560
1069812768
0
1070231142
0
1072331613
2684354560
1071649223
536870912
1072644213
3221225472
1071920804
0
1070097409
2147483648
1072003430
3758096384
1072398253
1610612736
1069315357
0
1072352178
536870912
1071491546
1073741824
1071754319
1073741824
1068619824
0
1071547469
3221225472
1072628765
1610612736
1070920452
0
1072434979
536870912
1066976684
0
1069594016
2147483648
1069738998
2147483648
1072372029
3221225472
1070774525
2147483648
1069914705
0
1071638424
0
1072181260
1073741824
1071778861
536870912
1072376182
2684354560
1069269406
0
1070902086
3221225472
1072214426
536870912
1072645520
2684354560
1069290110
0
1071369377
0
1071596447
3221225472
1071024540
2147483648
1071759098
2684354560
1071508628
0
1072103108
1610612736
1070084588
0
1071026602
3221225472
1071302636
0
1072400166
3758096384
1072276032
536870912
1070037101
0
1067618312
0
1072161857
536870912
1070329511
0
1072307658
3221225472
1070936000
3221225472
1069807891
2147483648
1071799158
0
1072063107
0
1071648595
1610612736
1071250036
2147483648
1068827861
0
1069999678
0
1070657309
3221225472
1067634358
0
1069665644
0
1070886029
0
1070948967
2147483648
1069790507
2147483648
1070819309
0
1068094756
0
1071881688
1610612736
1070691427
3221225472
1071931802
536870912
1070049665
0
1072607648
3758096384
1071393197
1073741824
1069805317
0
1072332941
536870912
1072458093
2684354560
1071186817
0
1070152915
0
1072054742
2147483648
1072085740
0
1072496254
1610612736
1071158000
3221225472
1071389731
0
1072532260
1610612736
1069682328
2147483648
1071461100
1073741824
1072693247
2684354560
3
