Uvec
2226355706
1070749330
3221225472
1071093794
3221225472
1072586481
3221225472
1068363498
0
1069546152
0
1072016723
1610612736
1071789798
3758096384
1072657709
2147483648
1071629142
2147483648
1071843508
3221225472
1068544916
0
1069727170
0
1072214482
1610612736
1072333969
3221225472
1072553622
3758096384
1072496388
1610612736
1071269729
2147483648
1072036741
0
1071368187
0
1072592577
3758096384
1067877212
0
1071887525
1073741824
1071773065
2147483648
1069568150
2147483648
1068732548
0
1067994110
0
1071886536
3221225472
1070742898
2147483648
1072558857
1610612736
1071764544
0
1071044737
2147483648
1072366756
2684354560
1072453294
0
1069615560
0
1072596975
2147483648
1071974525
536870912
1069630876
0
1071301400
0
1072257864
536870912
1072455402
0
1071910577
3221225472
1069918801
0
1072364637
1610612736
1071842254
1073741824
1072311877
2684354560
1072463558
3221225472
1072290505
536870912
1071139736
2147483648
1070072948
0
1072558774
0
1071411853
0
1071934606
1073741824
1070497830
0
1071596553
2147483648
1070341401
2147483648
1071728234
2147483648
1070755686
1073741824
1072209352
1073741824
1071956433
3221225472
1071594168
3221225472
1066924964
0
1072333670
1073741824
1071732565
1073741824
1071147133
3221225472
1069985213
2147483648
1071089861
3221225472
1071252405
0
1071710426
1610612736
1072273036
536870912
1068224146
0
1072322487
2147483648
1072410725
1610612736
1072000299
1073741824
1071655548
1610612736
1071960330
536870912
1069606844
2147483648
1071535214
2147483648
1070837161
3221225472
1071792392
3221225472
1072089054
1610612736
1072691003
3758096384
1071511100
3221225472
1072545603
1610612736
1070965149
0
1069813945
2147483648
1071836210
536870912
1070703861
3221225472
1072317194
536870912
1068708067
0
1070396105
0
1071845647
1610612736
1072220969
3758096384
1069082486
0
1071271525
3221225472
1067587310
0
1072630227
2147483648
1072164358
1610612736
1072492333
2684354560
1071461100
1073741824
1072693247
2684354560
24
