Uvec
2226355706
1072672072
2684354560
1071976542
0
1070854729
2147483648
1071826192
3221225472
1069313095
0
1072014184
3758096384
1071655026
3758096384
1071018753
1073741824
1072489469
0
1070134272
0
1070891169
3221225472
1072143883
3221225472
1071876602
2684354560
1071431975
3221225472
1072235072
0
1071620440
3221225472
1071554703
1073741824
1071955201
536870912
1070407585
2147483648
1072146410
2684354560
1070593149
2147483648
1070077535
2147483648
1069952906
0
1070635105
1073741824
1071008127
0
1070388148
0
1067857344
0
1072514958
536870912
1066617472
0
1071295490
1073741824
1072557007
1073741824
1069011983
0
1072307772
536870912
1072461712
1073741824
1070869743
3221225472
1071086948
1073741824
1072343760
3221225472
1071570848
3221225472
1072482318
3758096384
1071034890
0
1072250573
536870912
1071354310
2147483648
1070927569
3221225472
1070920281
3221225472
1072323464
536870912
1072479698
3221225472
1071840641
2147483648
1071301377
0
1072649692
2147483648
1071948859
2147483648
1072186818
536870912
1071568731
0
1072318491
2684354560
1071880051
1073741824
1070598634
3221225472
1068517246
0
1070401304
0
1071962471
2684354560
1069635024
2147483648
1072420561
3758096384
1072169148
0
1069630009
0
1072076273
0
1072222605
3758096384
1071847035
1073741824
1071298422
3221225472
1070895738
3221225472
1072548523
536870912
1071166954
3221225472
1071878429
3758096384
1072359192
3221225472
1070728797
3221225472
1068852016
0
1072597619
536870912
1071875217
0
1071737702
3221225472
1072261895
3758096384
1072274188
2684354560
1071171995
3221225472
1069868744
0
1072549454
536870912
1069660102
0
1072130684
2684354560
1070409711
0
1068816161
0
1071215449
1073741824
1071674324
0
1071565812
2147483648
1071187645
0
1071276910
2147483648
1071767799
3221225472
1072164184
536870912
1072523350
1073741824
1072128077
2147483648
1072517852
3758096384
1072348589
536870912
1070680653
2147483648
1072522803
2147483648
1071461100
1073741824
1072693247
2684354560
64
