Uvec
2226355706
1070767831
0
1072178299
2147483648
1071803672
2147483648
1069444906
0
1071416117
3221225472
1069818767
0
1070929874
3221225472
1070879106
2147483648
1071940274
1610612736
1072199938
3758096384
1072309785
536870912
1072086036
0
1071196364
1073741824
1070879982
1073741824
1071986340
2147483648
1070196425
0
1071807435
536870912
1071514174
2147483648
1068809243
0
1069961556
0
1071715091
0
1072130814
0
1068451450
0
1067979142
0
1070807170
1073741824
1071243605
0
1071827352
536870912
1071683941
3758096384
1071165894
3221225472
1071111883
1073741824
1072572970
3221225472
1072563461
1610612736
1071661414
2147483648
1072063360
536870912
1072093293
3221225472
1072189634
536870912
1066471800
0
1072459551
1610612736
1071440663
3221225472
1072431900
3758096384
1067653294
0
1072112046
0
1071430338
2147483648
1070927222
2147483648
1071463973
0
1072464551
3758096384
1072250782
536870912
1072485052
536870912
1068903597
0
1069009665
0
1070307517
0
1068647807
0
1071417166
2147483648
1070601120
3221225472
1071832249
2147483648
1072023478
536870912
1072108058
536870912
1072266496
1073741824
1072034390
3758096384
1071978978
3758096384
1072356989
1073741824
1071767041
0
1069840762
2147483648
1071435087
3221225472
1070864086
0
1068695868
0
1070945741
2147483648
1070733372
2147483648
1071822593
2684354560
1071962622
2684354560
1072010796
3758096384
1072182174
0
1068040338
0
1070798963
0
1069967424
2147483648
1070754118
3221225472
1070873022
0
1069111553
0
1070470876
0
1072129899
3758096384
1066384336
0
1072057889
1073741824
1070885960
2147483648
1070754910
1073741824
1068752595
0
1071167618
2147483648
1071179877
3221225472
1072044234
1073741824
1071884615
536870912
1069068956
0
1068835900
0
1072048203
1073741824
1071841300
1610612736
1072524791
0
1068127894
0
1072385779
3758096384
1071808924
1610612736
1071825900
1073741824
1071461100
1073741824
1072693247
2684354560
39
