Uvec
2226355706
1069989171
2147483648
1071948066
0
1070000361
2147483648
1071576563
0
1069978068
0
1071562824
3221225472
1071931946
0
1071784429
3758096384
1072485398
3221225472
1070364419
0
1072238739
1610612736
1070075575
0
1070614502
2147483648
1072444828
0
1072563510
0
1072295769
1610612736
1071987721
3221225472
1063160512
0
1070357361
2147483648
1070619014
2147483648
1072393678
1610612736
1071349963
0
1071884459
1073741824
1067053352
0
1069357100
0
1071886992
1610612736
1072272255
3758096384
1071793558
3758096384
1072362141
2684354560
1069151184
0
1071506264
2147483648
1072395038
536870912
1070443734
2147483648
1070443425
0
1072661598
2147483648
1071551493
3221225472
1070922669
0
1069785735
0
1065129152
0
1072487395
2684354560
1072411720
1073741824
1068145114
0
1070846606
1073741824
1070915234
0
1072385626
1073741824
1071774634
1610612736
1071686568
0
1071667093
3221225472
1071755837
1610612736
1070718685
2147483648
1071996624
3221225472
1064938384
0
1072080264
0
1072159736
3758096384
1070192274
0
1070445042
0
1072244055
2147483648
1072300297
1073741824
1070603890
2147483648
1071485938
3221225472
1071862931
2147483648
1072206974
3221225472
1072565761
2684354560
1070400205
2147483648
1072269907
536870912
1072640729
2147483648
1071004563
2147483648
1072053651
536870912
1069779948
0
1063938784
0
1072672108
2147483648
1071873333
2147483648
1071604569
3221225472
1070639607
3221225472
1070069976
0
1066011976
0
1070988236
2147483648
1069824135
2147483648
1071349328
1073741824
1072105784
2147483648
1071365660
3221225472
1071695530
536870912
1072491999
2147483648
1068868436
0
1071816729
1610612736
1069406090
0
1071532386
0
1070619691
1073741824
1071755354
2147483648
1072475021
0
1069110448
0
1072170965
3758096384
1071329814
2147483648
1070621481
0
1071655877
2147483648
1072444937
2147483648
1071108650
3221225472
1072347590
2147483648
1071461100
1073741824
1072693247
2684354560
7
