Uvec
2226355706
1069482410
0
1071933194
3758096384
1071781553
0
1071405252
3221225472
1069660266
0
1071868672
1073741824
1070867447
0
1071946401
536870912
1069402936
0
1071792565
3221225472
1072468060
3221225472
1071874478
3758096384
1070635867
0
1065292720
0
1070738445
3221225472
1070139685
0
1069869610
0
1072400273
2684354560
1072439146
0
1071678815
1610612736
1072002847
3221225472
1069400237
0
1072267650
2684354560
1071846346
3758096384
1071626533
0
1067319276
0
1072399439
3221225472
1071273580
2147483648
1068352696
0
1070920909
0
1069518402
0
1071685462
3758096384
1071127229
0
1072410500
536870912
1071980840
1073741824
1071661486
1073741824
1071227795
2147483648
1072057710
1073741824
1071896337
1073741824
1070606290
3221225472
1070900284
3221225472
1071022719
0
1070635524
1073741824
1072384681
2684354560
1072329440
3758096384
1071835598
1073741824
1071882375
3758096384
1069048888
0
1071943389
1073741824
1070282428
2147483648
1072295486
1073741824
1070186468
0
1071492814
1073741824
1070993081
3221225472
1071317109
1073741824
1071908839
2684354560
1068690988
0
1072084615
536870912
1072635942
2684354560
1072054370
1610612736
1071510011
1073741824
1071048326
0
1072681651
0
1071498049
2147483648
1072368032
3221225472
1068366318
0
1069804300
0
1072531981
2147483648
1071836482
536870912
1072231735
1610612736
1072588863
0
1071425697
2147483648
1069902028
2147483648
1068555840
0
1069883361
2147483648
1072670233
2147483648
1068731770
0
1069455445
0
1068713365
0
1070950441
0
1072488862
2684354560
1071875407
1073741824
1071902807
1610612736
1066707020
0
1071958472
2684354560
1070846678
0
1072399518
1073741824
1072131413
0
1070222958
2147483648
1071569342
1073741824
1070965490
1073741824
1071326397
2147483648
1072496125
0
1069339314
0
1071307616
1073741824
1066911828
0
1071001857
0
1070138326
0
1071461100
1073741824
1072693247
2684354560
60
