Uvec
2226355706
1070714066
2147483648
1068560939
0
1071015644
1073741824
1071748840
3758096384
1072522892
3221225472
1067840752
0
1072182116
0
1071961739
2684354560
1070844352
3221225472
1071443208
1073741824
1072201973
3758096384
1071521100
0
1072440150
3221225472
1072511539
3758096384
1071413447
2147483648
1071953699
2147483648
1070151673
2147483648
1071663290
1610612736
1071891907
2684354560
1071890996
3758096384
1072539409
3758096384
1072010862
3758096384
1070018585
0
1072213471
1610612736
1070729643
0
1068214414
0
1070821222
2147483648
1071762959
3758096384
1070288788
2147483648
1071003536
2147483648
1071168179
2147483648
1071820720
0
1069870012
0
1070576347
2147483648
1070147346
0
1072480665
3221225472
1070267200
2147483648
1068502536
0
1070478357
2147483648
1072634085
3758096384
1069011438
0
1070724877
1073741824
1070625521
2147483648
1069553306
2147483648
1070875015
3221225472
1068967949
0
1072397424
536870912
1072079529
2684354560
1072498069
1073741824
1071466704
1073741824
1071770396
2147483648
1072495335
0
1072500136
3221225472
1072630767
2684354560
1072550920
536870912
1069724904
0
1071724112
1610612736
1070371010
2147483648
1069617628
2147483648
1067983382
0
1071473258
1073741824
1071711423
0
1068031814
0
1071896866
2684354560
1069766435
2147483648
1072323476
1073741824
1072247391
3221225472
1071749290
2147483648
1067915430
0
1072115566
2147483648
1071785732
0
1071711358
1610612736
1070212842
2147483648
1072470187
536870912
1071260134
0
1069811495
0
1071036019
3221225472
1072409781
2147483648
1068522818
0
1072554763
1610612736
1071940985
1073741824
1072186337
3758096384
1068159626
0
1071696142
2147483648
1065490688
0
1072090187
0
1070023112
2147483648
1071877930
0
1071609635
1073741824
1071999787
0
1071632183
0
1071306822
3221225472
1071665234
536870912
1070751657
3221225472
1069252562
0
1072008702
2147483648
1071437984
0
1072371739
1073741824
1071461100
1073741824
1072693247
2684354560
89
