Uvec
2226355706
1072645933
3221225472
1071126974
1073741824
1072321478
1073741824
1071180658
3221225472
1070340541
2147483648
1072564212
2684354560
1072539473
3221225472
1072326602
2684354560
1066858096
0
1070991996
3221225472
1069569463
0
1072491978
3758096384
1072385882
1073741824
1071238956
2147483648
1070634384
2147483648
1072495239
1610612736
1072503771
1610612736
1072491898
2147483648
1066684280
0
1070312351
0
1072354487
1073741824
1072591452
1610612736
1071556510
0
1070708876
2147483648
1072201832
536870912
1072458263
2684354560
1069813759
0
1071050304
2147483648
1072073290
0
1071644469
2147483648
1070782160
1073741824
1071967655
3221225472
1070320711
0
1071877923
1610612736
1069057276
0
1070348237
0
1071760812
536870912
1071051752
2147483648
1071564050
0
1071964487
3758096384
1070636293
2147483648
1071807503
3758096384
1072331542
1073741824
1071979450
2147483648
1070834674
0
1071101809
2147483648
1071117123
0
1072397077
3758096384
1069159403
0
1072451944
1073741824
1071516181
2147483648
1072246971
0
1072194605
536870912
1066711656
0
1072102396
2147483648
1066133760
0
1072527672
2684354560
1071492954
0
1071742471
2147483648
1071926710
1073741824
1071321215
2147483648
1072646210
2684354560
1072057855
3758096384
1070991145
2147483648
1072256212
3758096384
1071424267
1073741824
1072273758
1073741824
1070622751
0
1071539550
1073741824
1068495754
0
1070058787
0
1071728599
3758096384
1069879666
2147483648
1072265484
3221225472
1071583978
3221225472
1070904177
1073741824
1071974252
1610612736
1072555226
3221225472
1067506464
0
1070589676
0
1072037350
2684354560
1071568222
1073741824
1071886936
2147483648
1072115483
2147483648
1071516775
1073741824
1072086717
3758096384
1072533963
536870912
1070009745
2147483648
1070276353
0
1069193210
0
1072059234
2147483648
1071482499
0
1071966299
2684354560
1072631041
2684354560
1070753251
0
1071425480
3221225472
1069871724
2147483648
1071365437
3221225472
1071461100
1073741824
1072693247
2684354560
59
