Uvec
2226355706
1072419985
3221225472
1072433685
2684354560
1069002714
0
1064821696
0
1070610295
0
1072538228
3221225472
1071860884
3221225472
1067928342
0
1072204392
536870912
1072162060
536870912
1070614878
2147483648
1070713580
2147483648
1071647623
536870912
1071771778
3221225472
1071649914
2147483648
1071789253
3758096384
1072602668
1610612736
1071699322
1610612736
1072076682
3758096384
1071910274
1073741824
1072390113
3758096384
1072035364
536870912
1072278138
2147483648
1071681580
3221225472
1069971299
0
1070485034
2147483648
1069426149
0
1072516635
2147483648
1071375680
0
1072098995
2684354560
1070985756
2147483648
1071784899
2147483648
1067264268
0
1069854673
2147483648
1068059310
0
1072172851
1610612736
1072385748
3221225472
1069766729
2147483648
1067625970
0
1071926623
3758096384
1068159210
0
1069929124
2147483648
1072200656
3221225472
1069639330
0
1071581146
3221225472
1071826921
1073741824
1071201450
0
1070979468
1073741824
1069712109
0
1072199364
1610612736
1070523473
0
1072341449
1073741824
1071763418
536870912
1072499596
536870912
1070998179
2147483648
1071011332
3221225472
1071810480
2684354560
1069876907
0
1071408522
3221225472
1072523775
3221225472
1072386599
0
1072079041
3758096384
1070733309
1073741824
1071821608
3758096384
1071004387
1073741824
1072272341
2684354560
1072154928
2147483648
1072578401
3221225472
1071918830
536870912
1070986631
2147483648
1070660833
3221225472
1071636479
3221225472
1071493108
3221225472
1067973794
0
1072469579
0
1070835997
2147483648
1067418216
0
1071816554
1610612736
1072643111
1073741824
1069762322
2147483648
1071521852
2147483648
1071993214
3221225472
1072078226
2684354560
1072507183
2684354560
1070713017
0
1069421509
0
1070463970
2147483648
1071969320
0
1072494140
0
1071933683
3758096384
1071645809
3758096384
1069717573
2147483648
1071939135
1610612736
1071053971
2147483648
1072436992
3758096384
1071548476
3221225472
1072396772
3221225472
1072057215
536870912
1071461100
1073741824
1072693247
2684354560
5
