Uvec
2226355706
1070977264
3221225472
1072616677
0
1071098167
2147483648
1072357310
1073741824
1070088283
0
1070435905
2147483648
1071723267
2147483648
1072634356
1610612736
1072478341
1610612736
1072582482
0
1068131452
0
1067432380
0
1071484921
1073741824
1071529890
0
1072120252
536870912
1072008541
0
1067426104
0
1072486824
2684354560
1072035222
2147483648
1070048775
0
1072191318
3758096384
1071128138
3221225472
1071149911
3221225472
1071188392
2147483648
1071858080
3758096384
1072031943
536870912
1072520512
0
1071785137
536870912
1072424804
3221225472
1071007309
3221225472
1071082854
3221225472
1071059575
0
1065272368
0
1071798912
0
1072448228
2684354560
1071852824
2684354560
1066705108
0
1069467967
0
1070309086
0
1071928074
2147483648
1072026778
0
1070029493
0
1072078893
3758096384
1071383769
3221225472
1071647039
2684354560
1072153537
2684354560
1071885846
1073741824
1071972103
3758096384
1071238547
3221225472
1072122006
0
1070612239
1073741824
1072452524
2684354560
1072613722
2684354560
1072320553
3758096384
1071663709
2147483648
1071697139
3758096384
1072361365
0
1070893578
3221225472
1071220142
2147483648
1072361408
1610612736
1071860090
3221225472
1072487211
1610612736
1072347992
2147483648
1065624448
0
1072112372
2147483648
1071285236
3221225472
1070708634
1073741824
1068923480
0
1071765477
1073741824
1072054056
2684354560
1072362462
0
1071120433
3221225472
1072576581
1610612736
1070041816
0
1072578765
2147483648
1068292648
0
1069657244
2147483648
1072445843
2147483648
1070511148
0
1069190928
0
1070048948
2147483648
1070787551
3221225472
1072250775
536870912
1072665205
2684354560
1072389709
536870912
1070453106
0
1072627712
0
1070916781
0
1070713088
2147483648
1071009742
0
1070892540
0
1070693229
2147483648
1072602377
2684354560
1072247489
0
1069033823
0
1072366119
1073741824
1069458027
0
1068674529
0
1071461100
1073741824
1072693247
2684354560
30
