Uvec
2226355706
1072055250
2684354560
1070407764
2147483648
1070819918
0
1072288020
3758096384
1071932017
2684354560
1071389556
0
1071669353
0
1072201685
1610612736
1072153149
2147483648
1072099981
536870912
1071185956
2147483648
1070610541
3221225472
1070963603
3221225472
1068735005
0
1071703792
1610612736
1071264602
1073741824
1071329507
0
1072121726
0
1071443544
2147483648
1072556087
3758096384
1071957196
2147483648
1071508907
3221225472
1072170391
2684354560
1071383482
3221225472
1066586788
0
1072327637
1073741824
1071250803
0
1072204968
1610612736
1072448288
536870912
1070089824
0
1072049172
2684354560
1071011930
0
1064848672
0
1068715838
0
1070773687
1073741824
1071697007
2684354560
1060480000
0
1071714378
2684354560
1072565068
3221225472
1071156889
0
1072109203
2147483648
1070560098
0
1072197297
2147483648
1066032072
0
1070812455
0
1070848887
2147483648
1069762418
0
1072190570
1610612736
1070694890
1073741824
1071236379
2147483648
1067364248
0
1072176788
3221225472
1070689786
2147483648
1069861321
0
1071842237
3758096384
1069446405
0
1071778850
2684354560
1072637611
0
1072136659
0
1069180243
0
1072018866
2684354560
1068520391
0
1072121338
2147483648
1072686227
2147483648
1069181166
0
1072246579
0
1071658850
3758096384
1069398287
0
1071980021
536870912
1070609491
0
1068555126
0
1067978498
0
1071962411
2147483648
1072004810
1073741824
1069693256
0
1072551545
3221225472
1072439502
3758096384
1072399077
1610612736
1068276878
0
1069812562
0
1071475766
2147483648
1072654067
2147483648
1072143205
1073741824
1069531051
0
1072053325
3758096384
1069193012
0
1072321205
536870912
1072667660
536870912
1072262892
3221225472
1070859146
2147483648
1072293243
3758096384
1069933929
0
1070499014
0
1071971227
536870912
1072545290
2147483648
1071852799
1610612736
1072674923
1073741824
1071988629
1610612736
1071461100
1073741824
1072693247
2684354560
31
