Uvec
2226355706
1072551906
0
1071898900
0
1072425726
3758096384
1071234431
2147483648
1071840908
2684354560
1071863028
3758096384
1070381524
0
1069998912
2147483648
1072046251
1610612736
1065001824
0
1069212527
0
1072135791
3758096384
1071913556
536870912
1069444486
0
1071552486
3221225472
1071687287
2684354560
1070131861
2147483648
1070059736
0
1070971072
2147483648
1070197695
2147483648
1071371120
2147483648
1070526691
2147483648
1071263878
3221225472
1070604466
1073741824
1071659464
3221225472
1072374156
1610612736
1071033459
3221225472
1071613991
1073741824
1068652972
0
1069167321
0
1071677511
1610612736
1067643568
0
1072579425
3221225472
1071571331
1073741824
1072358399
0
1069861791
0
1072202379
2684354560
1072467404
536870912
1071589023
3221225472
1069872361
2147483648
1072464593
536870912
1069858085
2147483648
1070355498
0
1071762172
0
1071389026
2147483648
1071956356
1610612736
1069416096
0
1072490125
0
1072601431
1073741824
1072672218
2147483648
1071038421
0
1066659012
0
1069727661
0
1072459198
536870912
1072149308
0
1068503475
0
1070416251
0
1071981786
3758096384
1071906383
2684354560
1070792779
2147483648
1072181517
0
1070092830
2147483648
1072326588
2684354560
1070362530
0
1069662372
0
1065903368
0
1066894748
0
1070973674
1073741824
1072088724
3758096384
1072431738
2684354560
1069920063
0
1071715805
0
1072666141
2684354560
1070029119
0
1071548625
0
1062971392
0
1071916254
2147483648
1072522502
1610612736
1070859100
3221225472
1072651424
2147483648
1071331551
0
1071270284
0
1071771727
3221225472
1071506508
3221225472
1071264819
3221225472
1071065388
1073741824
1072155440
2147483648
1070487663
2147483648
1071223384
3221225472
1070920422
0
1072607638
536870912
1070871475
0
1072346293
2684354560
1071497896
0
1072296453
3758096384
1071812112
2147483648
1071894763
1073741824
1069583346
0
1071461100
1073741824
1072693247
2684354560
31
