Uvec
2226355706
1069459389
0
1069745789
0
1070857459
3221225472
1072685673
1610612736
1071809458
2684354560
1071091043
0
1070878093
3221225472
1071067956
0
1072257714
2147483648
1069538182
0
1067492722
0
1066041776
0
1067395428
0
1072003334
1610612736
1072265721
3758096384
1070137682
0
1071335948
3221225472
1070914536
2147483648
1071270713
3221225472
1069641235
2147483648
1072409466
1073741824
1072489341
1073741824
1072082108
3221225472
1071883173
3758096384
1071084566
1073741824
1071702097
2147483648
1072289439
2147483648
1068314054
0
1071282366
2147483648
1072419542
536870912
1072184721
0
1071608599
0
1070989821
0
1072253646
1073741824
1072580874
1073741824
1072487752
1610612736
1072453559
3758096384
1071479171
2147483648
1067363352
0
1070755957
3221225472
1070632802
1073741824
1071826115
536870912
1071850015
3221225472
1069913838
0
1071271026
0
1070130317
2147483648
1069617167
0
1070911581
0
1072431224
2684354560
1071381568
0
1072691523
1610612736
1070110427
0
1071799610
0
1067723290
0
1071578996
2147483648
1071517715
1073741824
1067353832
0
1068862912
0
1071856294
536870912
1071920599
2684354560
1072229170
0
1070648172
2147483648
1071084254
1073741824
1071247564
2147483648
1072014012
1610612736
1068549649
0
1071534972
2147483648
1072240217
0
1069853590
0
1071863714
1610612736
1071520797
0
1070974482
2147483648
1070192860
0
1071812134
2147483648
1071756723
2684354560
1069843074
0
1070456558
2147483648
1072192110
536870912
1071528573
3221225472
1069499945
0
1071571353
3221225472
1071147978
0
1072576961
2684354560
1068693325
0
1070745012
1073741824
1069172267
0
1072141123
3758096384
1072691582
0
1070931487
2147483648
1072059016
3758096384
1069341058
0
1072063750
1610612736
1072661850
2684354560
1071669811
2147483648
1069638221
0
1071658263
3758096384
1071384764
2147483648
1070236814
2147483648
1071461100
1073741824
1072693247
2684354560
56
