Uvec
2226355706
1068373384
0
1070523273
2147483648
1072059557
2684354560
1071473956
1073741824
1072138692
536870912
1072171551
536870912
1071951623
1073741824
1071974231
3758096384
1069298462
0
1071336426
1073741824
1069860119
2147483648
1070637875
0
1072687778
0
1072607440
2147483648
1072381132
1073741824
1071074405
1073741824
1071737121
1073741824
1069414956
0
1070799809
2147483648
1071477015
1073741824
1072317430
0
1071264161
3221225472
1071781375
3221225472
1071322057
1073741824
1069969618
2147483648
1072393307
1073741824
1069802161
0
1071242515
1073741824
1072461523
3221225472
1071771787
536870912
1072587631
536870912
1071376028
3221225472
1072209186
3221225472
1071090767
3221225472
1072636223
2684354560
1071424270
0
1071782929
2147483648
1071763357
2147483648
1070774109
1073741824
1072003203
536870912
1071939745
2147483648
1066983772
0
1071804982
2147483648
1072528689
3758096384
1072501259
1610612736
1072482631
1610612736
1071113901
3221225472
1072300299
3758096384
1071696181
2684354560
1070996336
2147483648
1070732528
1073741824
1068845737
0
1069823419
2147483648
1071026017
2147483648
1072576700
0
1072498970
1610612736
1071593233
2147483648
1072348868
1610612736
1071797117
3221225472
1071495164
2147483648
1072207377
0
1071658266
2684354560
1071588542
0
1072488497
536870912
1071373182
2147483648
1072141740
0
1069781713
0
1069512088
0
1070829147
2147483648
1068231332
0
1072123008
2684354560
1072011931
1073741824
1069503814
0
1071446952
0
1072118112
1073741824
1072286568
1073741824
1072537225
0
1070712593
3221225472
1072154406
536870912
1072639751
1610612736
1070175840
2147483648
1072376843
3221225472
1071763280
1610612736
1071883406
536870912
1072279916
3758096384
1071774986
2684354560
1071790540
2147483648
1071362269
3221225472
1071064314
2147483648
1071923029
2684354560
1071101356
2147483648
1071881228
2147483648
1072483302
3221225472
1070872426
2147483648
1072534283
536870912
1071284843
3221225472
1071345782
3221225472
1072108187
1073741824
1071461100
1073741824
1072693247
2684354560
65
