Uvec
2226355706
1072123180
536870912
1070735898
3221225472
1072464789
2147483648
1072428388
536870912
1070700747
0
1071117930
0
1071917103
536870912
1067250416
0
1068505838
0
1071243087
2147483648
1071957854
3758096384
1071454888
2147483648
1071816211
2684354560
1071286847
3221225472
1068603446
0
1072053464
1073741824
1072055381
0
1072024730
536870912
1072281527
3758096384
1071170236
0
1068548517
0
1071152969
1073741824
1070631816
1073741824
1072053843
3758096384
1072483780
536870912
1072010963
536870912
1072368703
536870912
1071918240
536870912
1072580467
536870912
1072429675
3758096384
1071499871
2147483648
1071055307
0
1071109678
0
1071343731
2147483648
1071854658
536870912
1071975821
1610612736
1066689772
0
1072569023
536870912
1071511619
0
1072404153
1610612736
1071472195
1073741824
1071859131
1610612736
1071011391
2147483648
1070989726
3221225472
1072493007
0
1072297245
2147483648
1071914443
3758096384
1071375570
1073741824
1071768421
2147483648
1072127071
3758096384
1070816996
3221225472
1069794177
2147483648
1071715025
0
1070774722
1073741824
1072269742
1610612736
1071793602
2684354560
1072100593
1610612736
1072458963
2147483648
1066889148
0
1072677158
3758096384
1072354500
0
1070983024
2147483648
1071338568
0
1068493058
0
1072545971
3221225472
1065725576
0
1070650383
2147483648
1071887515
1073741824
1072594615
1610612736
1069639953
2147483648
1070751164
1073741824
1069847313
0
1072256203
1073741824
1071798863
3221225472
1067966480
0
1068819037
0
1071705464
0
1068889038
0
1071844571
0
1071680572
1073741824
1072156840
0
1071575022
2147483648
1069454196
0
1070996235
3221225472
1071841361
2147483648
1072487346
0
1071105705
3221225472
1071894006
3758096384
1072373088
3758096384
1067862744
0
1071668449
2147483648
1071841682
1073741824
1071765069
3758096384
1072395158
3221225472
1072645884
1610612736
1070844795
3221225472
1070491082
2147483648
1072576842
3758096384
1071461100
1073741824
1072693247
2684354560
3
