Uvec
2226355706
1072413461
0
1071892805
2147483648
1071566194
2147483648
1072042506
2684354560
1070408440
0
1072566690
1610612736
1071847476
3758096384
1071763092
3758096384
1071912381
3758096384
1071734028
0
1066028136
0
1066724740
0
1070326570
0
1071624730
3221225472
1070152779
2147483648
1070962558
2147483648
1072375907
2684354560
1072296633
0
1071322100
3221225472
1070861136
2147483648
1072110988
0
1069959145
2147483648
1071056263
2147483648
1071535477
2147483648
1071351644
0
1071867118
3221225472
1069887741
2147483648
1068950086
0
1070158396
0
1068255732
0
1071332266
2147483648
1071283762
3221225472
1068929759
0
1068882907
0
1072319749
0
1069449223
0
1070782364
0
1071132136
3221225472
1071665921
1073741824
1069673881
2147483648
1072005298
1073741824
1070649926
2147483648
1072379379
2147483648
1072240423
2684354560
1071107498
3221225472
1068943355
0
1068984533
0
1072261744
3758096384
1070464496
2147483648
1070942671
2147483648
1072077292
1073741824
1072525121
1073741824
1071964684
2147483648
1071835499
3221225472
1071688853
3758096384
1071994557
3758096384
1072595553
3221225472
1068874108
0
1071887035
2147483648
1071657442
1610612736
1071001532
0
1072172394
2684354560
1070873487
1073741824
1071373884
0
1072565764
536870912
1072138506
3758096384
1068527519
0
1067944610
0
1072102626
1073741824
1072072466
1610612736
1069860968
2147483648
1072041550
2684354560
1069733026
2147483648
1069630307
2147483648
1072658793
0
1072288067
2684354560
1067573056
0
1070168051
2147483648
1069037109
0
1071843127
536870912
1071910152
2147483648
1068867669
0
1072306594
0
1072307821
3221225472
1069504257
0
1070751690
1073741824
1072224420
0
1072193238
1073741824
1072069284
1073741824
1067993144
0
1071795401
536870912
1071112894
1073741824
1072031865
1610612736
1071522045
2147483648
1072039498
3221225472
1069475202
0
1071087998
1073741824
1071432112
2147483648
1071461100
1073741824
1072693247
2684354560
35
