Uvec
2226355706
1072576375
3758096384
1070880880
1073741824
1069959446
0
1072163070
2684354560
1071503683
0
1071913523
0
1072264656
536870912
1071911226
0
1068420016
0
1069950236
0
1071967204
536870912
1071253731
2147483648
1066197936
0
1069847423
0
1069689341
2147483648
1069058510
0
1072062935
1073741824
1071504276
1073741824
1072323003
0
1070831283
0
1069929863
2147483648
1072422714
3221225472
1072336411
0
1071508463
2147483648
1071787448
3221225472
1071912212
536870912
1068578966
0
1072321793
1073741824
1070375945
2147483648
1072433479
1610612736
1069258125
0
1070107074
0
1067804124
0
1069983312
0
1072128808
1073741824
1072076668
3221225472
1068388652
0
1072121622
2147483648
1072488173
0
1071205359
2147483648
1071507162
0
1071679573
3758096384
1071934753
3221225472
1070743065
3221225472
1069953839
0
1072561701
1610612736
1070254002
2147483648
1067925936
0
1068822070
0
1071513943
1073741824
1071422479
1073741824
1070000171
0
1071845879
0
1070090219
0
1072462715
536870912
1072650491
536870912
1071530311
1073741824
1070257447
2147483648
1071895158
3221225472
1069250954
0
1070637470
3221225472
1070694498
1073741824
1071977834
0
1070389888
0
1067210292
0
1072355065
3221225472
1072051484
1073741824
1072511430
3758096384
1069766837
0
1071490868
3221225472
1070761364
0
1069723439
0
1067766046
0
1072105367
0
1072192531
536870912
1069016563
0
1070432544
0
1069329119
0
1072254076
2147483648
1068253258
0
1070084355
2147483648
1072115793
1073741824
1072225204
1073741824
1071791516
0
1071838042
2684354560
1072187212
3758096384
1072542405
3221225472
1071672501
2147483648
1072691165
2147483648
1070952652
0
1069665202
2147483648
1068958387
0
1071998575
1073741824
1072027847
2684354560
1072015674
2147483648
1072532965
3758096384
1069957933
0
1071654017
536870912
1071461100
1073741824
1072693247
2684354560
80
