Uvec
2226355706
1072294518
536870912
1070733485
0
1071831557
536870912
1071362755
2147483648
1067936774
0
1072499338
3758096384
1072640749
0
1071700902
2147483648
1072420534
1073741824
1071082921
2147483648
1070699083
1073741824
1065413784
0
1071295496
0
1070615503
3221225472
1067647054
0
1071798174
1073741824
1071878459
3758096384
1071635552
3221225472
1071253338
1073741824
1071570773
0
1072675694
2684354560
1072314299
3758096384
1072072048
2684354560
1067467574
0
1072407223
536870912
1070622150
1073741824
1070717666
3221225472
1070708508
0
1071529891
3221225472
1064743456
0
1072290157
2147483648
1072282910
2684354560
1070606327
0
1070597252
3221225472
1072035476
3758096384
1071366537
0
1071518484
2147483648
1071513035
1073741824
1072287939
536870912
1071707427
3758096384
1072235015
2147483648
1070891864
3221225472
1071992387
1610612736
1071172293
0
1071833235
1073741824
1071770828
536870912
1072591037
0
1061361792
0
1071861756
536870912
1069752641
0
1071978664
0
1070074013
0
1072426935
1610612736
1071998909
1073741824
1071291783
0
1070554372
2147483648
1071764273
1610612736
1070461010
2147483648
1071221460
0
1072412193
3758096384
1070311577
2147483648
1072552258
536870912
1071464363
0
1072274067
2684354560
1071048441
3221225472
1071994586
3758096384
1070606466
3221225472
1072063038
536870912
1071836468
1073741824
1072586223
1073741824
1072686098
3221225472
1067646802
0
1072318567
2147483648
1068929585
0
1072101936
536870912
1070920797
1073741824
1072371951
3758096384
1072596334
1610612736
1070890592
2147483648
1072601550
3758096384
1070712941
0
1070951155
2147483648
1069072817
0
1072663032
1073741824
1071997900
536870912
1070213499
0
1070887786
3221225472
1071662639
1610612736
1071212277
1073741824
1069310233
0
1069084450
0
1070680328
0
1070844960
1073741824
1072149631
536870912
1070731665
2147483648
1070674253
3221225472
1070710831
3221225472
1070701268
0
1071461100
1073741824
1072693247
2684354560
1
