Uvec
2226355706
1072547224
0
1072299170
1073741824
1071910551
536870912
1072482890
1610612736
1071156626
1073741824
1067761564
0
1072307054
1073741824
1067612276
0
1071224593
2147483648
1072449960
2684354560
1072406965
0
1072517141
3221225472
1063646144
0
1071090630
1073741824
1070675495
2147483648
1070971441
2147483648
1071526015
0
1070507741
0
1072661886
2684354560
1069823357
2147483648
1071415857
0
1071754139
1610612736
1070797873
2147483648
1071647891
3221225472
1070009144
2147483648
1071769483
3221225472
1069820802
2147483648
1070602367
1073741824
1071996787
3221225472
1072498865
536870912
1071979073
0
1072155962
0
1072327517
1073741824
1071367187
0
1070988281
3221225472
1068782813
0
1072169007
1073741824
1069264506
0
1071172481
1073741824
1069806976
0
1072240832
1073741824
1070833834
2147483648
1067086844
0
1071980463
1073741824
1072561151
2147483648
1072568858
2684354560
1072031014
2684354560
1072519088
0
1072610032
536870912
1070574345
0
1072076870
0
1069764744
2147483648
1071418588
1073741824
1072305799
536870912
1071701998
3221225472
1071559016
3221225472
1072214731
3758096384
1072287747
2147483648
1072627529
1610612736
1071886834
1610612736
1071239589
3221225472
1071663207
1073741824
1067938012
0
1070472854
2147483648
1071920548
1073741824
1072459536
1610612736
1072596151
1073741824
1072529819
2147483648
1072587187
0
1071678840
3758096384
1072570821
2684354560
1071792149
3221225472
1071845801
1610612736
1071699064
1073741824
1071875523
536870912
1072650210
3221225472
1072421435
1610612736
1071452484
0
1071954421
2147483648
1072653089
2147483648
1072066720
2684354560
1071114279
3221225472
1071796483
0
1070563900
2147483648
1072034440
2684354560
1071809625
1610612736
1071884669
2684354560
1071564424
3221225472
1070272312
0
1072104561
2684354560
1071446254
1073741824
1072436355
1073741824
1069743990
0
1070346442
0
1071301918
1073741824
1072114947
2147483648
1070107727
0
1071147396
2147483648
1071461100
1073741824
1072693247
2684354560
60
