Uvec
2226355706
1071123629
2147483648
1070750621
1073741824
1072637558
3221225472
1070651709
3221225472
1068093220
0
1072490900
2147483648
1071556219
1073741824
1071380385
0
1071798979
2684354560
1069234201
0
1071786517
536870912
1069826466
0
1071279627
0
1072380232
536870912
1069928909
2147483648
1071718931
2147483648
1071307300
1073741824
1071188446
0
1071990793
536870912
1071771958
2147483648
1072464256
536870912
1072094708
1610612736
1072092474
3758096384
1072553723
1073741824
1072267986
3221225472
1067246316
0
1071073750
3221225472
1071951910
1610612736
1072397784
1073741824
1071382518
2147483648
1071883184
2684354560
1072402297
2684354560
1072470298
0
1070019240
0
1070976580
0
1071033982
0
1072541896
0
1072074905
536870912
1069000957
0
1072165970
0
1069509973
0
1071105628
0
1067495122
0
1072450752
2684354560
1071843022
0
1071990019
0
1070288457
0
1072178198
1610612736
1071063261
3221225472
1072280463
2684354560
1070633995
1073741824
1072505150
536870912
1072630096
3758096384
1071762284
1073741824
1069562838
2147483648
1071716100
1610612736
1072282764
2684354560
1072152560
3758096384
1072082153
2684354560
1068000210
0
1067533622
0
1067093448
0
1070365500
2147483648
1071735678
1073741824
1070583479
2147483648
1070969454
2147483648
1067510688
0
1071245330
2147483648
1071203296
2147483648
1067060428
0
1070702919
3221225472
1071012585
2147483648
1071646926
1610612736
1071839469
2147483648
1072492234
2684354560
1071867392
3758096384
1069065867
0
1072079954
0
1070688211
1073741824
1069583223
2147483648
1072557991
1610612736
1069827300
2147483648
1071984211
2684354560
1072299033
3758096384
1071989504
0
1070638929
1073741824
1070111769
0
1070732375
2147483648
1071682565
3221225472
1071927766
0
1068731282
0
1071669063
3221225472
1069254955
0
1067547340
0
1072115777
2147483648
1069509012
0
1072082290
0
1071839061
3758096384
1071461100
1073741824
1072693247
2684354560
13
