Uvec
2226355706
1071591487
2147483648
1065570920
0
1072126250
2147483648
1071869284
1610612736
1072390286
0
1071432949
3221225472
1071306758
1073741824
1072009354
536870912
1072129580
0
1071616709
2147483648
1071858150
2684354560
1069854435
2147483648
1068592662
0
1068574835
0
1070093845
0
1071296643
2147483648
1071667524
3758096384
1071545054
1073741824
1071376419
1073741824
1069398401
0
1070213324
2147483648
1070729095
2147483648
1072191755
536870912
1070874023
3221225472
1071839929
1610612736
1072092974
536870912
1071909950
3758096384
1065487120
0
1070822856
0
1069515798
0
1069425759
0
1070834354
3221225472
1072217805
0
1072195841
2147483648
1066936776
0
1071773515
1610612736
1069509849
0
1064095200
0
1071587836
3221225472
1072541677
3221225472
1070190160
2147483648
1070053577
2147483648
1072374152
2684354560
1070542646
0
1072679169
2684354560
1067608434
0
1072629575
1610612736
1070130161
2147483648
1068528346
0
1071081658
0
1072644181
536870912
1071782503
536870912
1069042521
0
1072012361
1073741824
1070774333
0
1070515399
2147483648
1071364331
2147483648
1072395632
1610612736
1072667534
0
1072109521
536870912
1072392228
2147483648
1071438932
1073741824
1071674643
0
1071421561
3221225472
1070904897
1073741824
1070730951
2147483648
1071979924
2147483648
1072310055
1073741824
1068893210
0
1070856430
3221225472
1071754328
0
1072422274
1610612736
1071988078
3758096384
1068142910
0
1070819333
2147483648
1067335240
0
1072355005
2147483648
1072604496
3221225472
1068780393
0
1071813636
3221225472
1071140431
0
1072030165
1610612736
1071824387
2684354560
1072439773
0
1072333975
3221225472
1069810044
2147483648
1072415543
1610612736
1069946294
2147483648
1070554616
2147483648
1072412027
3758096384
1072432181
0
1072659542
3221225472
1072445264
2684354560
1069839042
0
1071715089
3221225472
1072375229
2684354560
1072494946
536870912
1071347462
3221225472
1071461100
1073741824
1072693247
2684354560
8
