Uvec
2226355706
1071350345
0
1070307019
0
1072678056
3221225472
1069666483
2147483648
1067198464
0
1069650243
2147483648
1068756905
0
1071835097
1610612736
1071967046
3758096384
1070053927
2147483648
1070689693
2147483648
1072081843
2147483648
1069723470
0
1070895899
1073741824
1070262773
2147483648
1072381558
2684354560
1071407642
0
1072297707
1073741824
1070091659
2147483648
1069669114
0
1071023309
1073741824
1069964195
2147483648
1072591281
1610612736
1072420955
1073741824
1072064418
1610612736
1071130286
1073741824
1070852160
2147483648
1071706492
3221225472
1071972242
3221225472
1072215651
0
1070950845
2147483648
1070237443
0
1072353293
0
1070877375
2147483648
1070248252
2147483648
1070073702
2147483648
1072563335
3221225472
1070913209
1073741824
1072250433
536870912
1071049353
2147483648
1072214332
2684354560
1071799707
536870912
1069901124
2147483648
1071868200
3758096384
1069789571
0
1071720973
0
1069646385
2147483648
1071953425
2147483648
1067807712
0
1072175991
0
1070819357
2147483648
1071160280
2147483648
1071996629
2147483648
1071111866
0
1069005310
0
1072552928
2147483648
1072323047
0
1071090175
3221225472
1071763900
536870912
1072499554
3758096384
1072091467
536870912
1072468149
2684354560
1072417475
2147483648
1072605369
1610612736
1071940632
2147483648
1072072354
1610612736
1066759612
0
1068501039
0
1071473773
0
1072135111
536870912
1069084162
0
1072112562
1610612736
1071297395
0
1070634369
0
1071515129
0
1070807763
0
1070650572
2147483648
1071194098
0
1071741191
536870912
1067409784
0
1068068978
0
1070532937
2147483648
1070385026
2147483648
1071875617
3758096384
1069703847
2147483648
1069364475
0
1072310695
3221225472
1071821395
3758096384
1072037257
2684354560
1072502551
3758096384
1072228902
0
1072544593
2684354560
1072502464
0
1072633495
3758096384
1071414991
3221225472
1070676637
2147483648
1071464481
3221225472
1071925020
1610612736
1071461100
1073741824
1072693247
2684354560
17
