Uvec
2226355706
1071638244
3221225472
1070248683
2147483648
1066387304
0
1071181563
2147483648
1072139266
2684354560
1071837935
536870912
1072557212
1610612736
1070308713
0
1066258872
0
1072027826
2147483648
1070363208
0
1070758567
0
1066313224
0
1072571646
0
1070258668
2147483648
1072569088
2147483648
1071837227
3758096384
1072447173
2684354560
1071586129
0
1070801524
1073741824
1070741094
3221225472
1072090869
0
1069178361
0
1072037490
0
1070599864
1073741824
1070606703
1073741824
1067760568
0
1071522691
1073741824
1072048721
3221225472
1069727335
0
1072014652
536870912
1070319297
0
1067829090
0
1070602432
2147483648
1071895929
1073741824
1071932936
3758096384
1072488891
2147483648
1072070679
0
1072524594
3221225472
1065538800
0
1071849071
3758096384
1070788684
3221225472
1071623806
3221225472
1071084825
1073741824
1072428136
2684354560
1070556794
0
1072337426
536870912
1072530501
1073741824
1072251539
2147483648
1070471963
2147483648
1072319296
3758096384
1070991191
0
1072125978
1610612736
1071121231
0
1071969753
536870912
1072574766
0
1071715337
536870912
1071988622
3221225472
1071085021
1073741824
1072575838
0
1069165202
0
1069989457
2147483648
1071116862
1073741824
1071844771
1610612736
1066703736
0
1071920596
1073741824
1072475332
2684354560
1072629148
2147483648
1072674163
536870912
1071898173
536870912
1071642476
0
1071910354
2147483648
1070613297
1073741824
1072413549
0
1069040208
0
1071651197
3758096384
1070512435
0
1072205133
1610612736
1069025612
0
1072266998
3221225472
1070092451
2147483648
1070924363
2147483648
1072226955
536870912
1069747366
0
1071078900
1073741824
1072612352
2147483648
1072305032
536870912
1072650383
3758096384
1072175281
2147483648
1071883131
1610612736
1071821794
1610612736
1072334701
0
1070726471
1073741824
1071296739
3221225472
1072300057
3221225472
1071026446
2147483648
1072543319
536870912
1072405334
0
1071461100
1073741824
1072693247
2684354560
41
