Uvec
2226355706
1069646815
0
1068919725
0
1071266987
2147483648
1070351698
2147483648
1072492692
0
1069316385
0
1070032019
2147483648
1072478907
536870912
1071749174
2147483648
1068981520
0
1071051128
3221225472
1070898304
1073741824
1071019656
3221225472
1072395878
1610612736
1072076259
1610612736
1072646039
1073741824
1071737323
3221225472
1072046531
1073741824
1072155114
1610612736
1066975176
0
1071794785
1073741824
1069259269
0
1071132852
0
1071984780
1610612736
1072119359
1610612736
1071952012
2684354560
1072583462
2147483648
1071672761
3758096384
1071283769
3221225472
1072234561
2684354560
1072335476
2147483648
1070273224
2147483648
1066706244
0
1071773369
1610612736
1071807040
3758096384
1071141298
2147483648
1072230227
2684354560
1072162492
0
1071215889
0
1070333515
0
1071599667
3221225472
1071560304
2147483648
1072642331
2147483648
1065743472
0
1072577038
1073741824
1071749585
0
1072508083
3758096384
1071830670
536870912
1071719463
536870912
1071809025
3758096384
1070073501
0
1071609656
0
1071285830
1073741824
1070743755
3221225472
1072272497
3758096384
1071317532
1073741824
1072346609
2147483648
1071675916
2147483648
1072357531
2684354560
1070794204
0
1072372880
2147483648
1064995376
0
1071413843
2147483648
1071325326
1073741824
1071790607
2147483648
1072364552
536870912
1070488749
2147483648
1072424625
2684354560
1072262695
3758096384
1071652030
1610612736
1069145893
0
1072069893
3758096384
1070718464
1073741824
1072286359
536870912
1068500715
0
1072344022
3758096384
1071540214
0
1070753738
0
1069276379
0
1071886419
2147483648
1072054747
2684354560
1069820151
2147483648
1072462819
2684354560
1072470866
2684354560
1072102296
536870912
1069969084
2147483648
1072543951
1610612736
1070056219
2147483648
1071936128
1073741824
1071163319
2147483648
1071013343
3221225472
1069799841
0
1070731976
0
1070681861
1073741824
1071082375
2147483648
1072638202
3758096384
1070718021
3221225472
1072314013
3221225472
1071461100
1073741824
1072693247
2684354560
85
