Uvec
2226355706
1072392876
3221225472
1071202450
2147483648
1071452585
2147483648
1068206654
0
1069107025
0
1072452216
1073741824
1071719053
1073741824
1071753679
1073741824
1072036294
536870912
1071823232
1610612736
1072566423
1073741824
1072196650
1073741824
1072360937
2684354560
1067553866
0
1072630340
3221225472
1071397569
3221225472
1071618070
1073741824
1071885192
2147483648
1072532661
2684354560
1072182688
2684354560
1071884076
2684354560
1071129575
3221225472
1069112722
0
1072675360
2147483648
1072262107
1073741824
1072163705
2147483648
1071121737
2147483648
1069310588
0
1071069992
2147483648
1071113200
1073741824
1071888277
1073741824
1071654296
1610612736
1072632397
536870912
1071265572
0
1071666679
1610612736
1071535914
1073741824
1071896499
1073741824
1071776379
3758096384
1072586403
1073741824
1072080572
1073741824
1071304699
1073741824
1072563700
3758096384
1072287535
0
1070978593
3221225472
1071041346
1073741824
1072603472
2147483648
1068387780
0
1072645358
0
1071887738
0
1071774915
2147483648
1071917421
0
1069766935
2147483648
1069623613
2147483648
1062808384
0
1071572384
2147483648
1072066262
3221225472
1068566272
0
1071055028
3221225472
1068244976
0
1071256923
0
1072389858
1610612736
1070178517
2147483648
1071480044
0
1069776433
0
1070113664
2147483648
1071239748
1073741824
1071893460
2684354560
1072138479
1073741824
1072177871
1610612736
1070278353
0
1072374627
0
1072279955
3221225472
1069210302
0
1071464431
1073741824
1070042317
2147483648
1072538586
3221225472
1069642457
0
1070726855
2147483648
1072630603
3221225472
1072451114
1073741824
1071573022
1073741824
1070024624
0
1068743433
0
1071690244
1073741824
1071642609
1073741824
1072209820
3221225472
1070765868
3221225472
1071813829
1610612736
1070575451
0
1072379291
0
1071386210
0
1072471332
536870912
1068318190
0
1067459604
0
1068737140
0
1071767165
1073741824
1071453459
1073741824
1071962815
0
1071461100
1073741824
1072693247
2684354560
68
