Uvec
2226355706
1072580190
3221225472
1071182489
1073741824
1071743124
3758096384
1071735401
0
1070408332
0
1072578476
3758096384
1068679851
0
1071824189
2684354560
1072380069
2147483648
1071525560
3221225472
1070388654
0
1071908218
0
1071703192
536870912
1071841188
3758096384
1072219946
0
1067483344
0
1070896266
0
1070211306
0
1070369882
0
1072457630
2684354560
1070547835
0
1070798220
3221225472
1071841538
2684354560
1072497635
2684354560
1072540102
1610612736
1071905560
0
1071619671
0
1071311617
3221225472
1072632405
2147483648
1070837797
0
1072058117
3221225472
1069182901
0
1072127699
1610612736
1071983879
0
1070559677
0
1072275783
1610612736
1072576793
2684354560
1071002266
2147483648
1071836054
536870912
1068597605
0
1072171040
3221225472
1071464693
1073741824
1069243897
0
1072435670
2684354560
1072636601
1610612736
1071557059
1073741824
1072586774
2684354560
1071165946
1073741824
1070896977
2147483648
1069081611
0
1068393538
0
1072407898
1073741824
1068773213
0
1072579649
2147483648
1072417225
3758096384
1071488030
0
1071789863
3221225472
1072182153
1073741824
1072506695
3221225472
1069789116
2147483648
1072515047
0
1071664043
1610612736
1072089377
3221225472
1069288974
0
1070554192
2147483648
1071371700
1073741824
1070284494
0
1072454448
2147483648
1067614802
0
1069048398
0
1072628309
1073741824
1070682812
0
1072687234
1073741824
1067505284
0
1072420062
1073741824
1071842015
3758096384
1071850223
1073741824
1072250086
3221225472
1071809653
2684354560
1072046088
1073741824
1071760315
536870912
1072170215
0
1069242745
0
1071764001
1073741824
1072316795
3758096384
1071039362
2147483648
1070567674
0
1072552820
3221225472
1072496111
3758096384
1071400750
3221225472
1070699587
2147483648
1069545178
0
1070816507
2147483648
1069086450
0
1069477424
0
1071053209
3221225472
1069956408
0
1072080665
3758096384
1071461100
1073741824
1072693247
2684354560
68
