Uvec
2226355706
1070896190
2147483648
1071547766
2147483648
1072016811
2684354560
1069971989
0
1072604154
536870912
1072297516
3758096384
1069228311
0
1072671390
536870912
1072473066
536870912
1071984046
536870912
1071628644
1073741824
1072514745
536870912
1069656552
0
1071937280
2147483648
1072013545
2147483648
1071944173
3221225472
1071755403
536870912
1071590916
1073741824
1072065664
2684354560
1071066781
1073741824
1072592397
1610612736
1071581640
2147483648
1072435452
0
1072675191
3221225472
1070816735
2147483648
1071493383
2147483648
1072212539
3758096384
1068694999
0
1072023108
3221225472
1065838352
0
1071550615
1073741824
1071988824
1073741824
1072582988
3221225472
1070743483
0
1070659687
1073741824
1071507990
2147483648
1064977168
0
1072099989
2147483648
1072530920
3221225472
1071165744
3221225472
1072652805
0
1072659179
3758096384
1071134878
2147483648
1069015441
0
1070318604
0
1071647653
0
1071852089
3758096384
1072088778
2684354560
1071064716
1073741824
1069032810
0
1070271563
0
1071210673
3221225472
1071975390
3221225472
1072458013
536870912
1071880660
1073741824
1062704192
0
1069871828
2147483648
1071674375
2684354560
1070868475
1073741824
1071872297
3221225472
1067876316
0
1071564752
0
1070727974
2147483648
1067297348
0
1072329356
0
1071414616
1073741824
1072401078
3758096384
1070669986
2147483648
1072655919
3221225472
1072681932
3221225472
1072206538
2147483648
1072088196
2684354560
1071915981
1073741824
1071602896
2147483648
1069660548
2147483648
1072504375
3758096384
1072335798
2147483648
1072038816
3221225472
1070611920
1073741824
1067931646
0
1071176819
1073741824
1071107484
1073741824
1064811808
0
1072050663
1073741824
1072542513
1073741824
1072618690
1610612736
1072363386
0
1071967881
1073741824
1071202144
1073741824
1071918812
536870912
1071436044
0
1071927953
0
1071631450
3221225472
1072625801
0
1072320148
2147483648
1072372240
2684354560
1072260720
3221225472
1072492032
536870912
1071461100
1073741824
1072693247
2684354560
27
