Uvec
2226355706
1070597776
0
1072054181
1073741824
1071361313
0
1071739361
3221225472
1071656842
536870912
1072100364
2147483648
1072654758
0
1072438861
1610612736
1072239348
2147483648
1071907069
1610612736
1067969158
0
1069031508
0
1071873079
3221225472
1072228155
3221225472
1070745080
2147483648
1070156203
2147483648
1068842634
0
1072637502
0
1070045180
0
1069946447
0
1069615708
0
1071144352
3221225472
1070961074
3221225472
1071998551
2147483648
1072284180
536870912
1070261175
0
1071814147
1073741824
1071703923
2684354560
1071836455
1073741824
1071990946
0
1072593882
3221225472
1068958056
0
1072686785
2147483648
1069030649
0
1071458897
0
1071870745
536870912
1072177731
0
1065057584
0
1072101763
2684354560
1066459356
0
1072405853
1610612736
1072028626
3758096384
1068636968
0
1072435017
0
1072188619
2684354560
1070644617
3221225472
1071839244
3221225472
1072040859
3221225472
1072454340
1073741824
1070175403
0
1072544725
536870912
1072557902
1073741824
1071778844
1610612736
1072248533
1073741824
1068285062
0
1071693069
1610612736
1069800454
0
1072042534
3758096384
1071896787
2147483648
1071249386
2147483648
1071024289
3221225472
1071827139
3221225472
1069594356
2147483648
1070968157
3221225472
1072493455
3221225472
1072518343
2147483648
1072427226
2684354560
1071875065
2684354560
1070668636
3221225472
1070587477
0
1070324002
0
1072125042
536870912
1072372452
2147483648
1072560889
2147483648
1068990191
0
1068592335
0
1070083270
0
1072525990
3221225472
1072247166
2147483648
1072290157
1073741824
1068502388
0
1072347454
2684354560
1071904730
3758096384
1071573074
3221225472
1067270908
0
1071993760
536870912
1072233849
3221225472
1071182570
2147483648
1072379896
2147483648
1071956989
0
1072671055
3221225472
1069230818
0
1070232549
2147483648
1068110898
0
1068684726
0
1068092878
0
1070646884
3221225472
1071676997
3758096384
1071461100
1073741824
1072693247
2684354560
21
