Uvec
2226355706
1072553903
3758096384
1069607589
0
1069713267
2147483648
1071907004
3221225472
1072686408
2684354560
1071633293
3221225472
1072629189
3221225472
1071288689
1073741824
1072479072
0
1072375643
3221225472
1069276404
0
1072339515
0
1072120436
1073741824
1072043791
2684354560
1072479126
1610612736
1071074805
3221225472
1071929390
2147483648
1067608878
0
1069904161
0
1070350329
2147483648
1071776884
1610612736
1068979774
0
1068893582
0
1071167172
3221225472
1070658970
2147483648
1069639877
2147483648
1070653099
2147483648
1070864509
3221225472
1071726723
2684354560
1070825959
2147483648
1066595640
0
1071650317
0
1072601955
3221225472
1072456302
536870912
1072405683
536870912
1069573320
2147483648
1070230443
2147483648
1070281612
0
1071726017
2684354560
1071322466
3221225472
1069545302
0
1067160592
0
1072665999
3221225472
1071698586
3221225472
1068735503
0
1071478862
1073741824
1069913774
2147483648
1072508990
3758096384
1070573579
0
1070676788
1073741824
1072316429
1073741824
1070426916
0
1071379903
0
1072023545
1073741824
1070987661
1073741824
1070886323
1073741824
1072194959
2684354560
1070283196
0
1072141986
2147483648
1072280293
0
1070822330
1073741824
1067695974
0
1071663419
3221225472
1072039470
3758096384
1072059635
3758096384
1071548802
0
1069724138
0
1066884768
0
1071095082
2147483648
1072305428
1610612736
1068083888
0
1071910383
1073741824
1068025292
0
1071619390
3221225472
1069391071
0
1070762512
2147483648
1071686403
3758096384
1071278737
1073741824
1071685228
0
1072346838
536870912
1067897782
0
1069864854
0
1070490818
0
1067715416
0
1068305970
0
1072238585
2684354560
1072405767
2684354560
1072377996
2684354560
1067814142
0
1071931950
3221225472
1072557846
1073741824
1070478237
2147483648
1070677574
2147483648
1072223396
1073741824
1072092533
536870912
1071916410
2147483648
1066374984
0
1071713177
0
1071461100
1073741824
1072693247
2684354560
36
