Uvec
2226355706
1071701361
3758096384
1069098831
0
1071464084
1073741824
1070332647
2147483648
1072634246
2147483648
1072161548
1610612736
1071557355
3221225472
1070769347
0
1072421401
3758096384
1072487762
2684354560
1072180663
1073741824
1067384052
0
1072558401
3221225472
1072128584
0
1069019599
0
1072009929
3758096384
1070327776
0
1072362020
3758096384
1071314302
3221225472
1068353812
0
1072283575
3758096384
1069590145
0
1071537341
2147483648
1072064315
3758096384
1072174277
1073741824
1072565694
3221225472
1072515509
3758096384
1071409399
0
1072140575
3758096384
1062457152
0
1070889270
0
1072015670
2147483648
1071346614
1073741824
1072426155
2684354560
1071720228
3758096384
1072067688
1073741824
1071210309
2147483648
1069013981
0
1070378665
2147483648
1072350633
1610612736
1072625739
2147483648
1072688906
2684354560
1071283396
3221225472
1071666186
536870912
1067715494
0
1066608936
0
1071917873
1610612736
1071838778
0
1067615862
0
1071501074
1073741824
1072688960
2147483648
1066414904
0
1071034404
0
1072429554
2684354560
1071837652
536870912
1070939603
3221225472
1068708550
0
1071856429
2147483648
1071251672
1073741824
1072468405
3221225472
1066785808
0
1071420703
1073741824
1068697920
0
1070945939
2147483648
1069140985
0
1072681843
536870912
1071514770
2147483648
1071835509
0
1072446105
3221225472
1070356281
2147483648
1071570433
3221225472
1070752813
1073741824
1072264903
2684354560
1062559040
0
1072147801
1610612736
1070865064
3221225472
1071858502
3221225472
1071326837
0
1071763097
1610612736
1070791326
2147483648
1071890130
0
1071986482
2684354560
1070684539
2147483648
1072320416
536870912
1070771996
2147483648
1067466570
0
1069448775
0
1072428321
1073741824
1071928094
2147483648
1068888548
0
1070049009
0
1068616626
0
1069274675
0
1070919729
1073741824
1070477161
0
1072013230
2684354560
1072368149
0
1070474501
0
1071461100
1073741824
1072693247
2684354560
29
