Uvec
2226355706
1067034892
0
1071403177
0
1072340806
2147483648
1065930552
0
1071476992
2147483648
1070429255
2147483648
1071253803
0
1072421815
1073741824
1069508281
0
1069642552
2147483648
1070781738
3221225472
1071209249
3221225472
1071550513
3221225472
1072507090
0
1070890796
1073741824
1071523546
2147483648
1067191200
0
1072326985
1610612736
1069737868
2147483648
1071735054
1073741824
1069316318
0
1072385324
1610612736
1072453694
536870912
1072087741
2684354560
1071325281
0
1071993635
536870912
1072021291
2684354560
1064173088
0
1071123148
2147483648
1070727254
1073741824
1072399607
3221225472
1071549153
0
1071056826
2147483648
1071414457
0
1072253326
2147483648
1072175757
2147483648
1071042174
3221225472
1071270103
0
1071189974
1073741824
1069196779
0
1068916061
0
1071816882
1610612736
1072443131
1073741824
1072229253
3221225472
1071870363
1610612736
1072501826
536870912
1070281839
0
1070657585
2147483648
1072206439
0
1069718963
0
1072041136
2684354560
1070982347
3221225472
1070392931
2147483648
1071505697
2147483648
1071126231
1073741824
1071482858
0
1072500218
2147483648
1071349781
1073741824
1072576867
536870912
1072168786
536870912
1072129637
1610612736
1071640959
2147483648
1070860575
2147483648
1071181536
0
1072041148
1610612736
1071908231
536870912
1072478046
0
1071360603
3221225472
1072064278
3221225472
1070388386
2147483648
1071514090
1073741824
1072504166
0
1070901008
3221225472
1069654235
0
1070298462
2147483648
1072359287
3758096384
1072167239
2147483648
1068924728
0
1070053809
0
1071939824
3758096384
1070681573
0
1072390007
2147483648
1069542756
0
1071349653
3221225472
1072351317
0
1071274370
2147483648
1071709855
3758096384
1071833011
3221225472
1070778058
1073741824
1071617031
1073741824
1072512804
3221225472
1069612458
2147483648
1072119694
1610612736
1070549624
2147483648
1070723344
1073741824
1072347950
536870912
1071282802
2147483648
1072085766
3221225472
1071461100
1073741824
1072693247
2684354560
90
