Uvec
2226355706
1068919258
0
1070256088
2147483648
1071995195
1610612736
1070617635
3221225472
1070974377
1073741824
1070786493
3221225472
1068117048
0
1070646321
0
1070385745
0
1072380933
1073741824
1066998032
0
1072524748
0
1071342462
0
1068786195
0
1072523434
3221225472
1071462969
3221225472
1072046627
3758096384
1069864961
2147483648
1071372692
3221225472
1071775688
536870912
1070475585
0
1070572860
0
1071329058
1073741824
1072474170
2147483648
1072500070
0
1071028629
3221225472
1068666637
0
1070701426
1073741824
1072117963
0
1072061239
2147483648
1072465837
1610612736
1072382770
3221225472
1072212747
1073741824
1071712215
1610612736
1070832987
1073741824
1071773658
1610612736
1070147398
0
1067817860
0
1071374141
1073741824
1070724133
3221225472
1068682916
0
1071826759
2684354560
1071735702
536870912
1070700289
3221225472
1069766275
0
1071818143
3758096384
1070147149
0
1072593993
1610612736
1072353253
2684354560
1072112844
1073741824
1070272264
2147483648
1069305584
0
1070298074
0
1072555968
0
1070683742
0
1070110050
2147483648
1071201436
0
1071799289
536870912
1071674148
536870912
1070638018
1073741824
1069626125
0
1072347937
2147483648
1072564935
2684354560
1067686962
0
1072563847
3758096384
1072063440
1073741824
1072653373
3221225472
1069982484
2147483648
1071764231
1073741824
1066814380
0
1069660913
0
1072306130
1073741824
1072069120
2684354560
1072148594
3758096384
1070746577
2147483648
1072549910
2147483648
1072118933
3221225472
1072154856
536870912
1068813026
0
1072656647
536870912
1069565019
0
1072011583
0
1069442329
0
1072590035
2147483648
1071970167
3758096384
1072519868
2684354560
1071278780
2147483648
1071632512
2147483648
1068275124
0
1072407645
3758096384
1072371685
536870912
1070859001
0
1070528403
0
1068836713
0
1072099759
2147483648
1071869825
3221225472
1070826706
1073741824
1069728769
2147483648
1071461100
1073741824
1072693247
2684354560
24
