Uvec
2226355706
1069682125
2147483648
1070456683
2147483648
1071970191
536870912
1072595435
1073741824
1068572302
0
1069913855
2147483648
1072027579
3758096384
1069689691
2147483648
1070218214
0
1071713546
0
1067849684
0
1072550889
2147483648
1071449147
3221225472
1069151195
0
1068311224
0
1072659229
1610612736
1071072790
1073741824
1066563216
0
1071007471
1073741824
1072615150
3221225472
1069775796
2147483648
1070925607
3221225472
1068016204
0
1071857788
536870912
1071768164
2684354560
1070819466
0
1072353271
3758096384
1072245655
2684354560
1072244397
536870912
1070774163
3221225472
1072158875
1610612736
1072572350
2684354560
1071398675
2147483648
1070278863
2147483648
1071059100
2147483648
1070928184
3221225472
1071766247
1073741824
1072217669
0
1070587527
0
1070756711
1073741824
1071815066
0
1069549002
0
1072028537
1610612736
1071789868
1073741824
1069022365
0
1071479250
1073741824
1068862421
0
1072183356
536870912
1071000466
2147483648
1062967808
0
1069436565
0
1072618024
2147483648
1067897244
0
1071578617
1073741824
1071693030
1073741824
1071707929
536870912
1071272797
1073741824
1072623633
1073741824
1072258483
3758096384
1071204553
0
1072247149
1610612736
1071601858
1073741824
1068555308
0
1072589867
1073741824
1071307584
3221225472
1071734738
3221225472
1070950410
3221225472
1072009017
1073741824
1072051641
2147483648
1064085216
0
1071993960
1610612736
1069316769
0
1072440972
2147483648
1070098890
2147483648
1071514188
2147483648
1072644429
1610612736
1072336476
0
1072016380
1610612736
1071829323
1610612736
1069964252
0
1072016983
536870912
1070299719
2147483648
1071737418
3758096384
1069396895
0
1069818871
0
1065414768
0
1071444375
2147483648
1072444683
1610612736
1071891620
1073741824
1069974516
2147483648
1071209181
0
1071790148
3221225472
1072075458
536870912
1072323853
0
1071334292
1073741824
1071640165
3221225472
1071794308
1610612736
1072426993
2147483648
1071461100
1073741824
1072693247
2684354560
30
