Uvec
2226355706
1072569494
536870912
1071944973
1073741824
1070645758
1073741824
1068523099
0
1070025386
0
1069488369
0
1072517624
2147483648
1072666038
2147483648
1071152380
2147483648
1072581091
0
1071415456
0
1072372410
0
1070912930
0
1072649555
1610612736
1072182506
3758096384
1069391625
0
1070274923
0
1069116645
0
1072474887
2684354560
1070619507
3221225472
1072214352
0
1072117732
2684354560
1067508860
0
1069946254
2147483648
1071483252
1073741824
1072385831
536870912
1071584679
0
1071971506
3758096384
1072302913
1610612736
1069391717
0
1071651368
2147483648
1072561142
2684354560
1071459572
1073741824
1071831038
3221225472
1071439970
0
1072263586
0
1072094376
3758096384
1072191032
0
1072100710
3221225472
1071521461
2147483648
1072325432
3758096384
1072254614
1610612736
1072289565
3758096384
1071790817
2684354560
1070724548
2147483648
1072507850
1073741824
1071760615
2684354560
1071378082
3221225472
1071301228
3221225472
1070819569
2147483648
1071312512
0
1071870966
0
1069638661
0
1070798034
3221225472
1071628860
2147483648
1071928284
1610612736
1072152993
0
1067294512
0
1070720291
2147483648
1070855603
0
1071923644
536870912
1072597467
536870912
1072546434
0
1072139047
3221225472
1072599569
2147483648
1070556500
2147483648
1071662018
536870912
1072180941
1610612736
1069579154
2147483648
1071916262
3758096384
1070587992
0
1071776768
3758096384
1072570476
0
1071643406
0
1071922070
3221225472
1071345101
3221225472
1072276489
2684354560
1072100438
2684354560
1072101076
1073741824
1071072476
3221225472
1072663382
536870912
1071717620
3221225472
1070626829
1073741824
1070842131
3221225472
1068701482
0
1070646032
2147483648
1071958136
2147483648
1072254679
3221225472
1071897533
1073741824
1070176882
0
1072317747
3758096384
1068360748
0
1064926528
0
1072643731
2147483648
1071894932
1073741824
1072281991
2684354560
1071795744
3758096384
1070412654
0
1071461100
1073741824
1072693247
2684354560
25
