Uvec
2226355706
1067465350
0
1071764392
1610612736
1070977106
0
1072601375
536870912
1071879312
3758096384
1072030454
3758096384
1069309480
0
1071706468
1610612736
1071622838
3221225472
1072153412
1610612736
1067167736
0
1072303037
0
1070691907
1073741824
1071659207
2684354560
1072039311
1610612736
1070563616
0
1072193795
3221225472
1071634779
0
1071853235
0
1072185811
536870912
1071997063
3221225472
1069682648
2147483648
1070492386
0
1070845211
2147483648
1072677515
0
1072093614
3758096384
1070756283
0
1072567371
1610612736
1070914584
0
1072678564
0
1071451349
3221225472
1072516328
2147483648
1071952240
0
1071533305
3221225472
1070622407
0
1069806024
0
1070643894
1073741824
1072664456
2147483648
1072517062
1610612736
1071563145
3221225472
1071565400
3221225472
1069919755
2147483648
1072182721
2684354560
1071476509
1073741824
1070647879
0
1070891100
1073741824
1071926894
3221225472
1069684556
2147483648
1070692620
0
1072019162
2147483648
1069595627
0
1072338850
2684354560
1070145513
0
1071951402
3221225472
1072027281
2684354560
1072340421
3758096384
1072041424
3221225472
1072260448
3758096384
1071838230
3221225472
1072131619
3758096384
1072585902
3221225472
1070019865
0
1070916579
0
1071338862
0
1071713952
3758096384
1071249709
1073741824
1071435084
3221225472
1072281581
1073741824
1069883074
0
1071991807
3221225472
1070166594
2147483648
1071282886
0
1065766880
0
1072023495
2147483648
1070017818
0
1072174545
0
1072420627
1610612736
1072001912
536870912
1071612773
1073741824
1070052382
0
1070276499
0
1071843002
0
1070326043
0
1071455669
3221225472
1071953310
2147483648
1070807426
3221225472
1069616952
0
1066488468
0
1071786166
1610612736
1067567526
0
1071346460
3221225472
1072064528
2147483648
1072078470
2684354560
1071725925
1073741824
1072433641
2147483648
1067619658
0
1070087968
2147483648
1072328420
536870912
1071461100
1073741824
1072693247
2684354560
33
