Uvec
2226355706
1072569478
536870912
1072479682
536870912
1072106540
1073741824
1071148054
2147483648
1070075516
0
1071207549
1073741824
1071980293
536870912
1070553418
2147483648
1070687040
1073741824
1071401430
2147483648
1070213448
0
1070393596
0
1071892911
1073741824
1072415873
1610612736
1070308221
0
1072511857
2147483648
1071876076
3758096384
1072168232
3758096384
1071921067
1610612736
1071152749
0
1069958643
0
1071950562
3221225472
1071807901
2147483648
1071806745
0
1072663935
536870912
1071349791
2147483648
1072354107
3221225472
1071727846
536870912
1072102981
1073741824
1071834166
1610612736
1070947291
3221225472
1072475797
1073741824
1071709435
2684354560
1067866332
0
1071849483
0
1072361328
2684354560
1069354677
0
1072650128
1610612736
1071108540
2147483648
1069752418
0
1071598365
1073741824
1072198741
3221225472
1072365576
3758096384
1071757728
1610612736
1070904213
0
1072305575
2147483648
1071866001
0
1072466728
3758096384
1072535137
3758096384
1072161006
1073741824
1071964674
536870912
1069827567
0
1071964193
2684354560
1072289949
0
1072195176
536870912
1071931926
3758096384
1072591323
3758096384
1070063537
0
1072657759
0
1072023473
2684354560
1070528791
0
1071666939
1610612736
1071725680
536870912
1072621713
1610612736
1072674085
3221225472
1070982935
2147483648
1071519056
1073741824
1072283023
0
1071244419
3221225472
1072393975
3221225472
1071740574
1610612736
1072048507
0
1070647328
2147483648
1071089196
3221225472
1071997151
3221225472
1070606789
2147483648
1071921860
0
1070880037
1073741824
1071444215
2147483648
1068902365
0
1069033740
0
1072089405
2684354560
1071069416
0
1072112028
3758096384
1072216089
2147483648
1071998520
2147483648
1072014885
3758096384
1068790564
0
1072175587
1073741824
1072064626
2147483648
1071779092
2684354560
1071363373
3221225472
1072314932
1073741824
1072155803
1073741824
1072181295
2147483648
1068581920
0
1070484339
0
1072459717
1610612736
1071461100
1073741824
1072693247
2684354560
13
