Uvec
2226355706
1069822171
0
1070413393
2147483648
1069841973
0
1072315618
2147483648
1072639195
3758096384
1072555630
0
1071405373
3221225472
1071615833
3221225472
1072115992
536870912
1072012852
536870912
1071888229
1610612736
1071711203
2684354560
1072367787
1610612736
1069662356
0
1069818976
0
1070664277
2147483648
1071887386
3758096384
1071026454
3221225472
1071589962
3221225472
1072595749
536870912
1072619868
0
1071641778
3221225472
1069737836
0
1072313992
3758096384
1072171445
1610612736
1071217710
1073741824
1071300212
3221225472
1071384064
3221225472
1072638922
1610612736
1071293773
1073741824
1072412357
3221225472
1072361721
2147483648
1071304713
2147483648
1071895886
1610612736
1070810134
3221225472
1071560915
0
1070447708
0
1070457965
0
1066575096
0
1071737075
2684354560
1071124145
0
1071988448
0
1072645815
0
1071340401
0
1071442605
3221225472
1072362333
2684354560
1070101500
2147483648
1070755902
0
1071249118
3221225472
1071722664
1610612736
1071330331
2147483648
1066415020
0
1071158871
2147483648
1070911929
1073741824
1072289073
3221225472
1071659653
536870912
1071854892
3758096384
1071534932
3221225472
1071862198
3221225472
1069704235
2147483648
1070165131
2147483648
1070852932
0
1071439628
0
1072055744
1073741824
1069933815
2147483648
1072271358
1610612736
1069026462
0
1070742452
1073741824
1071491856
1073741824
1071599615
0
1072129514
2147483648
1069428406
0
1071763461
1610612736
1070916615
0
1071816757
1073741824
1071270572
1073741824
1071460427
3221225472
1068014598
0
1071202196
1073741824
1069801287
2147483648
1071582647
0
1071441387
0
1071886859
1610612736
1072204657
1073741824
1070710836
0
1072495361
0
1071418061
0
1071568449
1073741824
1072495929
1073741824
1072529995
3221225472
1068491828
0
1071944096
2684354560
1067207732
0
1070003932
0
1072045280
0
1071888770
1610612736
1072580889
3758096384
1070763062
3221225472
1071461100
1073741824
1072693247
2684354560
52
