Uvec
2226355706
1072281463
1610612736
1069476167
0
1070539305
2147483648
1067270800
0
1072622920
2147483648
1072307647
2684354560
1071654319
3221225472
1072501755
536870912
1072257260
0
1071152537
1073741824
1068975999
0
1069666080
0
1070321492
2147483648
1070997964
2147483648
1072018006
1073741824
1071188757
2147483648
1070809826
0
1072609527
1073741824
1071252862
2147483648
1072571522
3758096384
1070781803
0
1072253135
2147483648
1071349683
1073741824
1072691776
2147483648
1072654073
3221225472
1071664537
2684354560
1068502537
0
1070193928
0
1071358635
2147483648
1072509365
2147483648
1072576782
3221225472
1072015068
1073741824
1072663140
0
1071910341
536870912
1071320532
0
1071924799
2147483648
1071718080
0
1072294643
3221225472
1070063180
2147483648
1072186769
536870912
1070676114
3221225472
1072225112
2147483648
1070466887
0
1072157063
3758096384
1072120927
2684354560
1070586118
2147483648
1071883570
2147483648
1072448399
3758096384
1071035481
0
1071757910
0
1072451506
0
1072297103
536870912
1072494347
2684354560
1071577969
1073741824
1066183200
0
1072048422
0
1071265215
2147483648
1071900583
1073741824
1071380410
0
1071927674
536870912
1071180886
1073741824
1072597270
1610612736
1069665306
2147483648
1071807343
0
1069029544
0
1069648090
2147483648
1071797950
536870912
1071678441
3221225472
1068775366
0
1071363330
0
1070907432
1073741824
1068979628
0
1071073489
2147483648
1070733870
0
1071510774
3221225472
1072475213
2684354560
1069247995
0
1072461638
1073741824
1071727223
536870912
1071287685
2147483648
1069094073
0
1070560777
2147483648
1072040782
3221225472
1071996059
1073741824
1071681966
536870912
1072503501
2147483648
1067753044
0
1072598565
0
1072483601
1610612736
1071608384
1073741824
1072314446
1073741824
1070395114
0
1069016315
0
1066085224
0
1070530575
0
1072627962
1073741824
1068759299
0
1071869036
536870912
1071461100
1073741824
1072693247
2684354560
88
