Uvec
2226355706
1070996130
2147483648
1069962510
2147483648
1072499927
536870912
1071716050
2147483648
1071007735
2147483648
1072105393
536870912
1071592534
0
1072103275
1610612736
1071118421
2147483648
1071675335
3758096384
1070645040
0
1072011481
0
1069301490
0
1071231709
0
1070448339
0
1070625230
3221225472
1069018022
0
1071555443
1073741824
1069711151
2147483648
1071849778
0
1070027872
2147483648
1071289028
2147483648
1072121063
1610612736
1072360764
1073741824
1072369038
3758096384
1066460816
0
1071788312
3758096384
1072603396
2147483648
1072382960
0
1070830210
3221225472
1071987568
0
1071496851
0
1072366595
2684354560
1069996706
2147483648
1071273770
1073741824
1071537829
0
1071060679
0
1071524323
0
1072236516
536870912
1071744107
2147483648
1070362457
2147483648
1070397721
2147483648
1070021218
0
1068405986
0
1068367268
0
1071335041
3221225472
1072253973
2147483648
1071237215
1073741824
1072021984
2684354560
1072033927
1610612736
1072501344
3221225472
1068906860
0
1071686343
1073741824
1068505938
0
1070941328
1073741824
1071667812
536870912
1068962046
0
1072676185
1073741824
1071202843
2147483648
1065155552
0
1070167111
0
1068228714
0
1069848083
0
1070645043
3221225472
1070814871
1073741824
1072055730
2684354560
1071884882
2147483648
1071205085
1073741824
1071959249
1073741824
1071709858
3758096384
1071827687
2684354560
1071751241
1610612736
1072060103
2684354560
1072354984
3221225472
1071982483
3758096384
1072503731
2147483648
1071710505
3758096384
1072386707
2147483648
1071780764
3758096384
1071400351
0
1071650529
1610612736
1070345451
0
1070617436
1073741824
1071675081
3758096384
1072665227
3221225472
1072497370
0
1070744934
2147483648
1071380540
0
1072112024
2684354560
1070872104
3221225472
1072390875
2147483648
1068354018
0
1072297614
3758096384
1070241995
0
1070578988
2147483648
1071473645
1073741824
1072311797
3221225472
1071714687
536870912
1071461100
1073741824
1072693247
2684354560
14
