Uvec
2226355706
1069623592
0
1071247931
3221225472
1072311588
0
1070680922
3221225472
1072337588
2684354560
1071776736
1610612736
1072268917
536870912
1069838628
0
1064423520
0
1066380632
0
1067587342
0
1072477585
1073741824
1072042479
1610612736
1071010899
3221225472
1072265186
0
1072569126
1073741824
1070368861
2147483648
1071310891
1073741824
1069705294
2147483648
1066264936
0
1072039566
2684354560
1070556911
0
1071936891
0
1070888430
1073741824
1071165508
3221225472
1072045931
3221225472
1070107981
0
1070906347
1073741824
1071055272
0
1072188632
536870912
1070810242
0
1071744171
2147483648
1072548340
2147483648
1071832114
1073741824
1071244354
3221225472
1072426024
536870912
1070523560
0
1069779842
2147483648
1072616326
1073741824
1072098009
536870912
1069095042
0
1071582437
3221225472
1070771382
1073741824
1068665036
0
1068406964
0
1071866727
536870912
1070735006
3221225472
1070855688
3221225472
1072533696
2147483648
1071930034
536870912
1072684697
1073741824
1072137510
1073741824
1070325711
0
1072025054
1610612736
1072480930
2684354560
1070873639
3221225472
1072657311
3221225472
1070308510
2147483648
1068602554
0
1069561602
0
1072360088
1073741824
1071444715
1073741824
1067527760
0
1071692078
3758096384
1072380889
0
1068135932
0
1066429764
0
1072194484
2684354560
1072630479
3221225472
1072081846
1073741824
1071857438
2147483648
1071682973
2147483648
1070115547
2147483648
1070769627
0
1068844307
0
1072374312
1610612736
1071040207
2147483648
1071816504
3758096384
1072400104
536870912
1070618779
1073741824
1072526236
1073741824
1070986967
0
1072286109
3758096384
1071380120
0
1069686513
2147483648
1071764399
3758096384
1072347265
2147483648
1072155668
3221225472
1070724003
0
1071660447
1610612736
1071677176
3221225472
1072542988
0
1071811495
0
1072413751
3758096384
1070170565
2147483648
1072684203
2147483648
1071686151
1073741824
1070838549
3221225472
1071461100
1073741824
1072693247
2684354560
25
