Uvec
2226355706
1068624887
0
1071739777
2684354560
1070265618
0
1071439975
2147483648
1072100783
1610612736
1072266873
1073741824
1071659307
0
1070399807
0
1072339110
2684354560
1071064920
1073741824
1065807920
0
1071985409
1610612736
1069736912
2147483648
1071646080
536870912
1072294191
3758096384
1069463238
0
1072140550
1073741824
1069856923
0
1069402758
0
1069440980
0
1072099278
3221225472
1068866703
0
1067140904
0
1070948670
0
1071472438
1073741824
1072600107
536870912
1070178743
2147483648
1067934480
0
1071815369
3221225472
1069134967
0
1072677542
1610612736
1072343502
1073741824
1070595117
2147483648
1071186669
3221225472
1071817346
2684354560
1071920963
1610612736
1070354880
0
1071985156
2684354560
1070957714
3221225472
1072495273
536870912
1071863787
1073741824
1072083596
536870912
1070144087
2147483648
1069856589
0
1067480388
0
1069525800
0
1072299468
1610612736
1070616309
3221225472
1071852542
2684354560
1072268219
2684354560
1071954919
3758096384
1069373417
0
1072675544
3758096384
1072105683
1073741824
1072199215
0
1071964949
3758096384
1072245596
3758096384
1072309618
536870912
1071887031
3758096384
1072442725
1610612736
1072256230
1610612736
1070039256
2147483648
1072579743
2684354560
1068568796
0
1072071796
2147483648
1071586383
0
1072628518
0
1068803386
0
1071824207
0
1071457819
3221225472
1072307775
1073741824
1072298440
1610612736
1071689215
536870912
1069360333
0
1068879800
0
1071689023
3221225472
1070350187
2147483648
1068598701
0
1069792029
0
1070463883
2147483648
1071944529
3758096384
1071647334
1073741824
1071637536
0
1071434807
1073741824
1065636752
0
1070228948
0
1072557069
1073741824
1071061180
1073741824
1072065423
3221225472
1070769215
3221225472
1071873867
3221225472
1072417134
1610612736
1072274639
536870912
1072093769
1073741824
1064886208
0
1071379412
1073741824
1072650024
536870912
1070963345
2147483648
1071461100
1073741824
1072693247
2684354560
24
