Uvec
2226355706
1072100082
1073741824
1067318264
0
1071840370
1610612736
1071374172
3221225472
1072571654
3221225472
1072523689
2684354560
1068937639
0
1071772816
1610612736
1068891968
0
1072631266
2147483648
1070928825
2147483648
1071386110
0
1071126023
3221225472
1071525502
0
1071942596
0
1072607247
1073741824
1071149392
2147483648
1071778538
2684354560
1070301840
0
1071620338
1073741824
1071937289
1073741824
1070797807
2147483648
1072575608
3758096384
1072424229
2684354560
1072056165
2147483648
1071802257
0
1071151242
1073741824
1070150771
2147483648
1072350391
1610612736
1071758348
536870912
1071914278
536870912
1069886537
0
1072481280
2684354560
1071679606
3758096384
1072650977
1073741824
1071729018
0
1066133784
0
1072060987
1073741824
1068712682
0
1069064451
0
1070182332
2147483648
1072268407
3221225472
1072475463
1610612736
1071708185
2684354560
1071481854
1073741824
1071997191
536870912
1070372627
2147483648
1072308405
1610612736
1072026157
3221225472
1072106658
1610612736
1072093936
2147483648
1072080940
3221225472
1069518126
0
1072092436
1610612736
1070341981
0
1071800777
1073741824
1071011375
0
1071483086
2147483648
1068396908
0
1069950446
2147483648
1072221093
536870912
1068970961
0
1072465403
536870912
1068381462
0
1072372192
3758096384
1072373823
536870912
1070306790
2147483648
1072294116
1610612736
1072513323
3221225472
1070824267
3221225472
1072124573
2147483648
1069612646
0
1071429910
2147483648
1070672415
2147483648
1072230608
3221225472
1072073111
1610612736
1071553678
0
1071974052
2684354560
1072024159
3758096384
1068652095
0
1071736169
536870912
1072621818
3221225472
1072163882
0
1072002833
2684354560
1070972816
1073741824
1071380958
1073741824
1070987606
2147483648
1070768030
3221225472
1072586419
3221225472
1070345843
0
1072302564
3221225472
1071144292
0
1072013427
1610612736
1072278716
536870912
1071349898
3221225472
1069786923
2147483648
1071522926
0
1072082036
536870912
1071461100
1073741824
1072693247
2684354560
40
