Uvec
2226355706
1070707966
0
1071974963
2147483648
1071739234
536870912
1070648167
0
1071183211
1073741824
1072293018
0
1072241230
0
1071738185
3221225472
1066566200
0
1069784181
2147483648
1070615079
2147483648
1070236133
2147483648
1071936262
3758096384
1072414917
3758096384
1067985170
0
1071980153
2684354560
1072088083
1073741824
1071100415
1073741824
1071691820
2147483648
1070730624
2147483648
1071382090
3221225472
1063955328
0
1072325770
536870912
1069736184
2147483648
1072059569
2684354560
1066131720
0
1071806807
2684354560
1071637787
2147483648
1072106472
3758096384
1072543491
2147483648
1072272870
2684354560
1067202320
0
1071404948
1073741824
1069014255
0
1072317368
1610612736
1070297801
0
1072329179
2684354560
1071800001
536870912
1072073865
1073741824
1071525275
3221225472
1071344206
1073741824
1068483448
0
1070970508
1073741824
1072576899
2684354560
1071869073
3221225472
1072462279
1610612736
1070658853
1073741824
1072012901
1610612736
1071330343
0
1071359527
0
1071133229
1073741824
1072480347
2147483648
1068586811
0
1072176047
2147483648
1071067689
0
1071208936
2147483648
1072324281
3221225472
1070569302
2147483648
1071408149
1073741824
1070253821
0
1070249251
0
1068780797
0
1072550744
1073741824
1072100004
536870912
1071247487
1073741824
1070683346
1073741824
1072578782
0
1072266581
1610612736
1072150996
3221225472
1072088749
536870912
1070895012
1073741824
1070803096
2147483648
1071740270
2147483648
1071231127
2147483648
1072519688
2147483648
1071893404
2684354560
1071162672
0
1070713808
3221225472
1071707538
2684354560
1071998013
536870912
1071565472
0
1071512756
3221225472
1072269819
3758096384
1072601131
1073741824
1071801669
3758096384
1072232371
3758096384
1070723502
2147483648
1067543576
0
1071530501
0
1069285471
0
1070960737
0
1071145590
3221225472
1070822288
3221225472
1069005100
0
1068689761
0
1070227808
0
1072103543
3758096384
1072340622
3221225472
1071461100
1073741824
1072693247
2684354560
45
