Uvec
2226355706
1070729388
1073741824
1071601164
3221225472
1072267056
536870912
1070926251
0
1063514112
0
1071492732
3221225472
1070979578
3221225472
1071473270
0
1069133060
0
1069602433
0
1071307170
1073741824
1071392402
0
1072545682
1610612736
1071710005
536870912
1070771038
1073741824
1071940232
1073741824
1071751550
3221225472
1071686314
536870912
1072409938
2147483648
1070458803
2147483648
1072019792
536870912
1070836518
3221225472
1071455936
2147483648
1072485281
2147483648
1066839804
0
1068473456
0
1070283717
0
1071301661
2147483648
1072550712
0
1072471463
536870912
1068212762
0
1072532089
1610612736
1072347876
3758096384
1071289855
3221225472
1068144188
0
1070666262
3221225472
1071754259
3221225472
1072584489
0
1071809066
2147483648
1072498943
536870912
1069685533
2147483648
1072438552
2684354560
1072172626
3758096384
1071722226
536870912
1071398337
1073741824
1071561772
3221225472
1072164819
2147483648
1071700476
1073741824
1071564110
2147483648
1072430434
0
1070175622
0
1071568208
2147483648
1071928847
1073741824
1071741658
2147483648
1071586330
3221225472
1071676392
0
1072311247
3221225472
1072088381
2684354560
1071751402
2147483648
1072598131
536870912
1071581795
0
1068933663
0
1072065763
3758096384
1072222716
1073741824
1072187685
3221225472
1072633621
536870912
1070533835
0
1070743909
0
1071998563
3221225472
1069038321
0
1071396121
1073741824
1072304351
2147483648
1070653809
2147483648
1070263019
2147483648
1071962210
536870912
1070148256
0
1070000143
2147483648
1068795199
0
1072305438
1073741824
1071093491
2147483648
1069577211
2147483648
1071321901
0
1072675754
0
1070790703
1073741824
1068685724
0
1072398734
2684354560
1070019317
2147483648
1071708737
2147483648
1072589818
3758096384
1072614856
1073741824
1069378406
0
1071174336
3221225472
1072054460
0
1072577831
3758096384
1071849220
2684354560
1071662371
2684354560
1070755090
3221225472
1072036138
1610612736
1071461100
1073741824
1072693247
2684354560
11
