Uvec
2226355706
1072270362
3221225472
1070970936
3221225472
1069293382
0
1070177507
0
1072064193
3221225472
1071840677
2684354560
1072127723
0
1069897323
2147483648
1070748639
3221225472
1070692784
1073741824
1072370762
2147483648
1071875645
0
1071915479
3758096384
1071320933
0
1069756802
2147483648
1065674488
0
1071606179
3221225472
1070941183
3221225472
1072153837
3758096384
1070796264
2147483648
1070136484
2147483648
1071236301
3221225472
1071985980
2147483648
1072407963
3758096384
1072067242
0
1070187244
2147483648
1070473367
2147483648
1072632230
2684354560
1071536833
3221225472
1071728509
3221225472
1066036928
0
1071648153
1073741824
1070928338
0
1071817604
3758096384
1072376360
0
1071643731
0
1069820402
0
1070464882
0
1070744798
3221225472
1072297290
3221225472
1071484331
0
1070679856
1073741824
1072148126
1610612736
1069657510
0
1071000094
3221225472
1072286620
536870912
1068334716
0
1071377436
1073741824
1071417032
0
1072031800
0
1069038671
0
1070183594
2147483648
1070402595
0
1071014297
3221225472
1071727780
536870912
1072190066
1610612736
1071928480
3221225472
1072334906
3758096384
1072105969
2684354560
1071816310
0
1072301620
1610612736
1072553088
1073741824
1071973491
1073741824
1072089183
1610612736
1072642035
1610612736
1072467250
1610612736
1072175285
3758096384
1072529983
3758096384
1072563866
1610612736
1072147167
3758096384
1071158427
1073741824
1072446083
3758096384
1070422714
2147483648
1071241098
0
1071879912
3758096384
1071168615
2147483648
1072604968
0
1071822914
3221225472
1068864020
0
1070205388
0
1071935553
536870912
1072224386
3221225472
1069263478
0
1072014220
2684354560
1066651916
0
1067041828
0
1071258751
2147483648
1072120452
1610612736
1070961696
3221225472
1068477198
0
1071887813
2147483648
1071137442
0
1072185345
1610612736
1071105821
3221225472
1071909521
3758096384
1072246499
3758096384
1072563854
536870912
1069851888
2147483648
1071461100
1073741824
1072693247
2684354560
60
