Uvec
2226355706
1072361290
2147483648
1072346396
2684354560
1072481407
2147483648
1071905821
2684354560
1071090061
2147483648
1072088614
1610612736
1069503430
0
1072135324
0
1069581097
0
1069484366
0
1072353526
1610612736
1068122952
0
1070640375
2147483648
1069449244
0
1072008359
1073741824
1072094196
536870912
1071114233
1073741824
1070854992
2147483648
1072462631
536870912
1070925300
2147483648
1070398066
2147483648
1072660459
2147483648
1069801530
0
1070990798
3221225472
1070482020
2147483648
1072116629
3221225472
1072345494
2147483648
1071236681
1073741824
1071677716
3221225472
1071639393
0
1069883026
0
1071089743
2147483648
1071885951
3758096384
1072069002
3758096384
1069663732
2147483648
1072274617
1610612736
1071028486
0
1071712957
2147483648
1072663401
536870912
1064724704
0
1068723380
0
1071776041
2684354560
1071126894
3221225472
1070072874
2147483648
1072178240
0
1072200816
2684354560
1071043909
1073741824
1068205558
0
1072284105
3221225472
1071082770
3221225472
1071543434
3221225472
1071882264
3758096384
1072622191
0
1069866899
0
1071184613
3221225472
1070507960
0
1066544388
0
1072227453
536870912
1070767366
2147483648
1071637051
0
1071728902
0
1071752431
2147483648
1072116941
0
1071137246
2147483648
1071985525
2684354560
1070770468
3221225472
1061957632
0
1072370622
2684354560
1072059841
536870912
1072157877
2684354560
1071481960
0
1071617526
2147483648
1071061048
2147483648
1071880267
3758096384
1071511525
3221225472
1071900191
2147483648
1070578525
0
1071101426
1073741824
1071966814
536870912
1072092225
3758096384
1072376743
1073741824
1070651349
0
1071912973
536870912
1072013136
3758096384
1071836544
2684354560
1071558937
0
1071741465
3758096384
1071505979
2147483648
1072645294
3758096384
1070588759
2147483648
1072446786
1610612736
1071356703
0
1071627741
0
1072350910
1610612736
1071816665
0
1069841754
2147483648
1070059274
2147483648
1071735218
0
1071461100
1073741824
1072693247
2684354560
75
