Uvec
2226355706
1071100610
3221225472
1072524654
1073741824
1072262207
3758096384
1069195882
0
1071645897
536870912
1072343406
1073741824
1072490081
2147483648
1072365574
2684354560
1072190145
2147483648
1072574021
1610612736
1070954914
3221225472
1069653347
0
1070639582
0
1071284328
0
1072340116
3221225472
1072663409
2147483648
1071600884
1073741824
1071050589
0
1072161173
3221225472
1069946173
2147483648
1071715596
2147483648
1072639710
1073741824
1072158450
3758096384
1070718761
1073741824
1068628062
0
1070504720
0
1072088587
1073741824
1069943770
2147483648
1072632701
0
1068766344
0
1072324154
3221225472
1072052723
2147483648
1072466555
1610612736
1071696451
536870912
1071791930
2684354560
1067473674
0
1071274425
1073741824
1068880192
0
1070663509
0
1068811989
0
1072586308
2684354560
1071816934
1610612736
1069571197
0
1066086656
0
1066608788
0
1070767530
3221225472
1072164380
1073741824
1069106153
0
1065449256
0
1072214350
2147483648
1068566319
0
1071860727
3221225472
1070895422
2147483648
1070945906
0
1072618202
3758096384
1070948515
0
1066936200
0
1072608561
2147483648
1071770627
3758096384
1071877174
2147483648
1071893771
3221225472
1072128383
1073741824
1070834030
3221225472
1071559408
1073741824
1072498529
3758096384
1071758750
2684354560
1071781316
0
1070865491
1073741824
1069001358
0
1067618372
0
1071573590
1073741824
1071976191
0
1072505765
536870912
1071308772
1073741824
1069970438
2147483648
1071762815
1073741824
1072055159
1610612736
1072651264
0
1071196798
0
1069467444
0
1071821674
1073741824
1070945919
3221225472
1071642558
3221225472
1071682576
1610612736
1071281473
2147483648
1072103707
3758096384
1072212300
1073741824
1071980600
1610612736
1072355461
1610612736
1072543303
2147483648
1069356589
0
1070736430
0
1071978050
3221225472
1068909483
0
1071979512
1073741824
1071762523
3221225472
1072153050
2147483648
1067601726
0
1071461100
1073741824
1072693247
2684354560
61
