Uvec
2226355706
1072308529
3758096384
1069402179
0
1071352149
3221225472
1070461714
2147483648
1071310699
3221225472
1072093348
536870912
1070685530
2147483648
1070709783
3221225472
1072143623
3221225472
1072021835
536870912
1072592435
3221225472
1070714875
3221225472
1069692254
2147483648
1071588458
0
1070643204
2147483648
1070062108
2147483648
1069806867
2147483648
1071864500
2147483648
1071550887
0
1069991153
2147483648
1072525837
2684354560
1068291834
0
1070051989
2147483648
1072114669
1610612736
1070458744
2147483648
1071295301
1073741824
1071261009
2147483648
1072088905
536870912
1071344157
2147483648
1072267095
3758096384
1068881754
0
1070988772
1073741824
1072402229
2684354560
1067658542
0
1071294017
2147483648
1071362311
3221225472
1072614778
2147483648
1071816949
1073741824
1072005987
2684354560
1071952855
3758096384
1072633225
3221225472
1070987246
1073741824
1071262531
2147483648
1071771511
0
1069736366
2147483648
1072063812
536870912
1071158998
1073741824
1070621363
3221225472
1070542816
2147483648
1072055713
2684354560
1070729679
1073741824
1072042572
2684354560
1071839719
1073741824
1072521416
3221225472
1072031141
1073741824
1071115785
0
1068891610
0
1071638870
3221225472
1068845367
0
1072270983
1073741824
1071341429
0
1072431430
2147483648
1071794211
2147483648
1072141632
1610612736
1062755968
0
1072277371
3221225472
1069686880
2147483648
1072125781
536870912
1071023038
0
1070697421
2147483648
1072677475
2147483648
1071690966
2147483648
1066355304
0
1069390794
0
1071561877
2147483648
1070829317
0
1071715538
0
1072455910
2684354560
1062012032
0
1070868841
3221225472
1072402930
536870912
1071873470
3758096384
1068671263
0
1071138165
2147483648
1071165866
0
1067612618
0
1071876253
1610612736
1070797099
1073741824
1072098422
1073741824
1072052012
3758096384
1069885463
2147483648
1071417259
1073741824
1069558214
2147483648
1070884308
0
1072018198
3221225472
1072257652
1073741824
1066901860
0
1072184475
2684354560
1071461100
1073741824
1072693247
2684354560
89
