Uvec
2226355706
1072180405
1073741824
1071497968
0
1072323987
536870912
1072113340
3758096384
1069549090
2147483648
1072113204
2147483648
1069912509
0
1072567669
3758096384
1072041914
0
1072568848
2147483648
1072115398
2684354560
1067783058
0
1072682030
2147483648
1071632984
0
1069400691
0
1071351010
2147483648
1069180364
0
1069898516
0
1070639008
0
1070766780
3221225472
1072099353
3221225472
1070136577
0
1070457029
2147483648
1072160995
536870912
1072530525
1073741824
1071733270
2684354560
1071731377
536870912
1072685765
3221225472
1071849377
3758096384
1072656977
2147483648
1070761453
1073741824
1071971072
3221225472
1067821152
0
1072515544
3758096384
1072574524
2684354560
1070125018
2147483648
1072501921
1073741824
1072318270
0
1072060219
3221225472
1071373673
3221225472
1071840727
1610612736
1072106218
536870912
1071928166
1073741824
1065471208
0
1072508845
3758096384
1072169148
3758096384
1072653295
3221225472
1071707046
3758096384
1071827564
1610612736
1070915909
1073741824
1070579898
0
1071310706
0
1070697307
2147483648
1070967876
1073741824
1070701043
1073741824
1068954282
0
1072186613
1610612736
1072409070
2684354560
1072427785
1073741824
1071926587
536870912
1071660246
3221225472
1072380024
2147483648
1068789367
0
1070617527
0
1067095720
0
1071113468
1073741824
1070678853
2147483648
1071900607
3221225472
1071996479
3758096384
1072014824
3221225472
1068376496
0
1070788759
3221225472
1071786018
1073741824
1071053032
2147483648
1070587626
2147483648
1072480689
536870912
1071232071
1073741824
1072013693
3221225472
1072357414
2684354560
1070509158
0
1067884820
0
1068218426
0
1072649864
2147483648
1072120190
1610612736
1069762372
0
1072398106
1073741824
1068327312
0
1072136542
0
1072551645
1073741824
1072476813
3221225472
1071707133
1610612736
1072146538
3758096384
1071688509
0
1071818814
2684354560
1071241743
3221225472
1071705968
1073741824
1072396846
536870912
1071605998
0
1071461100
1073741824
1072693247
2684354560
11
