Uvec
2226355706
1071616536
0
1072255137
0
1070972747
0
1071923217
1610612736
1070578766
0
1070672109
1073741824
1072083111
0
1070844927
1073741824
1072427317
3221225472
1072656068
1073741824
1071580773
3221225472
1069983340
0
1066777628
0
1072527682
1073741824
1072160946
1610612736
1071926422
1610612736
1072595262
3221225472
1067910982
0
1071217516
0
1071387750
1073741824
1070708103
2147483648
1070909721
1073741824
1071043152
1073741824
1064276736
0
1069695581
2147483648
1072206036
1073741824
1072065903
2684354560
1069934261
2147483648
1070836121
1073741824
1072355260
2684354560
1069067426
0
1069419878
0
1071446052
3221225472
1071107839
0
1069961385
0
1071866097
2147483648
1071802996
2147483648
1070980147
3221225472
1071144078
3221225472
1070508292
2147483648
1066984740
0
1071418859
1073741824
1069602309
2147483648
1071156890
2147483648
1072396025
3758096384
1071894848
3221225472
1071778720
3758096384
1071101999
1073741824
1070389228
0
1068533724
0
1069737973
0
1072480778
536870912
1070422849
0
1071748405
0
1071900001
2684354560
1072325785
536870912
1072501948
1073741824
1070662274
3221225472
1071341022
1073741824
1069661137
0
1072314245
1610612736
1071751821
1073741824
1069544213
0
1071916629
1073741824
1068178494
0
1071572028
2147483648
1071733961
536870912
1072051679
536870912
1070082082
2147483648
1070394678
0
1071677902
1073741824
1070524631
2147483648
1072175045
0
1071335928
2147483648
1068973520
0
1071738478
1073741824
1070872084
1073741824
1071888535
3221225472
1072506470
0
1069118007
0
1072557792
1073741824
1071231751
1073741824
1072164246
3758096384
1072036044
3758096384
1071804481
536870912
1069280574
0
1072638696
0
1072310845
3758096384
1072306066
3758096384
1071808770
0
1071733097
0
1070746435
0
1072664889
536870912
1070718573
3221225472
1070321482
2147483648
1070702175
0
1072465592
3221225472
1071250650
3221225472
1071461100
1073741824
1072693247
2684354560
76
