Uvec
2226355706
1072332102
1610612736
1070080615
0
1071792479
2684354560
1071034251
3221225472
1069966493
0
1072318153
3221225472
1071525897
3221225472
1065629568
0
1070002031
2147483648
1072507102
536870912
1072660416
1073741824
1072236520
0
1072477492
2684354560
1065637096
0
1072179522
536870912
1070576015
0
1067962634
0
1070626393
3221225472
1069753866
2147483648
1072146848
1073741824
1071320896
2147483648
1068602658
0
1070839116
1073741824
1072327550
1610612736
1069673018
0
1070157554
0
1072139592
536870912
1071566964
0
1072271650
536870912
1071809124
2684354560
1068558510
0
1069826564
2147483648
1071774566
1073741824
1071664051
3221225472
1072062701
1073741824
1069219557
0
1072391148
1610612736
1072561977
0
1071657526
1073741824
1072358122
2684354560
1068869829
0
1067486068
0
1070742183
1073741824
1072506616
2147483648
1069755544
0
1071121936
3221225472
1070917304
1073741824
1069649327
0
1072421186
3221225472
1072366786
0
1070889134
0
1071785486
2684354560
1071899712
3221225472
1071831996
0
1072320824
3758096384
1071033719
3221225472
1072682283
3221225472
1070700656
0
1071989741
0
1067895948
0
1071212922
2147483648
1071285385
2147483648
1069929507
2147483648
1068950326
0
1072631677
0
1066947020
0
1069767045
0
1069853620
2147483648
1069235543
0
1072624498
1610612736
1072653077
3758096384
1070049872
2147483648
1071050447
3221225472
1072031224
3758096384
1068986719
0
1071393974
1073741824
1071331553
1073741824
1072034505
2684354560
1071706214
536870912
1069808349
0
1071856673
1610612736
1072614738
1610612736
1072330922
2684354560
1071988995
536870912
1071895893
1610612736
1071952551
3221225472
1066524264
0
1072119327
3758096384
1071960283
536870912
1067820278
0
1070198834
2147483648
1072625590
2684354560
1072372113
536870912
1072457698
2147483648
1072263753
3221225472
1072015875
3758096384
1070699348
0
1070688030
3221225472
1071461100
1073741824
1072693247
2684354560
64
