Uvec
2226355706
1069849873
2147483648
1071065073
0
1070770550
0
1072495642
2147483648
1071829139
536870912
1069987864
2147483648
1067330480
0
1069706133
0
1072653511
2684354560
1069416935
0
1072155724
1073741824
1071480598
2147483648
1071272999
1073741824
1066209904
0
1069821321
2147483648
1067679988
0
1071473243
2147483648
1071907041
0
1071556900
0
1072184129
1073741824
1071413974
1073741824
1071114677
0
1071896531
3758096384
1069661994
2147483648
1069771217
0
1071101558
3221225472
1072162040
3758096384
1072555597
2684354560
1072171440
3758096384
1069908408
0
1071817783
1610612736
1066573024
0
1070239594
2147483648
1070875372
3221225472
1070687047
1073741824
1071662924
2147483648
1072358235
1610612736
1071400442
2147483648
1072096567
536870912
1072357133
1073741824
1069969821
2147483648
1071746547
2684354560
1072292485
0
1071335723
0
1072504650
0
1072300648
2147483648
1072248647
536870912
1070255728
2147483648
1071272631
2147483648
1070674902
1073741824
1072073311
1073741824
1071882974
3758096384
1071299222
1073741824
1071970065
3758096384
1070750279
2147483648
1071478092
0
1072382354
536870912
1070966288
1073741824
1071197103
1073741824
1070330185
2147483648
1072107583
3221225472
1072063323
3758096384
1072545629
3758096384
1071631657
0
1071784713
3758096384
1071089132
3221225472
1070677301
3221225472
1072592704
1610612736
1070604171
3221225472
1065344448
0
1072208520
3221225472
1072510735
2147483648
1072486038
2147483648
1071710800
2684354560
1068755634
0
1071615253
3221225472
1072477285
3221225472
1066134504
0
1070957966
2147483648
1072087828
3221225472
1072509183
536870912
1071912647
536870912
1069418462
0
1072365979
1073741824
1071828795
536870912
1069389727
0
1072270861
536870912
1071187898
2147483648
1070800569
1073741824
1071303839
1073741824
1072528927
536870912
1070811925
0
1071137054
2147483648
1067546802
0
1072269303
1073741824
1071815366
536870912
1071416914
1073741824
1071490797
0
1071461100
1073741824
1072693247
2684354560
56
