Uvec
2226355706
1071945194
3758096384
1071544455
1073741824
1071845108
2147483648
1071858802
3221225472
1071062525
2147483648
1071652226
536870912
1071980423
2684354560
1071630702
0
1072447036
536870912
1070473602
0
1072397639
3758096384
1072282539
3758096384
1071200337
0
1070040576
0
1071970628
1610612736
1071572660
2147483648
1068519303
0
1071624703
0
1069418089
0
1069051287
0
1069864641
0
1072139439
0
1070295537
0
1071203754
0
1069406979
0
1072454367
3221225472
1071493965
3221225472
1072115780
1073741824
1071346237
3221225472
1071407299
1073741824
1070732828
1073741824
1070106157
0
1072127163
1610612736
1071073082
0
1072235840
2684354560
1072043040
2147483648
1068818512
0
1072176711
2147483648
1072129907
1610612736
1072382987
2684354560
1071148860
1073741824
1072314324
0
1072524078
3221225472
1069745288
2147483648
1072086822
1610612736
1071885717
1073741824
1066937668
0
1070149233
0
1070982760
2147483648
1072491179
536870912
1072017376
1073741824
1072395769
3758096384
1072227984
3758096384
1070875347
2147483648
1071197855
3221225472
1071977047
536870912
1070655465
3221225472
1072583582
2684354560
1070865302
1073741824
1070985171
3221225472
1071815084
2147483648
1072517798
2684354560
1070793009
1073741824
1069990354
2147483648
1071435955
1073741824
1072665089
2684354560
1071777545
0
1071613761
3221225472
1071323598
3221225472
1070410582
0
1071301466
0
1072372111
3758096384
1070790160
1073741824
1072035635
2147483648
1072433349
536870912
1068333170
0
1069859572
0
1072298539
0
1070943237
3221225472
1072621414
3221225472
1069850212
2147483648
1071225673
0
1072559292
2147483648
1064900176
0
1072132261
3758096384
1071773048
2684354560
1072048526
3221225472
1069710987
2147483648
1070645476
2147483648
1070949536
1073741824
1072530667
1073741824
1072289663
3758096384
1072636927
2147483648
1071211428
1073741824
1070798376
0
1070900476
0
1072536257
3758096384
1071371477
3221225472
1071461100
1073741824
1072693247
2684354560
25
