Uvec
2226355706
1071043274
1073741824
1072620366
1073741824
1071727419
1610612736
1071843767
2684354560
1072292958
2147483648
1071810580
3758096384
1072230959
1610612736
1072018642
1073741824
1072594030
3758096384
1072539150
2684354560
1072415370
3221225472
1072385281
536870912
1072304423
1073741824
1068815185
0
1072046246
3758096384
1070164293
0
1070846932
3221225472
1071741716
3221225472
1067681070
0
1072135404
2147483648
1069605521
2147483648
1072612330
0
1071120704
0
1070947702
1073741824
1070810448
0
1072534984
536870912
1068846189
0
1071169108
1073741824
1071810368
2147483648
1072208264
2147483648
1071773189
2684354560
1071486536
3221225472
1067797064
0
1071716377
3758096384
1071989289
3758096384
1069935581
0
1071973253
2147483648
1071277942
3221225472
1069957663
0
1072511946
2147483648
1071775696
0
1068096364
0
1071457070
1073741824
1070468714
2147483648
1069797234
2147483648
1071652854
3758096384
1068041410
0
1072304448
1073741824
1070739464
3221225472
1070802048
2147483648
1072135801
2147483648
1072027473
2147483648
1070204464
0
1071731517
2147483648
1072622859
536870912
1071541552
3221225472
1067540280
0
1070115587
2147483648
1072410359
3758096384
1071610408
3221225472
1071192583
0
1070855613
2147483648
1068386332
0
1071402369
1073741824
1072023788
2147483648
1072501946
1610612736
1067733634
0
1072370044
3221225472
1071680965
536870912
1072387891
3758096384
1072110623
1610612736
1068578378
0
1071018448
3221225472
1071164029
2147483648
1071941524
1073741824
1072445682
0
1070677682
0
1071163581
0
1070713071
2147483648
1071805067
2684354560
1071832596
3221225472
1072276623
3221225472
1071265677
3221225472
1071350653
0
1071991343
2684354560
1069099134
0
1072405015
2147483648
1070991181
1073741824
1070700289
0
1068753509
0
1069872270
2147483648
1070727798
1073741824
1069927735
0
1072474724
2684354560
1071948004
1073741824
1071743754
2147483648
1069705842
0
1072284029
2147483648
1071461100
1073741824
1072693247
2684354560
16
