Uvec
2226355706
1067719306
0
1072038117
2684354560
1071874528
1073741824
1072622590
2147483648
1072343199
2147483648
1069702176
2147483648
1069899069
2147483648
1068602350
0
1072309342
2147483648
1070790098
1073741824
1070507234
0
1070055166
2147483648
1072549257
3221225472
1070732463
1073741824
1072293486
2147483648
1069322804
0
1069087778
0
1070324747
2147483648
1071036150
0
1071730073
0
1072137563
2684354560
1072288415
2684354560
1071668305
2147483648
1071103191
1073741824
1071338315
3221225472
1072038632
1610612736
1072426286
2684354560
1071962069
1073741824
1072475514
3221225472
1072683449
0
1072030359
0
1070811103
3221225472
1072131560
2147483648
1068306900
0
1068581846
0
1069991553
0
1072519829
2684354560
1067363164
0
1071328094
3221225472
1071242421
3221225472
1071974414
3221225472
1072314660
3221225472
1071364894
1073741824
1072663073
2684354560
1069403603
0
1071629478
0
1069979587
2147483648
1071695946
1073741824
1071571904
2147483648
1070369798
0
1072196728
2684354560
1071440901
1073741824
1072640743
2147483648
1070374037
0
1062519808
0
1071954491
1073741824
1070850749
1073741824
1072511464
3221225472
1070749884
0
1067991028
0
1072414716
2147483648
1070517511
0
1072326332
536870912
1071609837
2147483648
1072301003
2147483648
1071331793
1073741824
1071801667
3221225472
1071685848
3221225472
1069801981
2147483648
1072058443
1610612736
1071434101
1073741824
1070520680
0
1069195351
0
1072309120
2147483648
1067299696
0
1071664253
536870912
1069295186
0
1072013900
3221225472
1070856328
3221225472
1070000231
0
1071926952
1610612736
1069800040
2147483648
1070454612
2147483648
1071980190
536870912
1071060090
3221225472
1067821978
0
1072503072
0
1071830696
3758096384
1071851375
1073741824
1072552558
1610612736
1072463336
2147483648
1071723463
0
1072378324
3221225472
1072153445
1073741824
1071135549
0
1072158343
536870912
1072607904
2684354560
1069088813
0
1071461100
1073741824
1072693247
2684354560
21
