Uvec
2226355706
1071193590
0
1072070509
536870912
1068452978
0
1072292607
1073741824
1068829446
0
1071813975
3758096384
1071954803
1610612736
1071813047
1073741824
1072274763
2684354560
1072368403
3758096384
1072586677
3758096384
1070123657
0
1072131373
3758096384
1070701449
3221225472
1071680750
3758096384
1069564318
2147483648
1072499601
2147483648
1071723160
2684354560
1071585836
3221225472
1071326799
2147483648
1069764094
0
1071499389
0
1072322921
3221225472
1070670460
2147483648
1070987835
3221225472
1069242487
0
1066557888
0
1071723638
1610612736
1069090322
0
1072620927
3221225472
1072234012
1073741824
1070455718
2147483648
1072185643
2684354560
1072397435
0
1069632817
0
1070682637
1073741824
1068897419
0
1071162712
2147483648
1069105965
0
1072227682
1610612736
1070830227
0
1071492317
3221225472
1072246215
3758096384
1072091692
536870912
1071206836
0
1070889655
0
1072462007
3758096384
1071984273
0
1069831538
2147483648
1072279339
3221225472
1068828505
0
1072277102
1610612736
1069735269
0
1067881542
0
1071967565
536870912
1071740031
2147483648
1064795856
0
1071758265
3758096384
1072685082
2147483648
1072499875
2684354560
1071689500
2147483648
1071772579
0
1071956963
1610612736
1071801556
3221225472
1070295405
0
1071016620
2147483648
1069728318
0
1071730819
536870912
1071973348
3221225472
1068304008
0
1070690325
3221225472
1070945381
1073741824
1067572850
0
1072516964
1073741824
1068571738
0
1072400208
2147483648
1072415784
2684354560
1070454530
0
1072004431
2147483648
1072256703
2684354560
1071269817
0
1072492514
536870912
1069713765
2147483648
1069051915
0
1070278691
0
1068852673
0
1070603245
1073741824
1071872224
3758096384
1070206722
2147483648
1067503864
0
1069658287
0
1072194068
536870912
1072368099
1610612736
1066481296
0
1071149050
2147483648
1071444178
3221225472
1071887522
0
1069308221
0
1071461100
1073741824
1072693247
2684354560
40
