Uvec
2226355706
1072176071
1610612736
1072090251
3758096384
1071686285
536870912
1071743049
2147483648
1072610903
3221225472
1069876617
0
1068712074
0
1072093493
536870912
1071833609
2147483648
1071864088
3758096384
1071222617
0
1069185962
0
1071436283
3221225472
1072265315
1610612736
1072257748
536870912
1071084291
0
1070380856
2147483648
1068731329
0
1067230248
0
1072330361
0
1072129075
536870912
1069533020
0
1070865458
0
1068387124
0
1072295177
2147483648
1066538716
0
1072377529
1610612736
1072350383
3221225472
1072083678
1610612736
1071412024
3221225472
1068463820
0
1071900076
2684354560
1072363584
0
1072055695
0
1071816066
536870912
1071065643
1073741824
1070779635
0
1071369410
2147483648
1065455032
0
1072005266
0
1071839010
2147483648
1069191220
0
1070818679
1073741824
1071712799
1073741824
1070911317
1073741824
1070189079
0
1071747298
2684354560
1072455551
3221225472
1072381055
536870912
1072636159
3758096384
1072068213
536870912
1071285903
2147483648
1071719219
3758096384
1072405485
0
1068025160
0
1070248841
2147483648
1070776810
1073741824
1069862527
2147483648
1072092695
0
1071521102
2147483648
1071696463
0
1070998860
1073741824
1070976705
1073741824
1070692565
0
1072128706
1610612736
1072015341
536870912
1069333266
0
1071011422
0
1072644105
0
1069561203
0
1072132618
0
1072475904
0
1069971422
2147483648
1071591967
3221225472
1071508416
1073741824
1071928627
0
1071437581
2147483648
1072474845
1610612736
1072062678
3758096384
1072575276
0
1071551646
0
1070696620
3221225472
1072514950
2684354560
1068320762
0
1071390255
0
1072221662
1610612736
1070782627
0
1072524920
1610612736
1071846336
2684354560
1072604316
2684354560
1069661897
0
1072589527
536870912
1070776214
1073741824
1072033890
2147483648
1069984599
2147483648
1071841843
3758096384
1071035803
2147483648
1072277551
1073741824
1071461100
1073741824
1072693247
2684354560
88
