Uvec
2226355706
1069125809
0
1072217119
536870912
1071789516
1073741824
1069871991
0
1071055155
1073741824
1072510238
3221225472
1069762328
2147483648
1072160008
1610612736
1072298972
3758096384
1069464594
0
1071954248
2684354560
1072482595
1610612736
1069043310
0
1070623484
1073741824
1069694059
2147483648
1071790382
2147483648
1072059718
2147483648
1070795807
0
1072404617
1073741824
1071839016
1073741824
1069393915
0
1072430206
2684354560
1071194071
3221225472
1072048387
3758096384
1072086399
1610612736
1070927731
2147483648
1069668655
2147483648
1071541425
3221225472
1071952184
1073741824
1072073286
3221225472
1072413998
1073741824
1072335714
2684354560
1070758417
3221225472
1066542252
0
1069898379
0
1072112176
1610612736
1072199942
536870912
1071829376
2147483648
1067398992
0
1071480643
3221225472
1072445499
2147483648
1071884334
1073741824
1071049790
0
1072682049
0
1071773385
1610612736
1072659266
1610612736
1072164883
0
1071898775
3221225472
1071564810
1073741824
1071754388
3758096384
1071247561
1073741824
1071676700
0
1071725444
536870912
1071865547
3758096384
1071689438
1610612736
1071095790
0
1072298957
2147483648
1070413728
2147483648
1067288224
0
1070020895
2147483648
1068453060
0
1071727346
2147483648
1065259456
0
1072167250
1073741824
1071227270
3221225472
1069121006
0
1071491978
3221225472
1071860697
2684354560
1072658479
536870912
1071952480
1610612736
1070499025
2147483648
1072627308
536870912
1072210230
536870912
1070014592
2147483648
1072455594
3221225472
1072545105
1610612736
1071883067
3221225472
1070898230
2147483648
1068781545
0
1072683751
0
1071692484
1610612736
1071660635
3758096384
1072614730
3758096384
1071639082
0
1071355552
2147483648
1071925232
536870912
1072085005
0
1071646191
1073741824
1072222750
3221225472
1064757120
0
1070495430
2147483648
1071653884
1073741824
1070758160
2147483648
1072657496
1610612736
1072260594
2147483648
1072373882
1073741824
1072248153
2147483648
1071329584
1073741824
1071461100
1073741824
1072693247
2684354560
67
