Uvec
2226355706
1072131910
2684354560
1067755342
0
1071828407
1073741824
1072401126
2147483648
1072263997
2147483648
1072375449
2147483648
1071821154
3758096384
1071736125
1610612736
1072684368
0
1072343071
0
1069968666
0
1070802544
0
1072206884
2684354560
1071795910
536870912
1071467214
1073741824
1070531572
0
1072170834
2147483648
1072537675
536870912
1070395094
0
1070098917
2147483648
1071907122
3221225472
1072124673
2147483648
1072061943
536870912
1072053768
0
1071891006
3221225472
1072510002
0
1068711967
0
1071934116
0
1072205297
2147483648
1070426724
2147483648
1072324000
1073741824
1071755436
0
1072537192
1610612736
1071787940
1610612736
1070854254
0
1066269568
0
1068029162
0
1071812010
2147483648
1070734797
2147483648
1072095969
3221225472
1071071568
1073741824
1069930921
2147483648
1071352116
0
1071334325
1073741824
1071432681
3221225472
1066832408
0
1071635908
3221225472
1067010740
0
1070946182
3221225472
1072611952
2684354560
1072307676
1610612736
1071677842
1073741824
1072150513
1073741824
1072174668
2684354560
1072006264
3221225472
1071457572
1073741824
1069090245
0
1067671406
0
1071649242
2147483648
1069186419
0
1070937641
1073741824
1071638631
0
1071729348
1610612736
1071636977
1073741824
1070785910
1073741824
1070300816
0
1071039911
3221225472
1071498519
1073741824
1069128886
0
1071660334
536870912
1072614996
2147483648
1067207472
0
1072607014
536870912
1071795374
2147483648
1069573030
0
1071142496
2147483648
1071831810
2684354560
1072193988
2147483648
1068595082
0
1071752825
3221225472
1069580973
2147483648
1071577720
3221225472
1071959331
2684354560
1070865717
3221225472
1071874996
3758096384
1070609894
0
1069090212
0
1068896426
0
1069414432
0
1069331832
0
1072118846
2147483648
1071240868
3221225472
1071636109
2147483648
1071524889
3221225472
1070305507
2147483648
1071956075
0
1071243979
2147483648
1070617012
2147483648
1071461100
1073741824
1072693247
2684354560
81
