Uvec
2226355706
1071978341
1073741824
1070658115
1073741824
1070326085
0
1072092783
1610612736
1068696017
0
1068636401
0
1072251491
2147483648
1070939564
3221225472
1069960462
2147483648
1070453656
2147483648
1068824574
0
1071895013
0
1070066645
0
1070460822
0
1071148777
1073741824
1072418993
2147483648
1071816634
3758096384
1070628979
2147483648
1071790879
3221225472
1071851826
1610612736
1071776951
1610612736
1069739458
2147483648
1070328168
0
1072214412
3221225472
1071391023
3221225472
1067030496
0
1072326190
1073741824
1070906153
1073741824
1072428531
2684354560
1070212172
0
1071911952
2684354560
1072455781
1610612736
1071475978
3221225472
1072061021
3758096384
1071238067
0
1072337344
2147483648
1071146269
1073741824
1069819544
2147483648
1067365556
0
1072067623
1610612736
1070829516
0
1071328131
2147483648
1070123228
0
1067665888
0
1072182462
3758096384
1072001994
1610612736
1068882291
0
1067187216
0
1071873020
2684354560
1070644992
0
1071621217
2147483648
1072041195
0
1072246814
536870912
1071963628
0
1071735752
0
1071340031
2147483648
1072487619
3758096384
1071362293
1073741824
1071845812
0
1067867942
0
1068906621
0
1072448866
1073741824
1070891757
3221225472
1071328443
0
1069544871
0
1070068090
2147483648
1067127800
0
1071593781
3221225472
1072376419
536870912
1071555841
2147483648
1070702831
3221225472
1072277317
3221225472
1072098005
1610612736
1070655741
3221225472
1070845020
1073741824
1072681423
3758096384
1072338994
1610612736
1072092975
2684354560
1071921973
3221225472
1071398504
2147483648
1070160028
2147483648
1071483491
0
1072238524
2684354560
1071368934
1073741824
1072213964
0
1071874653
3758096384
1072429344
0
1071783860
3758096384
1069590497
0
1071236135
1073741824
1065580776
0
1070503643
0
1072488761
3758096384
1071837912
536870912
1068200008
0
1071695726
1610612736
1070408460
0
1071787180
2147483648
1071461100
1073741824
1072693247
2684354560
42
