Uvec
2226355706
1072276988
3758096384
1072601076
0
1071796261
3221225472
1072054571
3221225472
1072649734
1610612736
1072342499
3221225472
1072101198
536870912
1071566821
1073741824
1071232219
3221225472
1070781983
1073741824
1071669261
0
1070746654
3221225472
1070919945
1073741824
1071788737
2684354560
1071994833
1610612736
1071928088
2147483648
1072376763
1610612736
1070098133
2147483648
1071853855
2684354560
1072517650
0
1072483968
536870912
1070481821
2147483648
1072095712
3221225472
1072673982
3221225472
1071528967
0
1069992127
0
1070675092
3221225472
1069503010
0
1072646139
3758096384
1070829966
2147483648
1071290073
1073741824
1068643559
0
1069793482
2147483648
1072449375
2147483648
1072299019
3758096384
1070715061
3221225472
1071678520
2684354560
1071563194
0
1071512910
0
1070259370
2147483648
1071997901
3221225472
1071476007
2147483648
1070596498
1073741824
1071022509
1073741824
1072620658
0
1069542935
0
1071033655
3221225472
1070669238
0
1069679941
2147483648
1071324835
0
1072397080
3758096384
1072664831
2684354560
1072436536
3758096384
1071654034
536870912
1071878052
1610612736
1071853627
1610612736
1071326039
1073741824
1066797548
0
1067811484
0
1071379271
0
1072088844
3758096384
1068369940
0
1071343391
3221225472
1072259610
3758096384
1071002795
3221225472
1071841685
0
1072321602
0
1072447940
1610612736
1072629678
0
1069919337
0
1068600655
0
1072365670
1610612736
1068598109
0
1071322817
3221225472
1071147148
1073741824
1070900526
1073741824
1072666934
3221225472
1071909414
536870912
1072045238
0
1072069055
1073741824
1072634380
2147483648
1071634514
1073741824
1070837266
3221225472
1071608022
2147483648
1069706215
2147483648
1071801447
2684354560
1072370451
0
1072114674
2684354560
1069072574
0
1067399908
0
1070720376
2147483648
1072547641
0
1071617442
3221225472
1071741422
1073741824
1068662775
0
1071961732
3758096384
1072224599
1610612736
1072437618
3758096384
1071461100
1073741824
1072693247
2684354560
23
