Uvec
2226355706
1072132352
2684354560
1072251197
1073741824
1070243171
0
1072328470
2684354560
1071577660
3221225472
1072467136
3221225472
1068059354
0
1070551368
0
1071069969
3221225472
1072044380
2684354560
1070515007
2147483648
1072356222
1073741824
1072081376
0
1069782377
2147483648
1072690181
3758096384
1071552885
2147483648
1072014878
3758096384
1069583619
2147483648
1068852888
0
1072459300
1610612736
1071655185
2684354560
1072134263
3758096384
1068670380
0
1071537248
1073741824
1067565472
0
1072109099
3758096384
1070651163
0
1072691064
0
1071082874
2147483648
1070658614
2147483648
1072203380
1610612736
1069094251
0
1072238795
1610612736
1070921331
3221225472
1070807253
1073741824
1072186999
2147483648
1067909258
0
1069405948
0
1071443976
3221225472
1071774181
2147483648
1070293203
2147483648
1072664594
0
1071982571
2684354560
1071458182
1073741824
1071669261
536870912
1072017645
0
1071129885
3221225472
1072415860
1073741824
1071700897
2147483648
1072272282
1610612736
1072285162
1610612736
1072258797
1610612736
1070144243
0
1069265079
0
1068238486
0
1070946293
2147483648
1069778555
2147483648
1071717855
0
1071986504
0
1070990616
2147483648
1072148236
3758096384
1072680685
536870912
1070811213
2147483648
1072120140
536870912
1072682728
536870912
1069677376
0
1070732756
1073741824
1071799862
3758096384
1068293826
0
1072253668
3221225472
1069982365
2147483648
1069415123
0
1072054638
3758096384
1071778016
1073741824
1071032447
1073741824
1072690910
2684354560
1071802901
1610612736
1071330687
1073741824
1067523582
0
1072375129
1610612736
1070793531
1073741824
1067674030
0
1072473545
3221225472
1071958974
3758096384
1071779468
1610612736
1071647049
1610612736
1071665839
1610612736
1070504245
2147483648
1071756159
2147483648
1069928945
0
1072445247
0
1071020760
2147483648
1071998654
3221225472
1070246419
0
1071698700
2684354560
1069704220
2147483648
1068875663
0
1072501111
2684354560
1071461100
1073741824
1072693247
2684354560
73
