Uvec
2226355706
1071426624
2147483648
1071446385
3221225472
1066208032
0
1071971330
3221225472
1071211497
2147483648
1071989317
536870912
1072658274
3758096384
1072682613
1610612736
1071848248
3758096384
1070952200
1073741824
1070980041
2147483648
1071735673
0
1071986879
2147483648
1071870090
536870912
1068530242
0
1069602305
2147483648
1072649500
3758096384
1070622349
0
1070918962
2147483648
1070954184
2147483648
1071288722
2147483648
1071031244
1073741824
1071237752
3221225472
1071770263
1610612736
1071986396
2684354560
1072022734
3758096384
1072538172
3221225472
1072521291
0
1072596473
1610612736
1069793435
2147483648
1071964895
3221225472
1072264885
2684354560
1072202940
1073741824
1071749231
1073741824
1069830960
0
1070418893
2147483648
1071091889
3221225472
1069722565
2147483648
1072467826
536870912
1071439193
3221225472
1072139106
536870912
1070131464
2147483648
1071686341
2684354560
1071887706
0
1072140650
536870912
1071845793
0
1071480387
0
1070997895
0
1069726606
2147483648
1070081631
0
1068102674
0
1072143791
2147483648
1071778732
1073741824
1072147333
1073741824
1071659635
536870912
1069246115
0
1071706851
0
1070226170
2147483648
1071210529
3221225472
1070909719
0
1070399777
0
1071341323
1073741824
1070789041
3221225472
1071761757
2147483648
1071988584
0
1071984539
3758096384
1072678223
3221225472
1072569800
3221225472
1071288462
2147483648
1071278663
3221225472
1072162806
1610612736
1070012136
2147483648
1070964754
1073741824
1070835984
3221225472
1071316843
3221225472
1070669367
1073741824
1071144446
3221225472
1065854280
0
1072305857
536870912
1070616859
3221225472
1072046862
3221225472
1072103531
3221225472
1071713914
1073741824
1072203460
3758096384
1067882980
0
1068511585
0
1071293982
0
1070901251
1073741824
1071892641
3758096384
1072017484
536870912
1068154180
0
1069000350
0
1068787497
0
1071841188
1073741824
1071868681
2684354560
1072501465
2147483648
1071581785
2147483648
1070095985
0
1071461100
1073741824
1072693247
2684354560
49
