Uvec
2226355706
1071234367
2147483648
1071289198
1073741824
1066998520
0
1072108494
0
1069725133
2147483648
1070626892
2147483648
1072227073
1073741824
1069539433
0
1072133969
2147483648
1070052048
2147483648
1072240126
3221225472
1071321977
2147483648
1069810175
2147483648
1068737894
0
1071543766
3221225472
1071961576
2147483648
1072139296
2147483648
1068287582
0
1071250793
3221225472
1070264360
2147483648
1072604102
536870912
1071997777
1073741824
1070891035
2147483648
1072278329
1073741824
1070843284
3221225472
1070224942
0
1072473661
1610612736
1072471562
2684354560
1070893876
3221225472
1072455432
3221225472
1072663960
1073741824
1071987004
536870912
1071210543
2147483648
1072202891
3758096384
1067871854
0
1071980268
1610612736
1071678122
536870912
1071707798
3758096384
1069856388
0
1070928804
1073741824
1072619769
3221225472
1070727299
0
1071985937
1073741824
1071350539
0
1069996753
2147483648
1072139711
3221225472
1068095624
0
1070656658
0
1072341354
536870912
1071497537
0
1072022042
2684354560
1069472087
0
1072566276
3221225472
1072427221
1610612736
1071142942
3221225472
1071874058
1610612736
1071276253
3221225472
1072311323
0
1070388455
2147483648
1072600334
3758096384
1072586215
1610612736
1072025352
1073741824
1071006615
0
1065898416
0
1072539932
1610612736
1071329953
3221225472
1071297542
2147483648
1071955449
1610612736
1067584234
0
1072510962
2147483648
1072317486
3758096384
1069696131
2147483648
1072344667
2684354560
1067516840
0
1070469665
2147483648
1071860392
0
1072302134
1073741824
1068925799
0
1067834338
0
1070640192
0
1070834023
2147483648
1072133686
536870912
1071640394
2147483648
1070486654
2147483648
1072220637
0
1072570915
0
1072545930
3758096384
1072215722
3221225472
1072223345
2147483648
1070184980
2147483648
1068529502
0
1071873564
3221225472
1071743515
1073741824
1071488424
0
1072530372
536870912
1071710375
2147483648
1072171358
3221225472
1070394761
0
1071461100
1073741824
1072693247
2684354560
83
