Uvec
2226355706
1070353931
2147483648
1069713661
0
1072563075
2684354560
1072250337
3221225472
1071870358
3758096384
1066953348
0
1067726608
0
1072038055
2147483648
1072477652
2147483648
1071787085
2684354560
1070885591
2147483648
1069998692
0
1069663549
2147483648
1068316624
0
1071264045
2147483648
1071330279
1073741824
1070285214
2147483648
1071761116
0
1072374264
1073741824
1072001524
2684354560
1070700219
3221225472
1069701236
0
1072295983
1610612736
1071263367
0
1072343338
3758096384
1069154880
0
1072649961
1073741824
1072516741
536870912
1070131289
0
1068624660
0
1071715645
0
1071011393
0
1072030218
536870912
1067613530
0
1071709817
2147483648
1066825896
0
1072269326
2684354560
1062259392
0
1072280525
0
1072543870
2684354560
1071281952
1073741824
1069698965
2147483648
1071996586
2684354560
1069063132
0
1072214960
2684354560
1069374371
0
1072548258
3221225472
1070225954
2147483648
1071724061
536870912
1071339049
3221225472
1072322617
3758096384
1072372011
3221225472
1072617074
1610612736
1072545137
1073741824
1069796520
2147483648
1070997545
3221225472
1071874287
536870912
1072066376
3221225472
1071819439
536870912
1071401471
0
1070098446
0
1072067522
3758096384
1071386583
3221225472
1072194211
536870912
1071814132
3758096384
1070130919
2147483648
1071058099
3221225472
1070671044
3221225472
1072500594
1610612736
1071271369
2147483648
1070130150
0
1071384372
3221225472
1070299031
0
1071975528
0
1070747593
1073741824
1069241090
0
1071547391
3221225472
1071511772
1073741824
1072330816
2684354560
1067585678
0
1070559761
2147483648
1072293783
2147483648
1066023928
0
1066088504
0
1071338660
1073741824
1072232143
3758096384
1069897601
2147483648
1070332703
0
1070693411
2147483648
1071952097
536870912
1068530118
0
1070771785
3221225472
1072310582
2147483648
1064156256
0
1069729884
2147483648
1070892031
0
1070242042
2147483648
1070218318
0
1071461100
1073741824
1072693247
2684354560
74
