Uvec
2226355706
1071730529
0
1072016719
3758096384
1072569833
2684354560
1072129440
0
1071725997
3221225472
1072555022
2147483648
1070714228
2147483648
1070354909
0
1067341288
0
1072371015
2147483648
1072671229
1073741824
1072144944
0
1072687223
1073741824
1072612622
1073741824
1072583357
1610612736
1070179224
2147483648
1070748711
3221225472
1071921424
3758096384
1071871699
0
1071411790
1073741824
1070797311
2147483648
1071650739
1073741824
1071287823
3221225472
1070355048
2147483648
1069797460
0
1070939798
2147483648
1070102237
2147483648
1070794988
3221225472
1071907791
2684354560
1071069432
2147483648
1072193477
536870912
1071984692
0
1072090611
3221225472
1072369165
2147483648
1071521927
0
1068563649
0
1072574460
2147483648
1071102102
2147483648
1072672452
3221225472
1072194952
1073741824
1072075670
3221225472
1072068093
2147483648
1071198084
3221225472
1070598940
3221225472
1072677940
1073741824
1072430964
0
1071003991
2147483648
1072402752
536870912
1070606763
2147483648
1072585241
2147483648
1072498168
1073741824
1068110916
0
1072033368
536870912
1071891028
536870912
1071739467
0
1071016173
0
1072602618
3758096384
1070860004
1073741824
1071234608
1073741824
1069642025
2147483648
1070606559
3221225472
1072448579
3758096384
1072423978
1073741824
1071839819
1610612736
1070499952
0
1068317970
0
1069595350
2147483648
1071969951
3758096384
1072566943
2684354560
1072306326
3758096384
1071162449
0
1070762407
3221225472
1072310889
2147483648
1070357960
0
1071027536
0
1072488049
3221225472
1070637043
3221225472
1069959413
2147483648
1071580614
3221225472
1072584593
0
1072520193
1073741824
1071209312
0
1071429395
0
1071923799
3758096384
1071115163
1073741824
1071404964
2147483648
1069106344
0
1070913995
2147483648
1072631134
1610612736
1071721030
3758096384
1071184428
0
1071387480
3221225472
1070863100
3221225472
1071888493
3221225472
1070367739
2147483648
1071772499
2147483648
1072036906
0
1071991009
1610612736
1071461100
1073741824
1072693247
2684354560
19
