Uvec
2226355706
1072173989
3758096384
1068762714
0
1071963189
536870912
1071348389
1073741824
1069794356
0
1071991163
1610612736
1072265368
2147483648
1072346594
3758096384
1072550786
3221225472
1071906884
0
1071367982
0
1070321803
0
1072442244
2147483648
1072263187
0
1072410944
1073741824
1069493600
0
1069322561
0
1072044477
536870912
1071602933
3221225472
1072312274
536870912
1068095414
0
1068994897
0
1072588707
2147483648
1072048501
2147483648
1072104378
536870912
1071721014
0
1072354245
3758096384
1071185922
2147483648
1072611157
1610612736
1067689730
0
1072309394
536870912
1072441237
2147483648
1072261860
3221225472
1071407750
2147483648
1069842101
2147483648
1071185955
2147483648
1072008086
536870912
1071117074
0
1072098141
2684354560
1070201133
2147483648
1070812188
3221225472
1072663823
536870912
1071676497
2147483648
1069874187
0
1072072477
0
1067246612
0
1070445592
2147483648
1071921629
2684354560
1072644514
536870912
1069338227
0
1068660807
0
1071427463
3221225472
1070402565
2147483648
1071360178
1073741824
1071475771
0
1072070296
536870912
1072316732
1610612736
1071823659
536870912
1072495590
3758096384
1071300521
3221225472
1072460989
3221225472
1072463613
0
1070785114
2147483648
1068039388
0
1071827604
2684354560
1069773273
0
1069499470
0
1071886415
0
1072457009
0
1071674584
0
1072470975
1610612736
1071206514
2147483648
1070367256
2147483648
1071250603
3221225472
1071696798
1073741824
1071324270
0
1071397770
2147483648
1071121021
3221225472
1069598885
0
1064706336
0
1065667424
0
1072418147
3758096384
1069710531
0
1072234314
536870912
1069120564
0
1072607189
1610612736
1071959758
0
1071971539
3758096384
1072447754
3758096384
1072130730
2684354560
1069382300
0
1071777682
1073741824
1072490746
3758096384
1071634836
3221225472
1072520958
2684354560
1069726666
2147483648
1071034110
1073741824
1071106058
3221225472
1071461100
1073741824
1072693247
2684354560
45
