Uvec
2226355706
1070843242
0
1063601600
0
1072208651
0
1070674695
0
1065894552
0
1071243251
3221225472
1072062361
2684354560
1071933807
536870912
1068830390
0
1070759844
2147483648
1071620343
3221225472
1071364361
3221225472
1072234329
3221225472
1072028839
2684354560
1071631492
0
1071126842
0
1072378440
2147483648
1071180140
3221225472
1071434046
0
1070453347
2147483648
1069074696
0
1070494673
0
1070862938
1073741824
1072590316
536870912
1071710486
536870912
1072404164
3221225472
1071855362
0
1069916384
0
1071957945
3221225472
1072530145
2684354560
1070756741
1073741824
1071770023
1073741824
1070840597
0
1072641556
0
1070786094
3221225472
1072003607
1610612736
1069151944
0
1071760769
1073741824
1072044079
2684354560
1070972096
1073741824
1071334889
1073741824
1066854416
0
1072298218
536870912
1072207799
2147483648
1069803938
2147483648
1072451763
2684354560
1069507579
0
1071822575
3758096384
1069938523
2147483648
1071729946
3221225472
1072412244
2147483648
1069856657
2147483648
1071858435
3758096384
1072411373
2684354560
1072450330
1610612736
1072368290
0
1071928495
2684354560
1071872568
2684354560
1070473980
0
1069699475
0
1071280275
1073741824
1071766201
536870912
1072065216
536870912
1070802152
1073741824
1071943951
1073741824
1072548665
3221225472
1070141520
0
1072189680
3758096384
1069533705
0
1071677729
2684354560
1071698283
2147483648
1071733341
536870912
1069048989
0
1069611897
0
1071782600
3221225472
1071968378
536870912
1068135860
0
1072402573
1610612736
1072090955
536870912
1072410334
1073741824
1071770478
2684354560
1071212342
2147483648
1071226572
0
1071165517
2147483648
1071155688
3221225472
1067511324
0
1070278492
0
1072094136
3758096384
1071760239
1610612736
1069637448
2147483648
1071677409
536870912
1070759917
0
1072200673
2684354560
1071019625
2147483648
1072039830
0
1067322832
0
1069974226
2147483648
1067763432
0
1071461100
1073741824
1072693247
2684354560
91
