Uvec
2226355706
1070927638
2147483648
1072210775
2684354560
1069231386
0
1070069010
2147483648
1072192098
0
1070629825
2147483648
1071253842
3221225472
1071113818
2147483648
1071865091
1073741824
1072688002
536870912
1071832025
536870912
1072633926
1610612736
1070870547
0
1072681850
3758096384
1071854219
3221225472
1072349200
3758096384
1069091563
0
1072496112
1073741824
1072627471
536870912
1072295439
536870912
1069719185
2147483648
1070442113
2147483648
1071651271
536870912
1071295914
3221225472
1072423564
2147483648
1069891054
2147483648
1072294449
2147483648
1070846252
2147483648
1067754658
0
1072186194
2684354560
1071572265
0
1068925427
0
1071952978
0
1071022153
0
1072392779
1073741824
1071494787
3221225472
1072112850
0
1070422933
2147483648
1070022393
0
1071919993
3221225472
1072684367
1073741824
1071961971
536870912
1068638320
0
1069116057
0
1072339381
2684354560
1072114661
3758096384
1072230640
1610612736
1070401583
0
1071971535
3221225472
1070184100
2147483648
1071881641
2147483648
1072540750
536870912
1072221677
1073741824
1070431626
2147483648
1072511397
1610612736
1072467765
0
1067444728
0
1070682418
0
1071827337
2147483648
1069008821
0
1069355925
0
1072495929
536870912
1071938518
3758096384
1072021318
1073741824
1071487672
1073741824
1071891918
1610612736
1072399944
1073741824
1070774191
0
1071104641
0
1068931612
0
1067970756
0
1066461216
0
1071525145
2147483648
1071986961
2684354560
1065440608
0
1068635276
0
1072656406
3221225472
1071531677
2147483648
1071973257
3221225472
1071164369
3221225472
1068633077
0
1069476383
0
1072126334
3758096384
1072106647
2147483648
1071715464
0
1071819013
2684354560
1068499021
0
1071844722
3758096384
1072238543
2684354560
1071860197
0
1072232607
3221225472
1071756606
1610612736
1069422926
0
1072586186
1610612736
1071872390
3758096384
1071530861
0
1072339043
1610612736
1072025657
2684354560
1071461100
1073741824
1072693247
2684354560
31
