Uvec
2226355706
1072169852
536870912
1068025946
0
1070863234
3221225472
1072549018
0
1071651333
1610612736
1069241780
0
1070118029
0
1068922468
0
1070066331
2147483648
1069526924
0
1072207842
2684354560
1072050924
3221225472
1071961833
2147483648
1069063803
0
1071273099
2147483648
1072172111
3221225472
1067470936
0
1072177453
3758096384
1069942253
0
1069727545
2147483648
1071410886
2147483648
1071167745
1073741824
1070924210
3221225472
1072465457
0
1069091490
0
1072547257
3221225472
1070162918
0
1072543716
0
1072578064
536870912
1068310228
0
1071854767
0
1071216105
1073741824
1070562887
0
1068542387
0
1067248492
0
1070544868
2147483648
1072629898
536870912
1069578280
2147483648
1071127944
3221225472
1069127413
0
1071847650
2147483648
1072124640
536870912
1071949075
1610612736
1071333540
0
1072636568
2147483648
1072504860
1610612736
1066142320
0
1072016570
1610612736
1067972438
0
1071183919
2147483648
1071206590
0
1068217424
0
1071888695
3221225472
1070461230
0
1070972931
1073741824
1070627517
0
1071591051
1073741824
1071378333
2147483648
1072668687
3221225472
1071885166
536870912
1072089269
0
1070633455
0
1071550257
2147483648
1072222470
1610612736
1069768537
0
1071809899
536870912
1069714655
0
1072330804
3758096384
1069765366
2147483648
1072358839
2147483648
1070698380
1073741824
1069260177
0
1072379994
3221225472
1071936562
3221225472
1072691414
1610612736
1068943483
0
1071747652
3221225472
1072693178
1073741824
1071666299
0
1067458840
0
1067001656
0
1071859090
1610612736
1070682435
3221225472
1072248962
1610612736
1071974951
3758096384
1072470220
1610612736
1071874139
536870912
1070753204
0
1071625010
1073741824
1072339637
0
1071186066
3221225472
1072393825
0
1072122694
1610612736
1071884474
1073741824
1072057263
3221225472
1070685455
1073741824
1072493426
3758096384
1071237462
0
1071461100
1073741824
1072693247
2684354560
73
