Uvec
2226355706
1072030299
536870912
1071647812
2147483648
1072322352
3758096384
1070442112
0
1072402488
1073741824
1070762135
1073741824
1071857004
2147483648
1071162343
3221225472
1072424043
2684354560
1070661299
3221225472
1071966442
2684354560
1071193656
2147483648
1072136569
2147483648
1072125689
1610612736
1070766319
3221225472
1069614346
2147483648
1072130646
3221225472
1070746364
3221225472
1071464259
2147483648
1071958476
1073741824
1066477472
0
1068753591
0
1072420205
1073741824
1071408508
0
1072529965
3758096384
1072282953
3221225472
1070067269
2147483648
1072126690
3221225472
1068704433
0
1071896131
2684354560
1071994317
2684354560
1072660492
3221225472
1071742460
536870912
1071759670
2684354560
1069353937
0
1071737590
2684354560
1072282095
2684354560
1071722078
2147483648
1070194581
2147483648
1070879753
2147483648
1071979771
1073741824
1071579350
0
1070711893
1073741824
1071912877
2147483648
1072659040
3221225472
1071073384
3221225472
1070826102
1073741824
1072082083
2684354560
1070657269
1073741824
1071735363
3221225472
1072653073
3758096384
1069491942
0
1071404371
3221225472
1069974204
0
1066022704
0
1071057516
3221225472
1072437777
2684354560
1070803822
3221225472
1072245319
1610612736
1072664574
2147483648
1071703518
2684354560
1069531610
0
1070233982
2147483648
1071897703
1073741824
1071768101
0
1071106220
0
1071284225
0
1072027310
2684354560
1070914898
1073741824
1071780056
2147483648
1072039237
1610612736
1072323654
0
1071841532
2684354560
1069080361
0
1072350709
2684354560
1071733809
0
1070862806
0
1071721048
0
1071966631
0
1070433113
0
1072049062
2684354560
1072398717
0
1072016506
2684354560
1071302698
1073741824
1072678158
0
1072669195
1073741824
1071509834
0
1066511148
0
1068866521
0
1069766598
0
1070009741
0
1072189661
1073741824
1072172352
3221225472
1071086223
3221225472
1070795560
0
1070578558
0
1071582295
3221225472
1072367347
2147483648
1071461100
1073741824
1072693247
2684354560
30
