Uvec
2226355706
1070016957
0
1071987237
0
1072459957
536870912
1067394380
0
1071951576
3758096384
1070626607
3221225472
1071891302
1610612736
1071155806
0
1070704175
3221225472
1063176640
0
1072112651
0
1071660429
536870912
1070197417
0
1069311894
0
1072480681
536870912
1071936946
3221225472
1070875261
2147483648
1069701280
2147483648
1072598600
3221225472
1070208244
0
1072190697
2684354560
1071482919
3221225472
1069969544
2147483648
1069940881
0
1071701292
1610612736
1071566603
2147483648
1072622893
3758096384
1072412269
1610612736
1070806443
3221225472
1072131943
0
1071629849
1073741824
1067229416
0
1071803138
1073741824
1072477640
536870912
1069374954
0
1072224731
3758096384
1071634077
3221225472
1071835806
2147483648
1071791746
2684354560
1067016500
0
1069178852
0
1071452585
3221225472
1072105773
3758096384
1070984186
2147483648
1071085703
2147483648
1072099806
0
1071395775
1073741824
1072046379
536870912
1070524648
0
1072434513
3758096384
1067700398
0
1072601534
536870912
1070636464
2147483648
1071777663
536870912
1072104637
2684354560
1072448011
3758096384
1072505031
2147483648
1071707032
536870912
1069786415
0
1071842405
2684354560
1071417953
3221225472
1071721424
536870912
1069291735
0
1070864595
1073741824
1072255520
3758096384
1069557103
2147483648
1070933031
0
1070664216
0
1071931978
1610612736
1072122874
1610612736
1072289106
2684354560
1071054945
0
1072157481
0
1070862645
0
1071278998
1073741824
1067711944
0
1072354287
1610612736
1071092959
2147483648
1071699193
0
1071662928
2147483648
1072148718
2147483648
1072087010
1073741824
1071282154
2147483648
1071803258
536870912
1072684249
2684354560
1072072106
2147483648
1072114312
2147483648
1072572534
3221225472
1070117129
2147483648
1071177583
1073741824
1071997673
3221225472
1069275066
0
1070047740
2147483648
1071701735
3758096384
1070920014
2147483648
1070602516
1073741824
1068725946
0
1069789027
2147483648
1071461100
1073741824
1072693247
2684354560
40
