Uvec
2226355706
1072008729
536870912
1070111886
0
1071065648
2147483648
1071035593
2147483648
1068034414
0
1072206438
1073741824
1072492113
536870912
1069955580
2147483648
1070559735
0
1071648649
536870912
1070923044
3221225472
1072502660
1610612736
1071787855
3758096384
1071680374
0
1065686296
0
1072617496
2684354560
1071145518
1073741824
1069044767
0
1072420637
3758096384
1069753011
0
1071718150
1610612736
1071788093
1073741824
1072576159
3758096384
1068320376
0
1071960583
3758096384
1069914781
2147483648
1069535231
0
1063739360
0
1071355396
3221225472
1072076306
1610612736
1069041235
0
1070784520
3221225472
1071435229
1073741824
1068963992
0
1072543706
0
1070275146
0
1072233187
0
1068975046
0
1072418736
536870912
1071257659
2147483648
1066995108
0
1070854643
1073741824
1070736714
2147483648
1072039712
0
1069640356
2147483648
1072609913
1073741824
1069936111
2147483648
1071366850
1073741824
1071954478
1073741824
1071875348
0
1071964727
3758096384
1072612270
0
1072673098
3221225472
1069725194
0
1072468123
0
1070617581
0
1066007592
0
1072547892
2147483648
1071804586
3221225472
1071648960
536870912
1072283038
1073741824
1071919935
3758096384
1072562839
536870912
1067371224
0
1072309847
0
1070089732
0
1069942131
0
1069581589
2147483648
1072290404
3221225472
1072329133
3758096384
1072159473
3221225472
1071828387
3221225472
1070885819
3221225472
1069154284
0
1070099224
2147483648
1072310843
3758096384
1072615832
3758096384
1070774543
1073741824
1067118776
0
1072534259
2684354560
1072056858
1610612736
1070889131
2147483648
1069274243
0
1072240842
2684354560
1070943405
3221225472
1072675611
3221225472
1070112883
2147483648
1071558724
3221225472
1072587109
0
1072120261
0
1068942256
0
1069351957
0
1065644704
0
1072173366
2147483648
1071779779
1610612736
1072133962
3758096384
1069959786
2147483648
1066607608
0
1071461100
1073741824
1072693247
2684354560
7
