Uvec
2226355706
1072385808
1610612736
1072685637
3221225472
1071886412
1073741824
1071365971
2147483648
1070859451
2147483648
1069450557
0
1071926446
536870912
1071546460
3221225472
1068539281
0
1067472598
0
1072243785
3221225472
1071226902
0
1071111753
3221225472
1064269056
0
1072303757
2147483648
1072249926
1073741824
1072657228
1610612736
1072381867
3221225472
1072208638
2147483648
1071864428
536870912
1071870396
0
1071900497
2147483648
1069792227
0
1071205999
2147483648
1071757085
536870912
1067594214
0
1072533396
1073741824
1071200473
0
1071291246
1073741824
1072312192
2147483648
1072088871
0
1071920144
2147483648
1071862866
1610612736
1065940304
0
1070921358
2147483648
1072327709
2147483648
1072064852
2147483648
1069602771
2147483648
1070531498
0
1071363234
3221225472
1072238835
536870912
1068420486
0
1072188739
3221225472
1071640194
1073741824
1066111760
0
1072324645
2147483648
1072375144
536870912
1072155122
2147483648
1072394779
3758096384
1070687980
3221225472
1069983814
2147483648
1070770329
1073741824
1071980350
536870912
1071600809
2147483648
1072149472
536870912
1072586686
2684354560
1072619941
3758096384
1071703846
3221225472
1071453718
2147483648
1072511856
2684354560
1070512802
2147483648
1072516135
1610612736
1071762464
3221225472
1071855110
1610612736
1070131406
2147483648
1071250066
2147483648
1072291378
1610612736
1070771588
2147483648
1071456809
0
1072334235
536870912
1067100368
0
1071183998
0
1070113089
2147483648
1071962282
1073741824
1071655155
3758096384
1068498108
0
1069429081
0
1071209591
0
1072306566
1610612736
1069303718
0
1072513928
536870912
1072585592
3758096384
1072149366
1073741824
1072325412
1610612736
1071527512
1073741824
1071787136
536870912
1072033698
536870912
1072068435
2147483648
1071649138
2684354560
1071467142
0
1071117988
1073741824
1070376043
0
1072037307
3758096384
1070250091
2147483648
1072173778
1610612736
1071093437
1073741824
1069608119
2147483648
1068187570
0
1071461100
1073741824
1072693247
2684354560
36
