Uvec
2226355706
1068878995
0
1071321580
2147483648
1071054126
0
1070679215
2147483648
1070828211
0
1066035576
0
1070402022
0
1069054748
0
1072623438
536870912
1071578003
0
1069213040
0
1071982417
2147483648
1066621900
0
1071928439
1610612736
1070492971
2147483648
1068565909
0
1072156571
3758096384
1071402967
1073741824
1072111043
2147483648
1072345848
3758096384
1069926695
0
1068075320
0
1068699199
0
1072490733
0
1071949076
0
1067503534
0
1071005061
2147483648
1072274064
2147483648
1067088552
0
1072222481
3758096384
1071369362
3221225472
1069602483
2147483648
1070834108
2147483648
1070271944
2147483648
1070581747
2147483648
1072199905
1073741824
1071004864
0
1072362191
1610612736
1072375714
2147483648
1071616125
2147483648
1071700636
536870912
1072235730
1610612736
1072122615
3221225472
1072014247
3221225472
1072619741
1073741824
1071102747
1073741824
1072336923
3758096384
1072356914
2684354560
1071008570
3221225472
1072112917
0
1069693709
2147483648
1071520595
3221225472
1072651611
2684354560
1072185917
536870912
1071012791
3221225472
1071867585
1610612736
1070054292
0
1071906124
1073741824
1070922811
3221225472
1071561086
2147483648
1072091804
3221225472
1070854510
2147483648
1066188952
0
1072284312
3221225472
1071498183
3221225472
1072256541
3221225472
1072601677
1610612736
1069921554
0
1072564103
1073741824
1072647933
0
1071928653
0
1070859415
0
1072267964
1073741824
1072128396
3758096384
1069079630
0
1071512430
3221225472
1065674688
0
1072030862
2147483648
1071476764
2147483648
1069137589
0
1070928626
2147483648
1072085964
2684354560
1070782192
0
1071742628
2684354560
1072219533
3758096384
1071717840
1610612736
1070574531
2147483648
1071460895
2147483648
1071929980
536870912
1072514738
3221225472
1067695094
0
1071193433
2147483648
1071682953
3221225472
1072337593
2684354560
1070447122
2147483648
1072549878
1610612736
1071028472
1073741824
1071094822
2147483648
1071461100
1073741824
1072693247
2684354560
86
