Uvec
2226355706
1072245297
2684354560
1072463223
0
1072282018
0
1069599170
0
1072468091
2147483648
1071860611
2684354560
1072461357
3221225472
1072435686
3758096384
1071723432
536870912
1067710272
0
1070065907
0
1072051205
2147483648
1069758942
0
1071906347
2147483648
1072258662
536870912
1071966401
2684354560
1072444493
536870912
1072641338
0
1070611073
3221225472
1070736103
1073741824
1068845080
0
1070040945
0
1070695863
0
1071796914
2684354560
1069699954
0
1071552042
1073741824
1070278228
2147483648
1070900750
2147483648
1070786979
1073741824
1069419008
0
1072660783
3758096384
1069243810
0
1071497497
1073741824
1072682544
0
1072031100
3758096384
1068108612
0
1070787342
1073741824
1071991576
3758096384
1068787738
0
1068656780
0
1072254474
2684354560
1072442817
536870912
1070881971
2147483648
1071759707
1610612736
1069082537
0
1069555460
2147483648
1071833034
3221225472
1072680122
0
1070784410
1073741824
1070514747
0
1069708392
0
1072049413
1073741824
1070715057
3221225472
1069585192
2147483648
1071438146
0
1070545634
0
1071706862
536870912
1072292438
3221225472
1072604925
0
1071440952
2147483648
1072626931
1610612736
1067478744
0
1071314848
3221225472
1071511582
3221225472
1068636621
0
1070633387
1073741824
1071737714
536870912
1071833760
536870912
1072198810
1073741824
1070525032
2147483648
1071689869
0
1072052045
2684354560
1071589704
2147483648
1068048070
0
1070705894
3221225472
1070447194
2147483648
1071035797
2147483648
1072169575
536870912
1068282740
0
1071888651
1610612736
1070743353
1073741824
1070748809
1073741824
1068941624
0
1071748191
1610612736
1069660222
2147483648
1069292341
0
1071215614
2147483648
1072575891
0
1072079527
1610612736
1070337122
2147483648
1070184187
0
1071889822
2147483648
1071217258
2147483648
1071791779
536870912
1071119289
2147483648
1072074342
3758096384
1071990005
0
1072361003
536870912
1071461100
1073741824
1072693247
2684354560
55
