Uvec
2226355706
1072236840
0
1072384867
3221225472
1070957869
3221225472
1071662725
1073741824
1071813608
3221225472
1070614463
3221225472
1071335172
3221225472
1071975309
536870912
1072221203
3221225472
1068755970
0
1071951630
0
1071232343
3221225472
1072489516
2684354560
1070034047
2147483648
1072327551
1073741824
1072264772
0
1072500340
2147483648
1071658371
0
1067169156
0
1071993852
3221225472
1070978478
3221225472
1072117507
0
1070889234
2147483648
1067912072
0
1070726827
1073741824
1068778668
0
1068105488
0
1067495652
0
1070999212
0
1067844850
0
1072238324
2684354560
1072276288
0
1072317947
2147483648
1072124233
0
1070763623
0
1071892653
0
1071390195
1073741824
1071973029
3758096384
1070589067
2147483648
1070426186
0
1070952120
2147483648
1070492362
0
1071038470
1073741824
1071479525
1073741824
1072676123
536870912
1070017430
2147483648
1072597337
1073741824
1071836093
2147483648
1071570463
2147483648
1072051710
0
1071493011
0
1070773644
1073741824
1070717737
0
1072437739
3758096384
1071219066
2147483648
1072387144
3221225472
1072043843
3221225472
1071687909
1610612736
1072206228
2684354560
1070066496
2147483648
1070760622
3221225472
1072647437
536870912
1070610454
1073741824
1068393940
0
1070657472
3221225472
1071690235
536870912
1071039329
3221225472
1066861236
0
1070086766
0
1072139003
3758096384
1071971578
2684354560
1071791130
3758096384
1066748904
0
1070844436
3221225472
1069117996
0
1072683938
536870912
1070758963
0
1072182040
536870912
1072014038
3221225472
1071675350
0
1070049149
2147483648
1072258577
2684354560
1071296548
1073741824
1072612879
2147483648
1070139254
0
1070898470
2147483648
1072618547
3758096384
1071962017
0
1072585340
2147483648
1070353624
0
1072526359
1610612736
1071602557
2147483648
1072376498
3758096384
1071165707
0
1072419297
3221225472
1069284308
0
1071581790
2147483648
1071872466
3221225472
1071461100
1073741824
1072693247
2684354560
93
