Uvec
2226355706
1072490005
2684354560
1070624248
1073741824
1064743296
0
1071920193
1610612736
1071910082
0
1070861581
1073741824
1071736434
1073741824
1068807792
0
1071226385
1073741824
1070635695
3221225472
1069957689
2147483648
1071603026
0
1072378662
2147483648
1071970906
2147483648
1067752394
0
1071489854
3221225472
1070621466
3221225472
1066616440
0
1070132337
0
1072292970
0
1071169743
2147483648
1072278649
536870912
1070819056
0
1071840410
0
1071798613
3758096384
1071752960
0
1072562011
2684354560
1070851100
1073741824
1071795366
2147483648
1069989135
2147483648
1072062677
1610612736
1071613667
1073741824
1071359995
0
1067377128
0
1072196917
536870912
1071346343
0
1071719313
1073741824
1069936681
2147483648
1072207172
1073741824
1072446334
3221225472
1071732625
1610612736
1069624249
0
1071670056
0
1069803034
2147483648
1068967361
0
1072472440
2684354560
1071976134
3758096384
1070769750
2147483648
1069388312
0
1071461816
2147483648
1070974827
1073741824
1068752627
0
1072429049
2684354560
1070875289
0
1072205332
3221225472
1070554860
2147483648
1070711521
1073741824
1072557867
536870912
1072141871
0
1071828318
2147483648
1072605284
3758096384
1069460843
0
1072529608
3221225472
1071457299
2147483648
1070948910
0
1072387242
1610612736
1072257220
0
1072219064
3221225472
1067898874
0
1070917154
1073741824
1070145685
2147483648
1070836134
1073741824
1071418341
2147483648
1070112734
0
1071901207
2684354560
1069012320
0
1071563684
3221225472
1067940480
0
1071899003
0
1067717004
0
1070222744
2147483648
1070541760
2147483648
1071178967
0
1071074329
0
1071718754
2684354560
1067514126
0
1069396892
0
1071636148
2147483648
1071691155
2147483648
1069648848
0
1070946896
2147483648
1071542443
1073741824
1072106492
0
1071689735
2147483648
1071852924
2684354560
1072077015
3758096384
1070932617
0
1071041732
1073741824
1071461100
1073741824
1072693247
2684354560
6
