Uvec
2226355706
1072646844
3758096384
1069752798
0
1071816869
2684354560
1069595222
0
1072513804
3221225472
1066899960
0
1070449184
2147483648
1068918734
0
1067935538
0
1071504517
3221225472
1069690107
2147483648
1071692892
0
1070209435
2147483648
1071704765
1073741824
1072347181
1610612736
1071923956
0
1069011576
0
1071846648
0
1070690368
3221225472
1071929725
2147483648
1071603226
3221225472
1070359712
0
1068635974
0
1069625146
0
1070880605
0
1070450722
2147483648
1071902293
2684354560
1071908452
3221225472
1069777392
0
1071269070
1073741824
1072198333
2147483648
1071703350
536870912
1072125178
1610612736
1071164058
1073741824
1071277550
3221225472
1072460033
2147483648
1071875596
3221225472
1071849923
3221225472
1069512146
0
1071011109
2147483648
1072606103
1073741824
1067063520
0
1071915238
3221225472
1069863467
2147483648
1071429074
0
1070522093
0
1062200704
0
1072404950
3758096384
1068184368
0
1072219439
3221225472
1072485094
0
1070654300
1073741824
1071517925
1073741824
1072278851
3758096384
1071918432
2147483648
1069640610
2147483648
1071566285
2147483648
1072053468
2684354560
1071428403
0
1070038852
2147483648
1071170761
2147483648
1071976672
0
1071827460
2684354560
1069569494
2147483648
1071985056
0
1072224304
2684354560
1067630614
0
1070727278
2147483648
1072346009
0
1072591267
2684354560
1072216722
3221225472
1072650316
3221225472
1072203552
3758096384
1072404862
2684354560
1070249486
0
1072098466
536870912
1071348748
3221225472
1070058847
2147483648
1072206877
0
1072189012
2684354560
1072228945
2147483648
1071388865
0
1071108125
2147483648
1066835424
0
1066113664
0
1070122659
2147483648
1071205014
1073741824
1072103803
3758096384
1069662463
2147483648
1072280364
0
1069508263
0
1070833102
1073741824
1067965922
0
1069487817
0
1072148167
2147483648
1071230947
2147483648
1069914768
0
1068737867
0
1071461100
1073741824
1072693247
2684354560
18
