Uvec
2226355706
1072029870
1610612736
1071264438
0
1071278453
1073741824
1071150381
2147483648
1070883776
3221225472
1072621356
1610612736
1065424304
0
1072238455
1073741824
1072585224
3758096384
1071724876
1073741824
1071424002
0
1071925018
1073741824
1072361603
0
1071717738
2147483648
1072418776
0
1071820059
0
1066088248
0
1071677976
3221225472
1070721614
0
1072302180
536870912
1072097980
2147483648
1070383337
0
1071332139
2147483648
1065790536
0
1072068277
3758096384
1072024631
1610612736
1070989672
3221225472
1071978298
2147483648
1072452632
2147483648
1069331107
0
1072489658
3758096384
1071931133
3758096384
1066229664
0
1071015029
0
1072128032
1610612736
1072047353
3758096384
1069980880
0
1069787806
0
1070352860
2147483648
1072193353
1610612736
1072029202
1610612736
1072374010
2147483648
1071018289
2147483648
1071475047
3221225472
1071284314
1073741824
1071802555
536870912
1071057267
0
1070664959
1073741824
1068959451
0
1071168281
0
1071792956
1610612736
1072635267
3221225472
1072039029
536870912
1072649624
2684354560
1071801556
2147483648
1071886876
1610612736
1072597153
1073741824
1066717716
0
1070785599
3221225472
1071384582
0
1072685178
3221225472
1072442057
3221225472
1071028700
3221225472
1071913954
1610612736
1070374612
2147483648
1070526362
2147483648
1072612455
3221225472
1071254178
2147483648
1072439916
1610612736
1072498931
2684354560
1069028755
0
1072016260
536870912
1067879298
0
1070210684
0
1071109982
2147483648
1072015495
2147483648
1071825442
1073741824
1071505292
0
1072004777
1073741824
1072477779
2147483648
1071228780
1073741824
1071929125
536870912
1072311683
2684354560
1070641143
1073741824
1071999437
1610612736
1072378407
2147483648
1071136471
1073741824
1070421737
2147483648
1072045722
536870912
1072421567
3758096384
1071348812
0
1071649968
3758096384
1070027756
0
1070760016
2147483648
1070962998
3221225472
1066919304
0
1068518012
0
1072064248
0
1071461100
1073741824
1072693247
2684354560
28
