Uvec
2226355706
1072191995
3221225472
1067936884
0
1072309726
3221225472
1071884522
3221225472
1071779935
3758096384
1070986138
2147483648
1071262571
3221225472
1071904198
3758096384
1070058383
2147483648
1072297678
3221225472
1072018093
536870912
1066538556
0
1072308732
2684354560
1072621762
3758096384
1071847609
1610612736
1072396828
536870912
1072637199
536870912
1071120773
2147483648
1070281207
2147483648
1072229416
1610612736
1071924802
3221225472
1072272881
3758096384
1072194426
536870912
1069683413
0
1070902351
3221225472
1069303552
0
1072453547
1073741824
1069917545
0
1072097174
536870912
1072655334
0
1070742286
3221225472
1069687666
0
1072222874
536870912
1072655555
1073741824
1067799120
0
1072688799
536870912
1070289685
2147483648
1072563432
536870912
1072542647
2147483648
1070058032
0
1071664658
1073741824
1071011596
0
1072501530
3758096384
1072155439
1610612736
1072672065
2684354560
1071756454
2147483648
1072506659
536870912
1071729192
536870912
1068350668
0
1072626236
2147483648
1071138724
1073741824
1070775936
0
1070826517
2147483648
1071162878
3221225472
1071753510
3758096384
1072284423
0
1072427675
1073741824
1065503008
0
1071227862
1073741824
1071811583
1610612736
1069140766
0
1072617475
536870912
1072540810
3221225472
1071232333
1073741824
1070919665
2147483648
1071655831
2684354560
1071590571
3221225472
1072075003
2147483648
1071506654
3221225472
1072022679
0
1071894508
0
1064416240
0
1072001159
1073741824
1072045203
3221225472
1072439233
0
1071598866
2147483648
1072503835
3221225472
1069565282
2147483648
1067807588
0
1070823435
1073741824
1071924775
536870912
1072328972
536870912
1071283162
1073741824
1070610298
3221225472
1072499543
1073741824
1071849072
2684354560
1070261999
0
1071229680
0
1071964583
2684354560
1071546982
2147483648
1071169427
3221225472
1071626036
2147483648
1072509100
2684354560
1067993792
0
1068705414
0
1070744657
0
1072344536
1073741824
1072691351
3758096384
1071461100
1073741824
1072693247
2684354560
27
