Uvec
2226355706
1070255680
2147483648
1071218485
3221225472
1072421600
3758096384
1072609204
3221225472
1071875316
3758096384
1072230807
3758096384
1068845061
0
1069900587
2147483648
1072039848
0
1072550461
3758096384
1070955701
2147483648
1072562619
1073741824
1070442014
0
1071280588
0
1067800426
0
1071054597
3221225472
1072166437
2147483648
1072066358
1073741824
1072484394
2684354560
1072120364
0
1071068588
2147483648
1071638036
0
1068266924
0
1072355124
0
1072099952
3758096384
1072644638
536870912
1069874549
2147483648
1069570232
0
1071683609
3221225472
1066584140
0
1070287177
0
1068634769
0
1071204752
2147483648
1072499027
1610612736
1071438845
0
1069344841
0
1071934938
3758096384
1069437757
0
1069684203
0
1071379327
3221225472
1072353240
2684354560
1072418608
3221225472
1071160300
1073741824
1072054558
2147483648
1071796529
2147483648
1070712542
3221225472
1069308690
0
1070960765
1073741824
1071759314
0
1071992713
3221225472
1071116610
2147483648
1072032117
536870912
1068997276
0
1070770026
0
1072035914
0
1069771189
0
1072114299
1610612736
1071306036
0
1070841779
3221225472
1071727193
2147483648
1066599732
0
1072462567
1610612736
1070666399
0
1071043365
3221225472
1071800589
2684354560
1072156537
3221225472
1069184974
0
1069268702
0
1071933971
2684354560
1070122851
0
1071035076
2147483648
1071552326
0
1070589613
0
1072321503
2684354560
1071916429
0
1070977774
1073741824
1072531151
0
1071104301
3221225472
1070568092
0
1072200047
1610612736
1071998552
2684354560
1072408055
0
1071811826
1073741824
1066448984
0
1072660330
3221225472
1072107478
1073741824
1070659236
0
1070376424
0
1072044568
3221225472
1070240019
0
1071041670
0
1070601990
2147483648
1071658503
2684354560
1071805889
1073741824
1069821797
0
1065688712
0
1072581821
1610612736
1069641629
0
1071461100
1073741824
1072693247
2684354560
5
