Uvec
2226355706
1071673777
2147483648
1072622158
2147483648
1069870519
2147483648
1070991413
2147483648
1072104697
0
1072045094
2147483648
1071645861
1610612736
1071615514
0
1072432621
0
1070955957
2147483648
1072151642
2147483648
1072024356
1610612736
1072126854
1073741824
1069184088
0
1069437268
0
1071758709
2147483648
1069609984
0
1071042072
3221225472
1071995096
1073741824
1068771815
0
1071064491
2147483648
1072543978
3758096384
1070873485
0
1072387911
536870912
1072399525
3221225472
1072075917
1073741824
1068342358
0
1069758851
2147483648
1070687851
2147483648
1072052827
3221225472
1067560064
0
1071647521
0
1070106746
0
1071190949
3221225472
1070891539
0
1068167330
0
1072157352
2147483648
1070675077
3221225472
1069243524
0
1070888256
2147483648
1072565184
1073741824
1071746053
2147483648
1072015011
1073741824
1069286472
0
1072341101
1073741824
1072654151
536870912
1072054878
2147483648
1072640486
2147483648
1070624697
2147483648
1070564993
2147483648
1069861970
2147483648
1072240354
1610612736
1072631744
2147483648
1071836571
1610612736
1071006464
1073741824
1071203213
3221225472
1071140180
0
1072424677
3221225472
1071283848
1073741824
1072540085
2147483648
1070644016
0
1072419466
3758096384
1069892839
0
1069657615
2147483648
1070982043
1073741824
1072528160
1073741824
1070526130
0
1067619268
0
1071781007
3221225472
1072225552
3758096384
1072082798
3221225472
1072328708
1610612736
1072467375
3758096384
1072691610
3221225472
1069007575
0
1072135514
1610612736
1071803263
2147483648
1070729823
1073741824
1070219873
2147483648
1072347966
1610612736
1072677515
2147483648
1071816567
0
1071328279
1073741824
1072397661
3221225472
1072415423
0
1071658921
3758096384
1068449120
0
1070989452
3221225472
1069167742
0
1071663748
3758096384
1070698918
2147483648
1071890380
0
1072515410
536870912
1071666249
2684354560
1072538219
1610612736
1071650199
3758096384
1071818901
536870912
1070811733
1073741824
1071461100
1073741824
1072693247
2684354560
5
