Uvec
2226355706
1072110715
3221225472
1072559646
2147483648
1069314312
0
1071007352
1073741824
1072223116
2684354560
1072044020
536870912
1070035600
0
1069307413
0
1072188305
3221225472
1072586335
2147483648
1072281026
1073741824
1072368965
2684354560
1069490380
0
1069679174
0
1071962808
2684354560
1070905702
0
1070626128
0
1072488542
3221225472
1071043520
3221225472
1069634232
0
1072028422
3758096384
1072507904
1073741824
1068043910
0
1066863144
0
1072535794
2684354560
1065073024
0
1070353563
0
1066944836
0
1071651980
3221225472
1071660590
2684354560
1072253540
1610612736
1071973613
3221225472
1067506984
0
1071091104
1073741824
1072558275
536870912
1070965020
2147483648
1070917104
2147483648
1072204267
3221225472
1069883826
2147483648
1066691092
0
1072394992
536870912
1072052517
2147483648
1070380921
0
1070349347
2147483648
1071337888
1073741824
1070465230
2147483648
1071214546
2147483648
1070746889
1073741824
1072310605
0
1072290909
0
1070369007
2147483648
1071434286
2147483648
1070556392
2147483648
1072095161
1073741824
1069463165
0
1069929382
0
1071516265
1073741824
1067894390
0
1072629085
3221225472
1068009090
0
1070847114
2147483648
1072402745
1610612736
1071250805
2147483648
1072256272
3221225472
1070984442
1073741824
1071274425
3221225472
1072512273
2684354560
1072512172
3758096384
1072396620
3758096384
1071585680
0
1072317936
1073741824
1069614590
0
1066945140
0
1069602135
2147483648
1071071065
3221225472
1070957174
2147483648
1072072237
536870912
1072660353
2684354560
1071958931
2147483648
1072546005
2684354560
1071497309
1073741824
1071784132
2147483648
1070046325
2147483648
1071885104
536870912
1072546736
1610612736
1072350027
536870912
1071982565
3221225472
1069701750
0
1072687917
1073741824
1072565186
2684354560
1072344722
2147483648
1072641395
0
1069227039
0
1071390782
3221225472
1071853168
3758096384
1071608310
1073741824
1072453190
2147483648
1070758777
0
1071461100
1073741824
1072693247
2684354560
54
