Uvec
2226355706
1069849439
0
1069187385
0
1072021695
536870912
1069292319
0
1070424164
0
1070218893
2147483648
1072097776
2147483648
1069886410
0
1072683042
2684354560
1072135848
1073741824
1072472788
1073741824
1072231108
1073741824
1072349314
1073741824
1070802351
3221225472
1072557506
0
1070492067
0
1070241615
2147483648
1069919039
2147483648
1067441996
0
1071617029
2147483648
1067894594
0
1072221324
2147483648
1070932605
2147483648
1072624584
3221225472
1067757864
0
1071644254
1073741824
1072415445
1073741824
1071790919
3758096384
1070994617
2147483648
1072131380
1073741824
1072393239
2684354560
1069760026
0
1072563407
3221225472
1072287075
1073741824
1067776234
0
1072149624
1073741824
1072264589
3758096384
1070398095
0
1070960032
2147483648
1071399771
0
1072360817
0
1070909782
3221225472
1072343191
1073741824
1071253841
3221225472
1071197906
1073741824
1071282472
0
1072652004
0
1071528838
0
1071217545
3221225472
1067641606
0
1071704218
2147483648
1071927240
1610612736
1059847168
0
1072309487
2684354560
1068333058
0
1072472322
1610612736
1070873123
0
1070103084
2147483648
1067747306
0
1072194425
3758096384
1072080539
536870912
1071160202
3221225472
1072347106
1610612736
1068881323
0
1072506630
3758096384
1072419465
2147483648
1072061973
2147483648
1072393593
3758096384
1067459568
0
1072230222
2147483648
1068638855
0
1071884246
3758096384
1072470435
2684354560
1072690335
3758096384
1071698850
1610612736
1071397938
0
1070315372
2147483648
1069527274
0
1070877276
0
1072344979
2147483648
1068621056
0
1069005836
0
1066666984
0
1071380400
0
1071673995
2684354560
1070167487
0
1069002614
0
1072377457
2147483648
1070483824
2147483648
1072105774
3221225472
1071976256
3221225472
1072495101
3221225472
1071308191
2147483648
1070205463
0
1071858479
1073741824
1071108476
0
1069171003
0
1072175345
0
1071461100
1073741824
1072693247
2684354560
93
