Uvec
2226355706
1067736226
0
1072633368
1610612736
1072415043
2147483648
1071412644
1073741824
1071083214
0
1072420424
1073741824
1069957270
2147483648
1071829170
1610612736
1070593773
0
1072343015
3221225472
1072536086
2684354560
1072428994
0
1072182920
2684354560
1071208215
3221225472
1072166144
2147483648
1072381754
0
1071584808
0
1072200634
2684354560
1069069372
0
1071986877
2147483648
1071007057
1073741824
1071221543
0
1071813174
3758096384
1065819744
0
1072300544
3221225472
1070875264
3221225472
1072348106
1610612736
1068615860
0
1072472217
1073741824
1070724878
2147483648
1070355159
2147483648
1072169511
1073741824
1070982736
2147483648
1071463871
3221225472
1071000537
2147483648
1072181945
3221225472
1071065119
0
1066117384
0
1072634170
0
1069325553
0
1070741763
3221225472
1070510936
2147483648
1071074151
0
1071277100
2147483648
1071048965
2147483648
1071863946
3221225472
1068631577
0
1071776790
2147483648
1071804396
3758096384
1072175192
0
1072528105
2147483648
1072393136
3221225472
1072274020
536870912
1071972563
0
1070656037
3221225472
1071594698
3221225472
1069245970
0
1071475417
1073741824
1071933118
536870912
1069689963
0
1072384224
1073741824
1071807516
3221225472
1067337980
0
1072465657
1073741824
1070801224
1073741824
1070059589
2147483648
1072455535
1610612736
1071720295
1073741824
1072522214
2147483648
1069182282
0
1070954986
1073741824
1070365737
0
1069623886
0
1069767217
0
1072653445
1073741824
1072300527
3758096384
1070947875
3221225472
1070643619
2147483648
1070694105
0
1072473029
536870912
1066871220
0
1067455530
0
1072464929
1073741824
1068424560
0
1066604600
0
1071005814
1073741824
1072049839
3221225472
1070921326
0
1070325408
0
1072017626
2147483648
1072521879
3221225472
1072661638
3758096384
1072287750
1610612736
1069339782
0
1072311979
3221225472
1071473899
0
1071611938
0
1071736247
3221225472
1071461100
1073741824
1072693247
2684354560
37
