Uvec
2226355706
1072422351
2147483648
1071753097
3758096384
1071997176
3758096384
1071142466
2147483648
1072183608
1073741824
1071315232
2147483648
1070361996
0
1071168720
3221225472
1072158918
2147483648
1071717295
3221225472
1071775253
536870912
1072375651
0
1071879949
2147483648
1071741856
0
1071681230
3221225472
1072557226
1073741824
1068796721
0
1070888141
2147483648
1071717366
1073741824
1069962308
0
1070071042
0
1071533047
2147483648
1069610827
2147483648
1070944935
2147483648
1072397595
2147483648
1067456554
0
1072237923
2684354560
1072056846
0
1069149232
0
1072586362
1073741824
1070539301
2147483648
1071916747
3221225472
1070597950
1073741824
1072040837
2147483648
1071421483
1073741824
1072431836
3758096384
1071096568
2147483648
1071245419
3221225472
1072118535
3758096384
1071365302
3221225472
1070661047
3221225472
1070606497
1073741824
1071143314
3221225472
1072371956
1610612736
1072648374
536870912
1072532551
1073741824
1070932258
0
1071530907
1073741824
1070154651
0
1072477741
0
1072651008
1610612736
1070644409
2147483648
1071854332
1610612736
1072295227
3221225472
1070884683
0
1071789633
2147483648
1070210034
2147483648
1071282062
1073741824
1064847424
0
1072276470
1610612736
1071790793
3758096384
1070798592
1073741824
1070536910
0
1072076340
1073741824
1072376590
2684354560
1070416668
2147483648
1071866166
2684354560
1072422417
3758096384
1072041443
3221225472
1071465783
0
1069112995
0
1070223660
0
1068788976
0
1068621717
0
1071553447
1073741824
1069127775
0
1072197608
2147483648
1071611850
0
1069861041
0
1069967025
0
1072391526
1073741824
1072499906
536870912
1072050202
2147483648
1069864847
0
1061387008
0
1072446337
2147483648
1072122285
2147483648
1072226467
2684354560
1071335666
1073741824
1067521476
0
1068920389
0
1068369684
0
1070715973
3221225472
1071532655
1073741824
1070202904
2147483648
1072658871
0
1071646553
1073741824
1072252586
1610612736
1071461100
1073741824
1072693247
2684354560
73
