Uvec
2226355706
1072407221
2684354560
1069951178
0
1072589973
2684354560
1071128260
0
1070631938
1073741824
1071533851
3221225472
1071225234
0
1071726944
0
1070296902
2147483648
1071485503
2147483648
1071302517
1073741824
1071635462
2147483648
1069490926
0
1072065205
2684354560
1071826139
3758096384
1069365547
0
1069693005
2147483648
1070644675
2147483648
1069822326
2147483648
1072049191
0
1071905884
536870912
1068681856
0
1069788363
2147483648
1071760937
0
1071783814
0
1072605919
2147483648
1071299740
2147483648
1069521394
0
1067698770
0
1071689613
3758096384
1072182309
2147483648
1070535214
0
1071969774
0
1070114306
0
1071410082
0
1072144685
1610612736
1070270064
0
1070941709
2147483648
1071122291
3221225472
1072327343
2684354560
1070140306
0
1070717300
0
1069734825
0
1071169719
0
1070779856
3221225472
1072111354
3221225472
1072239503
2147483648
1071884319
3221225472
1070827664
2147483648
1072649486
0
1072432061
3221225472
1071913916
1610612736
1070332679
0
1070882671
3221225472
1071401784
2147483648
1067832382
0
1072245652
3221225472
1071924365
536870912
1070678518
0
1072611410
2684354560
1067580452
0
1071865342
0
1071330706
3221225472
1066362784
0
1071554341
3221225472
1072470976
0
1072548798
1610612736
1072461281
536870912
1069839372
0
1071620345
2147483648
1072676585
1610612736
1071212272
0
1070714355
1073741824
1068524716
0
1071698191
3221225472
1070084243
2147483648
1069994278
0
1068845767
0
1071363799
1073741824
1070190568
0
1071928897
2147483648
1072622243
1610612736
1069921241
0
1070986285
1073741824
1071996323
0
1072483435
1073741824
1072692297
1610612736
1071353410
0
1070778418
3221225472
1071685457
3221225472
1071869898
536870912
1071978273
3758096384
1072119507
1073741824
1071555107
3221225472
1069635452
0
1069739041
0
1068610138
0
1071570251
3221225472
1071461100
1073741824
1072693247
2684354560
95
