Uvec
2226355706
1069933602
0
1072610805
0
1072574203
536870912
1067721314
0
1071874606
2684354560
1072175682
2147483648
1069057268
0
1071255541
0
1068824702
0
1070069512
2147483648
1071882471
0
1069801538
2147483648
1070089102
0
1068539634
0
1071482092
0
1072221600
536870912
1068556147
0
1071061607
1073741824
1069786145
2147483648
1071581494
2147483648
1070926451
2147483648
1072321281
1610612736
1071395497
1073741824
1072235782
2684354560
1071123537
2147483648
1071334583
1073741824
1071619449
0
1071668206
1610612736
1072395184
2684354560
1071066391
0
1068642216
0
1071336434
2147483648
1070181132
0
1071291878
1073741824
1071856418
1610612736
1072281916
1610612736
1072642998
3221225472
1072333709
0
1071229510
0
1072083006
2147483648
1070640829
0
1071329005
1073741824
1072248757
2147483648
1071365751
2147483648
1072599684
3221225472
1072678588
536870912
1072560209
3221225472
1071382724
1073741824
1072550735
2147483648
1072454962
536870912
1071135312
0
1071719209
3758096384
1071595162
1073741824
1070863148
2147483648
1071980239
3221225472
1070773156
1073741824
1067908358
0
1072371846
2147483648
1072354246
0
1072406961
1073741824
1070968006
1073741824
1065243216
0
1071024656
2147483648
1072126354
0
1070863751
0
1072617060
2147483648
1066718208
0
1072690446
0
1071585242
3221225472
1071707566
1073741824
1072238544
2147483648
1072318605
1610612736
1070946136
2147483648
1072633702
1073741824
1072588111
2684354560
1070371852
0
1072141359
0
1071720932
3758096384
1071173730
0
1070854432
2147483648
1071336472
3221225472
1071942060
3758096384
1072247577
2147483648
1072245990
0
1069266091
0
1067626456
0
1071434486
0
1071853385
0
1072093065
3221225472
1067643250
0
1071978111
2147483648
1072513244
1073741824
1071836015
3221225472
1071942916
3758096384
1070923297
3221225472
1072175181
3758096384
1071235330
3221225472
1070780391
3221225472
1071461100
1073741824
1072693247
2684354560
43
