Uvec
2226355706
1071987580
2684354560
1072657838
0
1066781984
0
1071178134
3221225472
1069694897
0
1069275863
0
1070194404
0
1071722458
3758096384
1072527952
2147483648
1070815429
3221225472
1070902457
2147483648
1072583393
0
1072172490
1073741824
1066695936
0
1072109782
0
1071772889
3758096384
1065278992
0
1072188718
2147483648
1072361260
1610612736
1071446752
0
1072496922
1073741824
1069804727
0
1072480544
3758096384
1071437087
1073741824
1070878650
0
1071595911
3221225472
1072018893
2684354560
1071668216
3221225472
1070538165
0
1072333259
3221225472
1070840567
1073741824
1071238668
1073741824
1072389275
0
1071980287
2684354560
1072221068
1610612736
1072434216
0
1071683231
2147483648
1067509298
0
1071989598
1073741824
1072385746
3758096384
1067485702
0
1068305630
0
1071101983
2147483648
1071666966
3758096384
1071775474
3758096384
1069973252
2147483648
1071905479
2147483648
1069474549
0
1069600850
0
1069685054
0
1070162941
0
1069973100
2147483648
1070039012
2147483648
1068804664
0
1070826001
1073741824
1069855451
0
1072144363
2147483648
1070981956
3221225472
1071996188
2684354560
1070672834
3221225472
1070190409
2147483648
1072331280
2147483648
1071674891
0
1072432954
3758096384
1071873138
1073741824
1072171538
1610612736
1071142188
2147483648
1071478239
2147483648
1071835500
536870912
1067977564
0
1070456992
0
1071927388
3758096384
1071683308
1073741824
1070885377
1073741824
1069686143
2147483648
1071938999
536870912
1071067605
0
1072017731
1610612736
1071782211
2684354560
1072405290
536870912
1071273849
0
1071795460
1073741824
1072590428
0
1072403674
3221225472
1070604944
3221225472
1071246728
1073741824
1067908498
0
1069854180
0
1070825857
1073741824
1069825373
0
1070114919
0
1069763100
2147483648
1072198485
1610612736
1071753104
3221225472
1071937830
536870912
1068089218
0
1071704766
1610612736
1071855907
2684354560
1071461100
1073741824
1072693247
2684354560
93
