Uvec
2226355706
1072084244
2684354560
1069798163
0
1068924630
0
1072058646
0
1072301538
1610612736
1071220143
1073741824
1072350881
1073741824
1070194536
2147483648
1070334932
2147483648
1072324507
2147483648
1070993107
1073741824
1071668459
2684354560
1071893535
3758096384
1070870873
0
1068756782
0
1071812726
0
1071725567
536870912
1071993563
3758096384
1071166172
3221225472
1070577816
2147483648
1069576810
2147483648
1071362653
2147483648
1072092800
1610612736
1072661872
3758096384
1065625656
0
1066848408
0
1069443805
0
1070132161
2147483648
1072614998
3221225472
1072528146
2147483648
1071279850
0
1071559958
3221225472
1070336613
0
1071780485
1610612736
1071721519
3758096384
1069356283
0
1072296420
536870912
1072267936
2684354560
1072503010
1610612736
1071041762
0
1069807619
2147483648
1070456107
2147483648
1072237915
1073741824
1072168653
0
1071751839
536870912
1070287395
0
1072183685
3758096384
1072390974
2147483648
1071842859
0
1071073164
1073741824
1066685196
0
1070941811
3221225472
1071868412
536870912
1072253806
3221225472
1069910759
0
1072122734
2684354560
1071552040
3221225472
1067628704
0
1072136148
3758096384
1071084530
3221225472
1071113128
0
1070928913
1073741824
1072254073
0
1072538248
2147483648
1070487416
0
1072529418
3758096384
1070054554
0
1071057049
3221225472
1071347753
1073741824
1071959591
2684354560
1071863424
2147483648
1065216512
0
1071122899
3221225472
1072557987
3758096384
1071959605
2684354560
1071073943
1073741824
1071555625
1073741824
1071684081
3221225472
1071542564
3221225472
1071659514
2147483648
1070058670
0
1071026201
2147483648
1071644615
3221225472
1071835045
2684354560
1071970357
0
1071549702
2147483648
1071710958
1073741824
1072136801
3221225472
1071132182
2147483648
1072435455
1073741824
1069561764
0
1067547990
0
1069049043
0
1071764385
0
1071939188
536870912
1067770114
0
1069440885
0
1072610352
2147483648
1071461100
1073741824
1072693247
2684354560
83
