Uvec
2226355706
1069246347
0
1070428619
0
1071351930
0
1070195153
0
1072689764
2684354560
1072591693
0
1071824741
3221225472
1072170966
2147483648
1072676871
3221225472
1070924310
1073741824
1072057442
1073741824
1069760414
0
1072229859
3758096384
1068318594
0
1070319159
2147483648
1071104684
1073741824
1070862960
1073741824
1069990840
0
1070438052
0
1070656506
3221225472
1071657964
0
1070966789
1073741824
1069857607
0
1071749105
0
1072126381
1073741824
1072127382
0
1069383595
0
1071509820
0
1066860664
0
1071870425
3221225472
1061528832
0
1069167419
0
1072263499
2147483648
1072541647
3758096384
1069143866
0
1071690322
2147483648
1071135037
3221225472
1072519234
3221225472
1072576924
0
1071595395
1073741824
1067916188
0
1072034425
0
1071938751
1073741824
1068974262
0
1071151624
0
1071935232
3221225472
1071337384
0
1071991088
1073741824
1071178495
3221225472
1071375039
0
1071866904
536870912
1072190800
1073741824
1066604396
0
1071872189
2147483648
1069960784
2147483648
1069902108
0
1069266177
0
1070730984
3221225472
1072415626
2147483648
1072594595
1073741824
1072557249
1610612736
1071737995
2684354560
1071174821
1073741824
1072598599
3221225472
1071212184
1073741824
1070694601
1073741824
1071086398
0
1067495148
0
1070205214
0
1072186991
0
1072367744
0
1070871380
0
1070319002
0
1072156063
2147483648
1070671113
2147483648
1071538140
2147483648
1072149560
0
1071601565
0
1071917141
3758096384
1072221401
536870912
1072593441
2684354560
1071656952
1610612736
1072524097
3758096384
1070514324
2147483648
1072223201
2147483648
1070621675
1073741824
1071862928
1610612736
1071647346
3221225472
1072212841
1073741824
1072323249
3221225472
1064343296
0
1070418393
2147483648
1069558599
2147483648
1072049944
3758096384
1072427135
2684354560
1068643205
0
1071644211
1073741824
1071830391
3221225472
1071461100
1073741824
1072693247
2684354560
47
