Uvec
2226355706
1072467137
2147483648
1072232945
2684354560
1070608609
2147483648
1066795644
0
1072117714
2684354560
1071779591
536870912
1066865324
0
1072397023
2684354560
1072075206
3221225472
1071985479
1610612736
1072070125
0
1071526071
0
1068771574
0
1072014322
2684354560
1072396586
1073741824
1072087482
2147483648
1072636360
2147483648
1072496881
1073741824
1072383417
0
1072080181
0
1070613124
0
1067051332
0
1071798531
2147483648
1071752339
536870912
1072560922
1610612736
1069816402
0
1071997165
536870912
1072318223
0
1072243528
536870912
1071231461
2147483648
1071309184
0
1072037541
3221225472
1072142013
0
1072686866
1073741824
1071829803
0
1071056027
0
1071351396
3221225472
1072619223
3758096384
1072095049
0
1072244789
3758096384
1071811135
0
1072037073
3221225472
1071930054
2684354560
1072111394
3221225472
1071763237
536870912
1072336546
536870912
1072332794
2684354560
1071818366
3221225472
1072214841
0
1072356969
3758096384
1069116606
0
1072282641
536870912
1071915178
2684354560
1071316271
1073741824
1072516311
2684354560
1071812122
536870912
1071984959
2684354560
1069907834
2147483648
1071192147
3221225472
1070439297
0
1071129216
1073741824
1072640612
2684354560
1069064366
0
1070921211
2147483648
1072162690
2684354560
1069869932
0
1072458301
3758096384
1068693537
0
1070666987
0
1071143657
2147483648
1069943289
0
1072284596
3758096384
1071142951
1073741824
1072562109
3221225472
1069788976
0
1072206641
0
1072418636
536870912
1066429948
0
1070798140
1073741824
1071930440
2147483648
1071441784
2147483648
1072626726
0
1072361655
3758096384
1072124044
2147483648
1069645194
0
1070744666
3221225472
1070503953
0
1066570688
0
1069000045
0
1068029882
0
1072279424
2147483648
1071876192
536870912
1066551704
0
1064753392
0
1072308302
2147483648
1069177024
0
1072322161
2684354560
1071772031
0
1071461100
1073741824
1072693247
2684354560
66
