Uvec
2226355706
1071916366
2147483648
1072579923
0
1070609450
2147483648
1071150764
1073741824
1071322396
1073741824
1070394923
0
1072385308
1610612736
1071196001
2147483648
1067672730
0
1070561458
2147483648
1069830297
2147483648
1070315182
0
1070875815
1073741824
1072511871
1073741824
1070726085
2147483648
1069321224
0
1072088167
536870912
1069287243
0
1070789928
1073741824
1067104472
0
1069711428
2147483648
1071193758
2147483648
1068602863
0
1072053762
3758096384
1071499801
0
1068599117
0
1065548416
0
1071848560
2147483648
1069599951
0
1069628751
0
1072293350
2147483648
1062338048
0
1072042415
1073741824
1072409303
1610612736
1071772875
536870912
1072622479
2147483648
1069182233
0
1071446694
0
1071043386
3221225472
1071862718
2147483648
1071584903
0
1072169997
3221225472
1071775465
3221225472
1071508510
2147483648
1071713372
3221225472
1068962588
0
1064328384
0
1071863051
2147483648
1071083339
1073741824
1067088296
0
1064671680
0
1071944763
2684354560
1072067591
1610612736
1071776133
1610612736
1068742504
0
1071926563
3758096384
1072451711
3758096384
1071663458
3221225472
1072502926
2684354560
1070676243
0
1071495291
2147483648
1071339129
1073741824
1072387983
1610612736
1070305717
0
1071866175
536870912
1071884570
2684354560
1071042187
0
1070747521
1073741824
1070640183
1073741824
1070100704
2147483648
1071956270
1610612736
1070825199
2147483648
1070874721
3221225472
1071560315
2147483648
1070414998
0
1070169270
2147483648
1072174746
3221225472
1072534043
2684354560
1072293853
1073741824
1070726040
3221225472
1072675966
3758096384
1072594742
3221225472
1072343888
1073741824
1070071632
0
1069959851
2147483648
1072381372
3758096384
1069358118
0
1072584622
1073741824
1072689186
2684354560
1068063208
0
1070946008
2147483648
1072100176
2684354560
1072484283
1610612736
1072459473
2684354560
1070268053
0
1071929207
1610612736
1070093342
0
1072569180
0
1071461100
1073741824
1072693247
2684354560
69
