Uvec
2226355706
1072043472
536870912
1069391161
0
1071840488
2147483648
1072066783
2147483648
1071880098
0
1071797935
2684354560
1070308323
0
1070243453
0
1072671231
1610612736
1072225151
0
1069149457
0
1069552959
2147483648
1071940871
536870912
1072467539
1610612736
1072658992
3758096384
1072205704
0
1071747777
0
1071655427
536870912
1069266147
0
1069720284
2147483648
1072220723
536870912
1069928208
0
1072465836
3221225472
1069035130
0
1072558013
536870912
1072437938
1073741824
1072175487
3221225472
1072642345
2684354560
1068594463
0
1072276728
1073741824
1072067396
536870912
1072383840
0
1071563486
2147483648
1072285024
536870912
1071690525
2147483648
1066879572
0
1068059112
0
1071865583
1073741824
1070075213
2147483648
1072653964
2147483648
1070142991
0
1064346336
0
1070047637
2147483648
1069233034
0
1072276937
3221225472
1071958881
3758096384
1069024318
0
1069607346
2147483648
1072204175
2684354560
1069126547
0
1071034859
0
1072358364
1610612736
1063710048
0
1068911490
0
1072478678
3221225472
1071075698
2147483648
1072462089
1073741824
1071782821
2147483648
1072443127
3758096384
1069959861
2147483648
1070956206
0
1072037244
3221225472
1070292990
2147483648
1066342744
0
1071368918
1073741824
1072676617
1610612736
1070709130
2147483648
1071707285
536870912
1070501753
0
1071727165
1073741824
1072015362
3758096384
1068540887
0
1070814427
0
1072065744
3221225472
1068832922
0
1072299086
3221225472
1071083984
2147483648
1070795874
1073741824
1070115155
0
1071277172
0
1071722884
1610612736
1070699947
0
1071267960
0
1072391131
3758096384
1070455955
2147483648
1072358629
2684354560
1071682026
2684354560
1067596332
0
1071139191
2147483648
1071424437
2147483648
1072024470
2684354560
1072087925
3221225472
1071266774
2147483648
1072569444
2684354560
1072076025
1610612736
1072433495
3758096384
1072572848
536870912
1071028262
1073741824
1071461100
1073741824
1072693247
2684354560
29
