Uvec
2226355706
1072669987
1610612736
1072294104
2684354560
1071354358
3221225472
1064849536
0
1072428564
2684354560
1071296175
0
1070944297
2147483648
1072496488
2684354560
1068994162
0
1072453525
0
1069953716
2147483648
1071714481
0
1072497306
2684354560
1071913169
2684354560
1069430271
0
1072307834
536870912
1072106633
536870912
1071762123
2684354560
1067798442
0
1072235969
2147483648
1070378363
0
1071174577
0
1072077094
1073741824
1072043754
2684354560
1070158840
2147483648
1072153583
536870912
1069964254
2147483648
1070880320
1073741824
1070172556
0
1070938346
3221225472
1071605072
3221225472
1071806253
3221225472
1071843646
2147483648
1071847316
2684354560
1070237715
0
1071782602
536870912
1072221174
2684354560
1071757593
1610612736
1072206773
0
1072263653
3221225472
1072680849
536870912
1071803912
1610612736
1072073830
2684354560
1069789616
0
1071268909
3221225472
1071136273
2147483648
1071085214
2147483648
1070981782
3221225472
1072572791
0
1068934597
0
1071698974
3758096384
1072541950
3758096384
1069327308
0
1070184023
0
1070234011
2147483648
1069102240
0
1069547774
0
1072004451
536870912
1071813572
0
1071376145
0
1072409028
2684354560
1069774003
0
1071021971
3221225472
1072379662
2684354560
1072631498
2684354560
1071758176
2684354560
1071985338
3758096384
1068501741
0
1071794278
1610612736
1071842668
2684354560
1070279830
2147483648
1072360121
1610612736
1070910735
1073741824
1072407487
3758096384
1071880797
2684354560
1069113247
0
1066860128
0
1070186117
0
1068621374
0
1072040380
3221225472
1072372201
0
1071279127
3221225472
1071694061
2147483648
1070792981
0
1069938694
2147483648
1070519341
2147483648
1071976672
0
1071820490
1073741824
1072660706
1610612736
1071755027
2684354560
1071746908
1610612736
1072186101
3221225472
1070868502
2147483648
1072354166
0
1070085008
2147483648
1072535026
0
1069709512
0
1071994025
3221225472
1071461100
1073741824
1072693247
2684354560
72
