Uvec
2226355706
1072679336
2684354560
1071591377
2147483648
1072075254
1073741824
1071775264
1610612736
1071031628
2147483648
1070051438
0
1071937527
2147483648
1072370867
536870912
1071985011
536870912
1071054657
0
1072672338
3758096384
1068512655
0
1070635654
1073741824
1068513656
0
1071544279
2147483648
1070415240
2147483648
1072262380
2684354560
1072582048
536870912
1071698409
1073741824
1070259189
0
1071454547
3221225472
1071759564
0
1071471539
1073741824
1072177781
3758096384
1066564352
0
1071501662
0
1069212752
0
1068206612
0
1071949452
1610612736
1072338952
3758096384
1072337433
1073741824
1072576024
3221225472
1071965887
536870912
1069974846
2147483648
1072108664
2684354560
1070369774
0
1070855418
0
1069066624
0
1071148218
0
1071020477
1073741824
1070402918
2147483648
1070961031
3221225472
1072112341
536870912
1070331274
2147483648
1069467367
0
1071858136
1610612736
1071683307
536870912
1070651516
0
1072617390
0
1070407854
0
1066565048
0
1072358327
1610612736
1071438910
2147483648
1068269668
0
1072197146
3221225472
1072240168
3758096384
1072259583
536870912
1070484107
0
1072613539
0
1068277106
0
1070143372
0
1066753004
0
1072416901
1610612736
1070464259
2147483648
1072471596
536870912
1070350868
0
1070658091
2147483648
1071968422
536870912
1070331586
0
1072094128
2684354560
1072656221
3758096384
1069850258
0
1072504849
0
1070616934
2147483648
1071427122
1073741824
1072499781
2147483648
1070758700
2147483648
1071650492
3221225472
1069928662
2147483648
1071693949
0
1071723320
2147483648
1070917234
1073741824
1072615518
2684354560
1072203240
2147483648
1070773305
1073741824
1070950221
0
1071324204
2147483648
1072381784
0
1067321572
0
1071888968
2147483648
1071880190
1610612736
1072230154
2147483648
1072637958
0
1070850734
0
1071957888
2147483648
1070612410
1073741824
1068976350
0
1065670720
0
1071461100
1073741824
1072693247
2684354560
92
