Uvec
2226355706
1072628536
1073741824
1072456294
536870912
1069982743
2147483648
1071014489
0
1069198114
0
1070935687
3221225472
1071694979
3758096384
1070821091
3221225472
1071919685
3758096384
1070167573
2147483648
1072654503
1073741824
1068855475
0
1072618482
3221225472
1072470599
3221225472
1072288693
0
1072401383
3758096384
1071599803
2147483648
1071344506
2147483648
1067619990
0
1072568990
1073741824
1071764933
1610612736
1072020633
2147483648
1071190670
2147483648
1072315856
3221225472
1071090248
2147483648
1072158889
1073741824
1072620391
1073741824
1071011102
3221225472
1071003175
0
1072162878
3758096384
1072581691
2147483648
1071448679
1073741824
1071228646
1073741824
1071766008
1073741824
1071879961
2684354560
1070761517
2147483648
1068664675
0
1072433608
536870912
1071780026
1073741824
1072433402
1610612736
1070728630
1073741824
1072420462
0
1070256295
0
1068651643
0
1065447208
0
1071391000
3221225472
1071987073
2684354560
1071711989
0
1072182102
2147483648
1071621976
1073741824
1072165815
1610612736
1070049741
2147483648
1072647645
3221225472
1067074996
0
1072235391
1073741824
1071844740
1073741824
1067887908
0
1072295321
1073741824
1072617552
2684354560
1072487876
1073741824
1071047610
2147483648
1067703220
0
1070170599
2147483648
1072174025
0
1071373686
1073741824
1070715043
2147483648
1067625994
0
1070383033
2147483648
1071450680
0
1070782720
3221225472
1070608905
2147483648
1072141850
1610612736
1072355469
2147483648
1072575075
2684354560
1072058577
2147483648
1070097405
0
1065498040
0
1072278696
1610612736
1068702215
0
1072180654
1610612736
1071094197
0
1072434570
3758096384
1072306975
2684354560
1072667700
1610612736
1071250251
2147483648
1071658312
3221225472
1070884572
1073741824
1070219677
0
1071806726
2147483648
1070832976
1073741824
1067660090
0
1071896922
3758096384
1069124199
0
1068948281
0
1069780654
0
1068439176
0
1072034238
536870912
1072515493
0
1071461100
1073741824
1072693247
2684354560
5
