Uvec
2226355706
1071933411
1073741824
1072513494
536870912
1068480670
0
1070717870
1073741824
1069347887
0
1072116460
2684354560
1071254438
1073741824
1071768139
536870912
1072274200
1073741824
1070769184
0
1071372590
0
1072099666
3221225472
1071871072
0
1068050486
0
1071468690
1073741824
1071469504
1073741824
1070138828
2147483648
1072662001
1073741824
1072571912
2684354560
1072173742
3758096384
1069748130
2147483648
1072558631
1610612736
1071628263
2147483648
1068254444
0
1069048980
0
1072076869
3221225472
1072392888
536870912
1072123577
2684354560
1072449032
3758096384
1071913754
1610612736
1072670273
2684354560
1070522143
2147483648
1072419117
3758096384
1072066479
1073741824
1069654176
0
1070704960
3221225472
1070455757
2147483648
1070639991
1073741824
1070918767
2147483648
1072211305
2147483648
1071730981
2147483648
1072209840
0
1072599349
536870912
1071962293
2684354560
1071918315
1610612736
1066534792
0
1070056136
0
1070888266
0
1072581854
2684354560
1070969404
0
1072257717
536870912
1067501076
0
1071983704
1073741824
1072626334
536870912
1072561966
1073741824
1069370448
0
1072689144
0
1072665670
2147483648
1071436886
1073741824
1069941787
0
1070074244
2147483648
1070887566
1073741824
1072257628
1073741824
1071007209
0
1070210111
2147483648
1071371373
3221225472
1072010357
2147483648
1072487725
3758096384
1071290189
0
1072223275
2684354560
1070279264
2147483648
1072476563
2147483648
1072431500
2147483648
1072331656
2684354560
1070766626
3221225472
1071867201
2147483648
1072437857
2684354560
1072068534
1610612736
1072628934
1610612736
1072335127
536870912
1069153957
0
1071910359
2147483648
1070346929
2147483648
1071907639
3758096384
1071488206
3221225472
1071754213
3758096384
1071807673
0
1069368846
0
1072355355
2147483648
1072127744
2147483648
1071649130
1610612736
1063652256
0
1072255046
3221225472
1072393702
2684354560
1067501422
0
1072631091
2147483648
1072138053
1073741824
1072643308
2147483648
1071461100
1073741824
1072693247
2684354560
28
