Uvec
2226355706
1071739015
1610612736
1071222891
1073741824
1072533919
0
1072552633
0
1072382899
536870912
1071732584
2684354560
1069264456
0
1071183736
3221225472
1072407666
1073741824
1071792523
536870912
1065537640
0
1071935866
2684354560
1072644690
2147483648
1070930465
0
1066371976
0
1072449362
0
1072093594
2147483648
1068692292
0
1072132487
1073741824
1072324759
3221225472
1071979545
1073741824
1070603865
0
1070685695
0
1071776663
1610612736
1072150455
1610612736
1070034669
0
1069878180
0
1069718157
2147483648
1070845020
3221225472
1071254532
0
1071621092
3221225472
1072269319
3758096384
1070982731
0
1072554500
1073741824
1068955100
0
1071239630
0
1072489743
536870912
1072446985
3221225472
1071279387
3221225472
1071603441
1073741824
1072257701
2147483648
1071350005
3221225472
1071756633
1073741824
1070303459
0
1070312190
2147483648
1071404543
3221225472
1070902422
1073741824
1070070402
2147483648
1072095464
3221225472
1072679353
0
1072482176
536870912
1072298700
2684354560
1071375737
3221225472
1069087576
0
1071121270
1073741824
1072225490
1073741824
1072144030
1073741824
1071170689
1073741824
1072571184
536870912
1068643706
0
1072107894
536870912
1072388964
0
1065914640
0
1072632701
1073741824
1071144371
0
1071743429
2147483648
1072497733
2147483648
1072672187
1610612736
1072491842
1610612736
1071688599
3221225472
1070177676
0
1072052656
2147483648
1070834843
2147483648
1071958371
1610612736
1071477015
2147483648
1070738114
3221225472
1072582729
2684354560
1072255776
2684354560
1070170665
0
1068910548
0
1071997776
536870912
1072158994
3758096384
1072266377
3758096384
1071504887
2147483648
1070528243
2147483648
1072600646
2684354560
1071001563
2147483648
1069837898
0
1072036855
3758096384
1069685066
2147483648
1070631749
1073741824
1072104382
2684354560
1071454770
2147483648
1072158630
1073741824
1071718096
536870912
1071577344
1073741824
1072188438
3758096384
1071999837
536870912
1071461100
1073741824
1072693247
2684354560
59
