Uvec
2226355706
1071269144
3221225472
1072262564
0
1072178854
3221225472
1072184562
3758096384
1071598698
1073741824
1072363751
2147483648
1071312004
2147483648
1070701088
2147483648
1072086806
536870912
1064410304
0
1071671550
536870912
1072052423
0
1072546111
536870912
1070287593
0
1071265534
1073741824
1069658597
0
1071911485
1610612736
1071740546
0
1071114271
3221225472
1072033787
3758096384
1070598903
0
1070871447
1073741824
1070865778
2147483648
1070273546
2147483648
1065978792
0
1072433446
1073741824
1072075663
1610612736
1072584702
2684354560
1070833460
1073741824
1072669768
1073741824
1072332219
0
1070676180
3221225472
1066534296
0
1064915088
0
1072105886
0
1067547524
0
1068679258
0
1067652318
0
1072133988
3221225472
1072041510
1073741824
1072680951
0
1071867857
3221225472
1069004796
0
1072690833
536870912
1072426284
1610612736
1071893890
3758096384
1071850711
0
1072354558
0
1072330292
3221225472
1070636000
2147483648
1069456270
0
1066613396
0
1070436273
2147483648
1072005764
3758096384
1070971924
0
1072214371
3221225472
1072241422
1610612736
1072627288
1073741824
1068703207
0
1070798657
1073741824
1071251882
0
1072291023
2684354560
1069671243
0
1067577520
0
1072626744
1073741824
1068759724
0
1071932753
3758096384
1072682437
2147483648
1072274536
1073741824
1072413763
3221225472
1071398025
2147483648
1062649280
0
1072318951
536870912
1071316970
0
1071973431
3758096384
1070511141
2147483648
1071654639
3758096384
1071845601
2684354560
1068642906
0
1071953121
536870912
1070206284
2147483648
1072358976
0
1070760667
0
1072280583
3221225472
1072230069
536870912
1072089898
1610612736
1071986008
3758096384
1072137582
2147483648
1072611128
1073741824
1069240459
0
1071415981
2147483648
1072365305
1073741824
1071357585
1073741824
1071777131
0
1072199097
2684354560
1071943638
1610612736
1072417035
3221225472
1070825269
3221225472
1071461100
1073741824
1072693247
2684354560
31
