Uvec
2226355706
1072157750
1610612736
1072052232
1073741824
1066906184
0
1072575745
1610612736
1071671083
2684354560
1070225318
0
1072483911
3758096384
1071896360
2684354560
1071247630
2147483648
1071720568
3221225472
1069959418
2147483648
1071952526
2684354560
1066883144
0
1071018201
3221225472
1070277141
2147483648
1070700515
2147483648
1072585473
0
1071838677
3758096384
1072253092
1610612736
1071614251
2147483648
1070758513
2147483648
1070604295
3221225472
1071024272
1073741824
1072536249
0
1072524413
1073741824
1071981690
0
1068756387
0
1071879611
0
1065474048
0
1071590960
3221225472
1069678613
2147483648
1070958605
0
1071509924
2147483648
1072609137
1610612736
1071113036
2147483648
1071669768
2684354560
1071730618
1610612736
1071079908
0
1071177802
0
1071621576
3221225472
1071991197
2684354560
1072191671
536870912
1070946484
0
1071935703
3221225472
1072073395
0
1070618491
0
1071331300
0
1069036472
0
1072427616
3221225472
1071895317
1610612736
1068027050
0
1072103997
3758096384
1072143526
1610612736
1071587971
0
1071290346
0
1071598183
1073741824
1071959785
536870912
1071867153
2684354560
1072599751
536870912
1071399465
2147483648
1064989840
0
1070413431
2147483648
1070760121
1073741824
1072554798
2684354560
1071911157
2684354560
1072176576
536870912
1071787484
3221225472
1072394753
3758096384
1070341039
2147483648
1071679322
3221225472
1070775502
3221225472
1072370305
3221225472
1070878807
2147483648
1071385822
2147483648
1071841246
536870912
1070168395
0
1069613476
0
1069742082
0
1071997706
2147483648
1071478167
0
1072529465
3758096384
1071482019
3221225472
1066702052
0
1071853637
2147483648
1072288507
1073741824
1068747308
0
1072311790
3758096384
1069722535
2147483648
1069842225
2147483648
1072153263
2147483648
1072258699
2147483648
1071021156
1073741824
1072497365
1610612736
1070623388
2147483648
1070174310
2147483648
1072466737
2147483648
1072238453
3221225472
1070673056
1073741824
1071461100
1073741824
1072693247
2684354560
17
