Uvec
2226355706
1069576003
2147483648
1072520691
1073741824
1072097282
1073741824
1071753599
3221225472
1071060351
0
1069662420
0
1070785990
3221225472
1068252068
0
1070963857
3221225472
1071328653
2147483648
1071988908
1073741824
1072226424
536870912
1071935155
3221225472
1072344225
2147483648
1070158637
0
1072055922
3221225472
1071712029
3758096384
1069739310
0
1072314731
536870912
1070732993
2147483648
1072604966
3758096384
1071035948
1073741824
1070851940
2147483648
1072403491
536870912
1069568964
0
1072239341
1073741824
1071351661
2147483648
1072511536
2147483648
1069765833
0
1071277495
0
1072490460
536870912
1072311912
0
1072329459
3758096384
1071555752
0
1063471840
0
1068097814
0
1068145846
0
1070390951
2147483648
1071071855
1073741824
1067495558
0
1071753347
2684354560
1068900962
0
1068810290
0
1069225588
0
1072590345
2147483648
1069855525
0
1071479849
0
1071851877
2147483648
1069967823
0
1071214624
2147483648
1072227421
3758096384
1070928153
3221225472
1071262355
1073741824
1071149350
3221225472
1069310109
0
1072460467
536870912
1072415198
3221225472
1069033042
0
1067691028
0
1069552308
0
1068761652
0
1072412658
2147483648
1072364501
2684354560
1072386320
0
1070450693
2147483648
1071914887
3758096384
1070693294
2147483648
1069463534
0
1072536879
2147483648
1071337232
1073741824
1072288157
0
1070600575
0
1069656109
0
1072300681
2684354560
1072678636
2684354560
1071520546
0
1072660409
536870912
1070949968
0
1071799408
2147483648
1069222407
0
1063560064
0
1066458664
0
1071370395
3221225472
1072508011
2147483648
1066919144
0
1071152967
2147483648
1072074680
2147483648
1071927709
1073741824
1072108130
3221225472
1071902878
3221225472
1071441399
1073741824
1067612452
0
1072637930
2684354560
1072612109
1610612736
1069021932
0
1071081061
0
1072264429
0
1071091622
3221225472
1071461100
1073741824
1072693247
2684354560
63
