Uvec
2226355706
1071062090
1073741824
1072428386
1610612736
1072685584
536870912
1072220491
1610612736
1072529881
1610612736
1072505674
1610612736
1071980478
1073741824
1072137130
3758096384
1071406626
2147483648
1069788559
2147483648
1069845671
0
1072525712
2147483648
1072426240
0
1071830008
2147483648
1071868236
1073741824
1071491618
3221225472
1071898954
1610612736
1070477186
0
1071963388
2147483648
1068972528
0
1070671204
3221225472
1071467492
1073741824
1071337647
1073741824
1068613271
0
1066637948
0
1069996827
0
1070261430
0
1071304322
1073741824
1070670743
2147483648
1071064973
2147483648
1067566092
0
1070608744
3221225472
1072596001
3221225472
1072141024
1073741824
1070302717
2147483648
1071653554
2684354560
1069333350
0
1071105425
3221225472
1071789707
1073741824
1070896025
2147483648
1070639674
1073741824
1072120000
2684354560
1069440117
0
1070734219
1073741824
1070530918
2147483648
1071886716
2684354560
1071657928
3758096384
1072631736
0
1072462989
3758096384
1072298968
1073741824
1072603008
2684354560
1070478220
0
1071761167
1073741824
1071920335
3221225472
1072384372
2147483648
1071215893
0
1072463480
2147483648
1072237838
1610612736
1071714161
3758096384
1070846539
0
1072047905
3221225472
1068578728
0
1072637410
2147483648
1070109184
2147483648
1069548868
2147483648
1071311560
0
1072090969
536870912
1071796883
0
1072318109
2684354560
1069756392
0
1072346250
2147483648
1071649137
1610612736
1072345645
2684354560
1072357735
3221225472
1070273723
2147483648
1071073416
2147483648
1071578244
3221225472
1072463381
1610612736
1071750455
1073741824
1071386340
1073741824
1071913052
3221225472
1072103822
536870912
1072193226
536870912
1072420632
2684354560
1071599331
1073741824
1072052912
2147483648
1071905783
3221225472
1071272654
0
1069743832
0
1071860067
2684354560
1072098826
1610612736
1070373635
2147483648
1072048134
2684354560
1071789218
2684354560
1068591447
0
1071035048
3221225472
1067656148
0
1069381493
0
1071461100
1073741824
1072693247
2684354560
94
