Uvec
2226355706
1071292567
2147483648
1072642871
1610612736
1068011252
0
1072625679
2684354560
1068403034
0
1072362892
536870912
1071377375
2147483648
1072538996
3758096384
1072347181
536870912
1066365704
0
1072457460
3221225472
1070783972
2147483648
1070333869
0
1071906119
1610612736
1072132603
3758096384
1071877624
0
1068958207
0
1071230820
2147483648
1070643779
3221225472
1071836118
2684354560
1072167320
2684354560
1071838891
1610612736
1072668236
1610612736
1071572930
0
1071890925
3758096384
1072647071
2147483648
1068066600
0
1071866657
3758096384
1068880094
0
1068138642
0
1072105310
2147483648
1071836593
2684354560
1071404387
3221225472
1071184169
2147483648
1072113420
0
1072082447
3758096384
1068994961
0
1072197850
1610612736
1068621225
0
1071250637
2147483648
1070254474
2147483648
1072366391
3758096384
1070227612
0
1071451637
0
1069154193
0
1070271750
2147483648
1072620448
1610612736
1071906532
536870912
1071457772
0
1068718321
0
1071819653
536870912
1072161555
1073741824
1070651824
0
1071849022
1610612736
1071891789
536870912
1067997068
0
1072412118
3221225472
1071940138
0
1070165381
0
1071232738
3221225472
1072044230
3758096384
1072461076
1073741824
1072349520
2684354560
1072138012
3758096384
1072179496
3758096384
1071680650
3758096384
1069503050
0
1071100322
0
1071183632
2147483648
1070182537
0
1072443929
1073741824
1070891792
0
1071811770
2147483648
1070467045
2147483648
1068793943
0
1069764665
2147483648
1071985103
536870912
1072605516
0
1070579664
0
1072385188
536870912
1071225151
3221225472
1072375235
1610612736
1069668400
2147483648
1072042256
2684354560
1069141214
0
1070818970
1073741824
1071922374
0
1072143578
3758096384
1070214061
2147483648
1071827456
0
1068345768
0
1070819907
1073741824
1072619189
1610612736
1071778178
1610612736
1069553730
0
1070027783
0
1072330021
2684354560
1070512647
2147483648
1071461100
1073741824
1072693247
2684354560
79
