Uvec
2226355706
1070741151
0
1070549074
2147483648
1071155633
3221225472
1071890512
1610612736
1072513747
3758096384
1071708454
3758096384
1070989215
3221225472
1070766242
2147483648
1070283862
0
1066698904
0
1072500909
2147483648
1072677754
2684354560
1072488800
2147483648
1072043557
0
1071802607
2684354560
1072189778
0
1072543445
1610612736
1071758599
2684354560
1071886540
3221225472
1070200526
2147483648
1070932350
3221225472
1069778616
2147483648
1069978356
0
1072518618
1610612736
1072432690
536870912
1072557994
1073741824
1072598128
3221225472
1070368589
2147483648
1071119946
0
1069653437
0
1072200037
2684354560
1071761604
2147483648
1072635932
536870912
1071694504
2147483648
1072423198
1073741824
1072366129
0
1072617359
1610612736
1071042679
1073741824
1071447714
2147483648
1071829281
1610612736
1072339830
1610612736
1072083319
0
1071694562
0
1071796687
3221225472
1070132977
0
1072344459
0
1071765998
536870912
1069587103
2147483648
1069820152
0
1072548274
2147483648
1070439360
2147483648
1072106064
1073741824
1072557666
3758096384
1072555740
3221225472
1072345761
536870912
1072285030
2684354560
1071058362
2147483648
1071703270
1073741824
1071061788
3221225472
1072516267
1073741824
1072232599
3758096384
1069905188
0
1071306134
3221225472
1072059887
3758096384
1072377238
1073741824
1072092601
2147483648
1068853626
0
1071661253
2684354560
1072460999
536870912
1070742503
0
1071359459
3221225472
1071466136
1073741824
1071978357
1610612736
1071825903
2147483648
1071072262
3221225472
1068227838
0
1068303144
0
1072670759
536870912
1072235463
1610612736
1070622500
1073741824
1072254635
2147483648
1072169468
1610612736
1070627207
3221225472
1068986982
0
1070282660
2147483648
1070284641
0
1068985929
0
1068853912
0
1071322929
3221225472
1071212870
3221225472
1068683932
0
1071665429
3758096384
1072196447
0
1071736983
0
1072607897
2147483648
1070771982
0
1068992809
0
1071271311
1073741824
1071461100
1073741824
1072693247
2684354560
42
