Uvec
2226355706
1069993643
2147483648
1072273891
2684354560
1070310573
2147483648
1067576000
0
1072303268
2684354560
1071990394
536870912
1070935561
2147483648
1070534152
0
1071391048
0
1072612449
2147483648
1071818199
536870912
1072063674
0
1071730379
3221225472
1067926120
0
1071100584
3221225472
1070823570
0
1072194085
1073741824
1070813525
3221225472
1072454665
2684354560
1070203869
0
1071243421
2147483648
1072193613
0
1068589841
0
1072387835
3758096384
1063318880
0
1071673093
3221225472
1070680904
1073741824
1069883719
2147483648
1072587206
3758096384
1070371982
2147483648
1064079808
0
1071995123
2684354560
1069888323
0
1071273196
2147483648
1072133615
2684354560
1071508745
0
1071366174
1073741824
1072061863
0
1071983432
2684354560
1071261696
3221225472
1071719987
2147483648
1071871918
2147483648
1070171589
2147483648
1071942693
0
1071934751
536870912
1069733472
0
1069273777
0
1068605367
0
1070923876
2147483648
1071599802
1073741824
1070099166
0
1071773905
536870912
1071534147
0
1071159841
2147483648
1071504259
2147483648
1071590380
2147483648
1068926335
0
1072423494
536870912
1070734610
1073741824
1071582545
1073741824
1072686439
2684354560
1071772020
1610612736
1071939134
536870912
1071918248
2684354560
1071824373
1073741824
1071327454
0
1071743913
1073741824
1070913662
2147483648
1071209932
2147483648
1069899179
0
1071141725
3221225472
1069981794
2147483648
1061300864
0
1071007010
1073741824
1072606010
3221225472
1072065493
3221225472
1072317898
2684354560
1072269188
3221225472
1070602613
1073741824
1070702556
0
1071054470
2147483648
1070533023
0
1072568024
1073741824
1070939378
1073741824
1071883773
3221225472
1072127381
0
1072551386
3221225472
1071846985
0
1072403929
1073741824
1071075255
2147483648
1072075732
2147483648
1067486886
0
1068946923
0
1071708772
1073741824
1071628253
1073741824
1071951367
3758096384
1070878513
0
1071963521
536870912
1071461100
1073741824
1072693247
2684354560
1
