Uvec
2226355706
1069276245
0
1071562495
0
1072151472
3221225472
1063957664
0
1071060387
2147483648
1071066173
2147483648
1071992661
536870912
1065124800
0
1071884447
1073741824
1071865320
0
1071890629
0
1067089492
0
1071870624
536870912
1071704261
1073741824
1071485382
1073741824
1071221103
1073741824
1071926494
3221225472
1072482219
1073741824
1069748005
2147483648
1069570624
2147483648
1066078416
0
1072489631
2147483648
1071937441
0
1068542542
0
1072446996
536870912
1071823225
536870912
1072327857
2684354560
1072138848
1073741824
1070141516
2147483648
1071790278
1073741824
1072036611
1073741824
1069948363
2147483648
1072060273
0
1071690770
3221225472
1071545994
2147483648
1067087316
0
1071191304
0
1071745544
2684354560
1069697453
2147483648
1071942752
1610612736
1069990781
2147483648
1070921230
0
1068287034
0
1072048175
3758096384
1069612838
0
1071895552
2147483648
1069947488
2147483648
1071365988
0
1071588040
1073741824
1070403672
0
1071923595
1073741824
1071763962
0
1071986830
1073741824
1068042408
0
1072233769
3758096384
1070782783
1073741824
1071973135
0
1071874101
536870912
1069219024
0
1072120264
536870912
1072483788
2684354560
1072301647
1610612736
1072036166
1610612736
1071855405
3758096384
1071650693
2684354560
1071168498
0
1070957634
3221225472
1071875989
536870912
1071497846
1073741824
1070947461
3221225472
1071796849
0
1071026020
1073741824
1072398081
2147483648
1072627024
536870912
1071752721
1610612736
1072052618
536870912
1071325940
0
1072532862
3758096384
1070160858
2147483648
1070958788
0
1071884009
3758096384
1063611200
0
1071561051
2147483648
1071073830
2147483648
1071896836
0
1070554604
0
1072320409
536870912
1071005147
3221225472
1071003503
1073741824
1071127972
3221225472
1072669893
2684354560
1071170689
1073741824
1072342571
2684354560
1072194265
2147483648
1064313840
0
1071584008
1073741824
1072378845
3221225472
1072272917
3758096384
1071461100
1073741824
1072693247
2684354560
27
