Uvec
2226355706
1069212293
0
1072683193
1073741824
1072447428
2684354560
1072157327
1610612736
1072580789
1073741824
1072536119
3221225472
1072255120
2147483648
1071633577
1073741824
1072464114
3758096384
1071145509
3221225472
1068143600
0
1071038053
0
1068656389
0
1072513158
2147483648
1070982317
3221225472
1070743091
0
1072390091
3758096384
1070431145
0
1070716084
1073741824
1072021606
2147483648
1072521237
2684354560
1072442386
2147483648
1071646894
2147483648
1072497580
3221225472
1071653332
0
1072016058
2147483648
1071466270
0
1072286867
1073741824
1071044000
2147483648
1071663602
536870912
1071808576
1073741824
1065514464
0
1072211746
536870912
1072652542
0
1069438276
0
1072587599
1073741824
1071859228
2147483648
1071768208
536870912
1072522911
1610612736
1071514207
3221225472
1069688607
2147483648
1071694330
3758096384
1072163598
0
1066352600
0
1071303991
0
1070935668
0
1071119961
1073741824
1070873828
2147483648
1065112144
0
1069325040
0
1070556103
2147483648
1071297768
1073741824
1072152367
0
1071196464
0
1071954475
3221225472
1071998260
536870912
1072058097
0
1072448570
0
1072041379
1610612736
1070439877
2147483648
1072686262
2147483648
1071831675
1073741824
1071918508
2684354560
1070961469
2147483648
1069805932
0
1072672180
2684354560
1071515973
0
1071891932
2684354560
1071222169
0
1071751217
0
1071675453
2147483648
1070348808
2147483648
1071899464
1610612736
1070876133
2147483648
1072328887
3221225472
1070123973
0
1072501052
3221225472
1072337856
2147483648
1068703318
0
1072452505
3758096384
1072440385
536870912
1072462503
1610612736
1070426514
2147483648
1070798381
0
1072172278
0
1071630182
2147483648
1069855649
2147483648
1071845967
0
1070157975
0
1067712144
0
1072513160
3758096384
1069073889
0
1072649203
2684354560
1070912690
1073741824
1072163961
536870912
1070393103
0
1060813056
0
1067256632
0
1071461100
1073741824
1072693247
2684354560
8
