Uvec
2226355706
1072119599
3221225472
1071593835
3221225472
1068683640
0
1071725647
0
1072586611
1610612736
1070774838
3221225472
1066173256
0
1071781812
3221225472
1067784372
0
1072149608
1073741824
1071373889
0
1072493108
2684354560
1066859596
0
1070819142
0
1072426690
0
1070554188
0
1070662014
1073741824
1071766282
1610612736
1069859784
0
1071299682
2147483648
1070033136
2147483648
1069427971
0
1072158260
1073741824
1070853626
2147483648
1071468619
2147483648
1072633617
0
1068620058
0
1071826824
2684354560
1072216678
0
1072605920
1073741824
1071417362
1073741824
1068599033
0
1071787653
2684354560
1072653502
1610612736
1069649410
0
1070578489
0
1070834458
3221225472
1071301025
1073741824
1070741764
3221225472
1071821544
536870912
1069858475
0
1071803282
1610612736
1072266859
3758096384
1066878004
0
1072478878
1073741824
1066924544
0
1071671087
2147483648
1072321259
2684354560
1069389508
0
1072285603
1610612736
1071934787
2684354560
1069891961
2147483648
1070314704
2147483648
1072477488
3758096384
1071579677
0
1066263472
0
1072631608
0
1071938659
1610612736
1071621093
1073741824
1072375960
3221225472
1071196248
0
1071178562
2147483648
1071714324
1610612736
1071897918
2684354560
1068843134
0
1070336739
2147483648
1071520755
0
1071960240
2147483648
1072422039
3221225472
1072136643
3758096384
1071915856
2147483648
1071961271
2684354560
1071519712
3221225472
1072657239
1610612736
1072334159
2684354560
1072582746
2684354560
1071165360
2147483648
1071855218
1073741824
1069578408
2147483648
1072126503
3221225472
1072340149
1610612736
1070944768
2147483648
1070489840
0
1072298338
536870912
1071920864
536870912
1072444265
2684354560
1072658660
1610612736
1072205446
536870912
1072144213
536870912
1072418400
1073741824
1070112073
0
1071245564
2147483648
1071351481
1073741824
1072134991
1073741824
1072314209
536870912
1069411684
0
1072220248
0
1071718409
0
1071461100
1073741824
1072693247
2684354560
22
