Uvec
2226355706
1071820969
3758096384
1070647202
0
1068566522
0
1071067079
0
1071888254
536870912
1072324203
2147483648
1071094455
2147483648
1068647276
0
1072569170
1610612736
1072194218
0
1070962678
1073741824
1062257344
0
1071605887
0
1072138552
0
1070063117
0
1072170138
3221225472
1070962705
3221225472
1068887222
0
1072463762
0
1071827138
2147483648
1072617227
2684354560
1072031574
536870912
1072508975
0
1072230592
3758096384
1069697715
0
1071400356
1073741824
1072563230
0
1072443700
3758096384
1071984998
3221225472
1071309797
1073741824
1072421356
536870912
1072643505
1610612736
1072543840
2147483648
1071275746
1073741824
1072086575
3221225472
1072275167
3758096384
1071115189
1073741824
1071715874
0
1072360494
3221225472
1071838958
1610612736
1072004925
2147483648
1070681925
2147483648
1070908026
1073741824
1070838302
2147483648
1071120545
3221225472
1072181257
1610612736
1072591612
2147483648
1071905478
2147483648
1070513502
0
1070230305
2147483648
1070789925
3221225472
1072309750
2684354560
1070137284
0
1071697592
2147483648
1072677668
2684354560
1069994729
0
1072529718
1610612736
1072534959
2147483648
1072621125
0
1072175351
2147483648
1070044066
2147483648
1072198044
0
1069266228
0
1071853559
0
1071741776
3758096384
1066271576
0
1071705908
3758096384
1068615620
0
1071888892
2684354560
1069170614
0
1071476147
1073741824
1070822354
2147483648
1071938959
2684354560
1069153496
0
1071008579
2147483648
1071460611
3221225472
1071709403
3221225472
1071192877
1073741824
1072684083
3221225472
1066900628
0
1072193417
2684354560
1071086367
1073741824
1072057571
2684354560
1072403317
2684354560
1072461114
3221225472
1071831849
2684354560
1072336918
0
1071829956
3758096384
1071954696
3221225472
1072457623
0
1069300947
0
1072273924
1610612736
1072493078
1073741824
1069860850
2147483648
1070806006
2147483648
1068886173
0
1072022883
1073741824
1070361778
2147483648
1071461100
1073741824
1072693247
2684354560
48
