Uvec
2226355706
1072336692
2147483648
1071090802
0
1071114333
2147483648
1069527368
0
1072105093
3758096384
1071087739
0
1072334683
536870912
1071013843
1073741824
1072179785
3221225472
1070284709
0
1070846386
3221225472
1070963250
2147483648
1071024194
1073741824
1069597709
0
1069340679
0
1072328374
3758096384
1072010328
1610612736
1071288535
0
1071830397
2147483648
1072077212
1610612736
1072557715
3221225472
1070719154
2147483648
1072336973
1073741824
1071355519
1073741824
1071558435
2147483648
1072653035
3758096384
1071691596
3221225472
1070145256
2147483648
1070023793
2147483648
1070658720
3221225472
1072162216
0
1071913865
1073741824
1071338534
0
1072666373
3221225472
1072543123
536870912
1072378910
2147483648
1072051198
3221225472
1072154395
2684354560
1071727054
2684354560
1072402956
0
1072334791
2147483648
1071155182
2147483648
1070990312
0
1072448276
536870912
1071396899
0
1070457105
0
1072597871
2147483648
1071802194
1610612736
1070993967
0
1072536183
2684354560
1072600546
3221225472
1071899074
3758096384
1070962164
1073741824
1069350207
0
1071949653
0
1071677421
0
1072470156
2684354560
1072033153
0
1069206494
0
1067404976
0
1072663721
0
1070748588
0
1065907360
0
1071818810
0
1071915702
2684354560
1069388924
0
1068240616
0
1070413932
0
1070667372
3221225472
1071014400
3221225472
1072569997
2147483648
1071639152
3221225472
1072682958
1610612736
1072218233
0
1069029525
0
1071149694
3221225472
1072237324
2684354560
1070844945
1073741824
1072467511
3221225472
1072328433
1073741824
1070220545
0
1072480081
1610612736
1065604584
0
1069783715
2147483648
1072068892
536870912
1070912921
3221225472
1071430589
1073741824
1068815755
0
1071693575
536870912
1070696841
1073741824
1072488928
1073741824
1072594765
3758096384
1071889228
1610612736
1072575288
1073741824
1072576139
2684354560
1069768731
0
1071711081
2147483648
1071797973
2684354560
1071461100
1073741824
1072693247
2684354560
21
