Uvec
2226355706
1070726179
2147483648
1071670050
3221225472
1072528576
3221225472
1072577042
2147483648
1066578608
0
1070187610
0
1070333810
0
1071953812
1073741824
1071858730
1610612736
1072445709
0
1070205652
2147483648
1071779711
2147483648
1070082210
2147483648
1071527444
1073741824
1069884213
2147483648
1072299681
3758096384
1072109179
1073741824
1071947100
536870912
1071531122
0
1069916788
2147483648
1071881205
1610612736
1071711434
1610612736
1072082002
1073741824
1072096908
536870912
1072064139
0
1071886815
2147483648
1070212367
2147483648
1072437375
2147483648
1069708286
0
1071826863
0
1072333030
1073741824
1071879225
1073741824
1070062962
2147483648
1071540903
0
1072356682
536870912
1071703805
0
1070582180
0
1072334929
3758096384
1071959930
0
1070921023
3221225472
1071760556
3221225472
1072059064
1073741824
1069958512
2147483648
1069509703
0
1071819954
1073741824
1071143203
2147483648
1072141575
536870912
1072015753
3758096384
1069786029
2147483648
1067659434
0
1071745230
2147483648
1071694409
3758096384
1071454226
0
1071538475
1073741824
1072574451
536870912
1071824787
3758096384
1072184163
2684354560
1071651760
536870912
1072026338
3221225472
1072335531
0
1071877603
2147483648
1070984659
1073741824
1071889233
1073741824
1072421397
536870912
1072459641
536870912
1068795286
0
1071970125
1610612736
1071991238
2147483648
1071740056
536870912
1067671898
0
1072408545
1610612736
1069235675
0
1072515573
1610612736
1071958978
3758096384
1071911554
1073741824
1071506426
0
1071732110
1073741824
1070385888
0
1068868019
0
1071762252
2147483648
1072161430
1610612736
1071960904
1073741824
1069680041
2147483648
1068911384
0
1072142744
1073741824
1072217778
2147483648
1072418528
1073741824
1072174215
3758096384
1067842424
0
1072324827
0
1066490860
0
1071175274
1073741824
1070729432
1073741824
1071394496
3221225472
1072491195
2684354560
1070718445
1073741824
1071861057
1073741824
1070715545
0
1071461100
1073741824
1072693247
2684354560
57
