Uvec
2226355706
1070221755
0
1071497137
1073741824
1071179780
3221225472
1071428754
3221225472
1071698882
0
1071816021
2684354560
1068644358
0
1070877121
3221225472
1069154599
0
1071824939
536870912
1070860190
2147483648
1071191180
2147483648
1071767137
0
1070461290
2147483648
1071438259
2147483648
1072596487
0
1069201475
0
1071936422
1073741824
1070901525
2147483648
1072544935
3221225472
1071663143
1073741824
1071872617
3221225472
1071414974
2147483648
1069785843
0
1069672410
2147483648
1069840424
0
1069950852
2147483648
1072358271
2147483648
1072385009
536870912
1068734472
0
1070842683
3221225472
1071586762
1073741824
1072593864
2684354560
1067362968
0
1072264404
1610612736
1071200957
1073741824
1071130505
0
1072378514
3221225472
1068693319
0
1070186970
2147483648
1072470076
3221225472
1072646934
1073741824
1071916367
3758096384
1068964467
0
1072185040
1610612736
1072493893
2684354560
1068856443
0
1069924105
0
1071956594
536870912
1069792080
0
1071369173
1073741824
1070868054
3221225472
1065972472
0
1072676802
0
1072331396
3221225472
1071629080
3221225472
1072450054
2684354560
1072432178
3758096384
1069058195
0
1072387884
2684354560
1072145045
3758096384
1070694999
2147483648
1072117207
3221225472
1071961711
2684354560
1069733068
0
1072311209
1610612736
1071922061
536870912
1071688153
3221225472
1072168939
0
1070684200
0
1071420029
1073741824
1071864172
1610612736
1070930096
2147483648
1072419653
2684354560
1069173797
0
1069803914
0
1072428708
1610612736
1069917502
0
1072542255
3221225472
1071658680
2684354560
1071880498
3758096384
1070140369
2147483648
1071824458
3758096384
1072204463
536870912
1068813125
0
1072381834
1073741824
1069917481
0
1072138683
2684354560
1071497902
3221225472
1071876054
3758096384
1071815593
1073741824
1071971825
1073741824
1072015233
3758096384
1071042074
2147483648
1072333399
2684354560
1071669245
2147483648
1072492580
3221225472
1072682641
0
1071461100
1073741824
1072693247
2684354560
70
