Uvec
2226355706
1071608738
0
1071850381
1073741824
1072071183
536870912
1071794229
3221225472
1072052362
2147483648
1072011496
3758096384
1070930390
2147483648
1070671154
1073741824
1067983864
0
1072289802
3221225472
1071387889
0
1071860253
3758096384
1071345687
3221225472
1071986020
3221225472
1071889487
2147483648
1072323081
536870912
1070205504
2147483648
1071994272
2147483648
1070603381
2147483648
1070097450
2147483648
1071654933
1610612736
1071669974
2147483648
1072518731
0
1070931901
2147483648
1070737541
1073741824
1070233863
2147483648
1072052821
2147483648
1071844951
3221225472
1071218702
1073741824
1070615671
0
1071817188
0
1068674129
0
1071330562
1073741824
1072248299
536870912
1069140502
0
1064556512
0
1072684485
3758096384
1071000180
0
1070735206
3221225472
1070919235
1073741824
1072001375
0
1069171597
0
1070288676
0
1068698340
0
1071318042
1073741824
1071921980
0
1070886370
0
1071646962
3221225472
1072112019
536870912
1071200422
2147483648
1071132987
2147483648
1071930415
2147483648
1068633388
0
1068586230
0
1070953076
2147483648
1072402414
2684354560
1069501365
0
1072278445
1073741824
1072073894
1073741824
1072468050
2684354560
1072023562
3758096384
1070793080
1073741824
1069694883
0
1072447207
3758096384
1071706060
1610612736
1069479313
0
1069613742
0
1072507675
536870912
1070962589
3221225472
1071285309
3221225472
1071016212
0
1071219138
2147483648
1071547822
3221225472
1068218426
0
1072487043
2684354560
1072502913
1610612736
1069931937
2147483648
1071414178
1073741824
1071999544
536870912
1068508104
0
1070177981
2147483648
1072016404
0
1070519928
2147483648
1072444831
0
1070827323
2147483648
1072017234
3221225472
1072090325
1610612736
1072120428
2684354560
1069036093
0
1071337930
2147483648
1072487710
2147483648
1070402950
2147483648
1071051325
1073741824
1072609119
0
1071079662
3221225472
1071672242
536870912
1069555035
0
1072510218
1610612736
1071461100
1073741824
1072693247
2684354560
44
