Uvec
2226355706
1071058827
2147483648
1071245567
1073741824
1066221856
0
1067839996
0
1071136159
1073741824
1072616511
0
1072620393
2147483648
1072631932
3221225472
1072146778
2684354560
1072015573
536870912
1070929462
0
1070114688
2147483648
1072528597
1610612736
1070992918
0
1072290058
1073741824
1072187448
1073741824
1069921532
0
1071822696
2684354560
1072172962
3758096384
1072660459
3221225472
1070444956
2147483648
1070593132
0
1071066007
0
1071584584
3221225472
1072142325
3221225472
1068600479
0
1071331598
0
1070660388
1073741824
1071007207
3221225472
1071809599
1610612736
1070649271
0
1072079212
536870912
1071660670
3221225472
1071397498
2147483648
1072484430
2684354560
1072324941
3221225472
1069854973
2147483648
1068146864
0
1071050602
0
1072404034
1610612736
1070725325
0
1072240179
0
1070519671
2147483648
1070857243
1073741824
1071078136
1073741824
1069682297
2147483648
1070337572
0
1071068230
1073741824
1072599101
2684354560
1071725347
536870912
1072051317
1073741824
1070590592
0
1072255074
3758096384
1070908636
1073741824
1070995166
2147483648
1070747324
3221225472
1072000209
2147483648
1071994087
2147483648
1072547611
536870912
1071201863
3221225472
1072038734
1610612736
1072652354
536870912
1071861029
1610612736
1072170136
0
1071987985
3758096384
1071754665
536870912
1070807798
0
1067083832
0
1069707931
0
1072000160
0
1072197485
2684354560
1071781339
1073741824
1070710052
1073741824
1069495475
0
1071561949
2147483648
1071774640
1073741824
1071796950
3221225472
1072518877
3758096384
1071043058
3221225472
1072387519
3221225472
1072459910
2684354560
1071377492
0
1072141294
1073741824
1072177500
0
1072555726
1073741824
1069990306
0
1071731590
2684354560
1071948769
2147483648
1068369566
0
1071581657
2147483648
1071752068
1610612736
1072099029
1610612736
1071658495
2684354560
1070053465
2147483648
1071296514
0
1072685923
2147483648
1070339940
2147483648
1069713329
2147483648
1071461100
1073741824
1072693247
2684354560
6
