Uvec
2226355706
1072235366
3758096384
1072450548
3221225472
1070958995
0
1069834515
2147483648
1072432326
0
1071755930
3758096384
1071713416
3221225472
1072615738
3221225472
1071242129
2147483648
1070037628
2147483648
1071843883
1073741824
1071912951
1073741824
1070735917
3221225472
1072046225
1610612736
1072600616
2684354560
1069644117
2147483648
1070159322
2147483648
1069824762
0
1070023450
2147483648
1071862288
536870912
1072672580
1073741824
1071739648
3221225472
1072492269
2684354560
1072443131
3758096384
1070151048
0
1071851650
1073741824
1071759004
2684354560
1071946393
536870912
1069616166
0
1072366508
2684354560
1069779609
0
1066679752
0
1071728918
3758096384
1070431623
2147483648
1072189595
0
1072024142
536870912
1071946551
0
1072479752
0
1071554760
3221225472
1071466567
1073741824
1071639320
0
1071922535
0
1070075985
0
1070665394
2147483648
1072015013
1073741824
1070254551
2147483648
1071629820
3221225472
1070323812
2147483648
1072609360
0
1071198845
0
1071360370
3221225472
1072125959
0
1072207764
1073741824
1071574342
0
1071762064
2147483648
1067894796
0
1071198030
2147483648
1072368032
2147483648
1069039576
0
1071875915
0
1069966128
2147483648
1068919067
0
1069726121
2147483648
1071284150
0
1070991356
0
1072361941
2147483648
1072390823
2147483648
1068560552
0
1070566600
0
1071126842
1073741824
1071766521
0
1067211740
0
1070157229
2147483648
1069573311
2147483648
1071661515
3758096384
1072234825
3758096384
1070880579
1073741824
1072079044
3758096384
1072378189
3221225472
1071979820
2147483648
1068232642
0
1065131728
0
1072642796
536870912
1071077437
1073741824
1069619799
2147483648
1070994754
1073741824
1066656756
0
1071925680
1610612736
1071186293
1073741824
1069035706
0
1071917321
1073741824
1070721233
0
1072030485
2147483648
1071349096
2147483648
1072377289
2684354560
1072158582
3758096384
1070891612
1073741824
1066814372
0
1071461100
1073741824
1072693247
2684354560
29
