Uvec
2226355706
1071187482
2147483648
1069654070
2147483648
1071970451
0
1072070555
2684354560
1072206308
3758096384
1072040702
2147483648
1069211541
0
1072495987
2684354560
1072056627
536870912
1072076169
3758096384
1071069404
1073741824
1072151598
2684354560
1070261583
0
1072655263
536870912
1071643628
3221225472
1068938655
0
1070952100
0
1070982748
1073741824
1069797155
0
1072448976
3221225472
1072201086
536870912
1070497149
0
1072231274
3758096384
1072428515
2147483648
1069372440
0
1071018072
3221225472
1070913353
2147483648
1070686559
1073741824
1071850438
1073741824
1071230252
3221225472
1072632133
2147483648
1068907672
0
1072566988
3221225472
1070542110
0
1072212914
1073741824
1072115078
2147483648
1072160944
0
1069448880
0
1072647271
2684354560
1071119779
3221225472
1072517774
3221225472
1069804633
0
1069297024
0
1071741019
1610612736
1070720731
3221225472
1072405728
0
1070285880
0
1072280844
0
1069181175
0
1072076924
1610612736
1072080745
1073741824
1071810060
0
1069751476
0
1070682602
1073741824
1071877554
536870912
1067523932
0
1071866456
1073741824
1071198035
3221225472
1071698726
2147483648
1068635352
0
1071511882
0
1072600113
3758096384
1071261810
3221225472
1071650079
1073741824
1072332421
0
1070087389
0
1071451001
1073741824
1071973690
3221225472
1072304570
1610612736
1072313364
2147483648
1072455506
2147483648
1070945619
1073741824
1071695967
1073741824
1071716773
536870912
1072529261
3758096384
1070798934
0
1070157863
0
1071406366
1073741824
1071094237
2147483648
1072045393
1610612736
1071925711
3758096384
1071793342
2684354560
1070319620
0
1072419483
2147483648
1067740940
0
1072387299
0
1072002493
2684354560
1072265204
3758096384
1072273279
2684354560
1070530280
2147483648
1070512226
0
1072667100
0
1070257902
2147483648
1072352787
536870912
1072074039
536870912
1071695186
536870912
1071955642
3758096384
1072566184
2147483648
1071461100
1073741824
1072693247
2684354560
82
