Uvec
2226355706
1072358827
0
1072099479
1073741824
1072431467
1073741824
1072535067
3221225472
1071623311
1073741824
1071636586
2147483648
1072276952
1610612736
1070069565
2147483648
1068850026
0
1071943521
1073741824
1071373185
2147483648
1071893074
2684354560
1072579052
2684354560
1070517171
0
1071650827
2684354560
1071852055
0
1071781582
3758096384
1072516589
3758096384
1072594451
536870912
1071716800
3758096384
1070833028
3221225472
1070765070
0
1071723671
1610612736
1071842807
2684354560
1072314365
2147483648
1071735635
2684354560
1071086821
2147483648
1071956063
3221225472
1071001793
2147483648
1070654207
0
1069081333
0
1070455428
2147483648
1070628263
0
1072362645
1073741824
1069486823
0
1072512197
1073741824
1071694536
1073741824
1070998102
0
1069993127
2147483648
1072169246
2147483648
1071127654
0
1069067755
0
1068343358
0
1070304366
0
1070895257
0
1071746454
536870912
1072589594
1073741824
1070881295
0
1070320723
2147483648
1066392608
0
1072313081
2147483648
1070665075
3221225472
1072659199
2147483648
1071716498
536870912
1069765500
0
1072623396
1610612736
1068773567
0
1072292838
1073741824
1072285706
2147483648
1070234343
0
1071684769
2147483648
1071901793
536870912
1068064060
0
1070913156
0
1068076006
0
1071649354
1610612736
1072415712
0
1071876270
2684354560
1071124764
1073741824
1071907589
0
1072538503
3221225472
1068868950
0
1068633458
0
1070749267
3221225472
1071849208
536870912
1072132936
3758096384
1067826480
0
1072534469
1610612736
1072042806
3758096384
1071661210
2684354560
1069698602
2147483648
1067659500
0
1071702124
0
1071776823
1073741824
1071699693
1610612736
1070427314
2147483648
1072523924
2684354560
1070749327
2147483648
1072569001
2684354560
1071715435
1073741824
1071856339
0
1069911482
2147483648
1072082561
3221225472
1070760089
1073741824
1071187018
0
1072048990
536870912
1072067573
3758096384
1069571376
2147483648
1071461100
1073741824
1072693247
2684354560
43
