Uvec
2226355706
1072461081
3758096384
1071925635
1073741824
1070033524
0
1070534917
0
1071660191
3758096384
1072149503
2147483648
1072197346
3758096384
1071775398
1610612736
1071780076
2147483648
1070821373
1073741824
1067426912
0
1070988867
1073741824
1070725733
1073741824
1072249837
536870912
1071997560
1610612736
1068074212
0
1071419251
1073741824
1067793774
0
1068036172
0
1070111892
2147483648
1072049044
3758096384
1071161216
3221225472
1069215529
0
1071941985
2684354560
1071110377
3221225472
1071787224
2147483648
1072045349
2147483648
1071843144
3758096384
1070658432
3221225472
1069612347
2147483648
1071205820
0
1071563378
0
1071732468
536870912
1072611389
0
1072079279
2147483648
1071224293
2147483648
1069845037
2147483648
1070968520
3221225472
1072620964
536870912
1072544172
2684354560
1071240416
0
1071159106
3221225472
1072010734
0
1072472082
536870912
1071303068
3221225472
1070323069
2147483648
1070516592
2147483648
1071628050
3221225472
1072278287
0
1070984044
2147483648
1072182195
1610612736
1069252881
0
1071637526
2147483648
1072435586
3758096384
1070511062
2147483648
1070726052
0
1072576393
2684354560
1072132420
2147483648
1071184705
1073741824
1071743375
0
1072239512
536870912
1071027422
1073741824
1072009870
1073741824
1071644449
3221225472
1072352370
2147483648
1072414411
2147483648
1070787764
1073741824
1068013100
0
1072192271
3758096384
1072650763
1610612736
1070143131
0
1071464186
0
1068130646
0
1071663070
3221225472
1072181473
1610612736
1070172305
2147483648
1072621397
3221225472
1072028514
2684354560
1071260456
1073741824
1072069475
1610612736
1065165936
0
1072096138
2684354560
1072206265
2684354560
1071623353
3221225472
1072610742
536870912
1070401325
0
1071115642
0
1069923150
0
1071747716
1610612736
1071819408
536870912
1072176267
1610612736
1071103278
1073741824
1068852826
0
1070188337
2147483648
1072564121
1073741824
1071506444
2147483648
1070233788
0
1071696449
3758096384
1071461100
1073741824
1072693247
2684354560
16
