Uvec
2226355706
1069643157
2147483648
1071527944
3221225472
1069041420
0
1071576641
1073741824
1069179791
0
1070987508
0
1069682362
2147483648
1072053304
3221225472
1071022734
3221225472
1068831867
0
1071964420
1610612736
1071810882
3221225472
1070739365
3221225472
1072545830
2684354560
1069912059
2147483648
1068109038
0
1071661181
536870912
1070093881
2147483648
1072550426
536870912
1072042495
2684354560
1068666913
0
1071786068
3221225472
1070810069
3221225472
1070353046
0
1071428068
1073741824
1071995572
536870912
1068629025
0
1070808541
2147483648
1066020064
0
1072641920
536870912
1071735587
3758096384
1072533508
3758096384
1071682194
2684354560
1070349479
2147483648
1069026344
0
1072526883
1073741824
1071839151
1073741824
1071798889
536870912
1068203162
0
1072654085
1073741824
1071648298
3758096384
1067664706
0
1072033284
2147483648
1072214028
0
1070580997
2147483648
1070968504
1073741824
1071487901
2147483648
1072319267
3758096384
1072269622
3758096384
1069962122
0
1072451537
536870912
1070346254
2147483648
1071185639
1073741824
1071734649
2147483648
1072021626
2147483648
1071844029
2147483648
1072116878
2684354560
1072381673
1073741824
1071308246
3221225472
1071487029
3221225472
1072308615
1073741824
1070765377
2147483648
1068269608
0
1068877771
0
1070007978
2147483648
1071257676
2147483648
1071391324
1073741824
1067606734
0
1071963686
536870912
1070635890
3221225472
1072066009
3758096384
1072046554
2147483648
1072217689
3758096384
1070921995
1073741824
1072024327
1610612736
1071843642
3758096384
1071303272
2147483648
1068927298
0
1069694674
2147483648
1071113969
3221225472
1071953354
1073741824
1071818891
2684354560
1072291011
1073741824
1072242289
536870912
1069709731
0
1071573687
2147483648
1072473723
1073741824
1072542648
3221225472
1072348241
3221225472
1070675477
3221225472
1070153922
0
1071025568
0
1072516040
536870912
1069589287
2147483648
1072622589
2684354560
1072124909
2684354560
1072115371
536870912
1072502085
1073741824
1071461100
1073741824
1072693247
2684354560
70
