Uvec
2226355706
1072536777
1610612736
1072226888
0
1072098883
2147483648
1071705782
3221225472
1071156378
3221225472
1072415122
2684354560
1071747543
1073741824
1071115827
1073741824
1071537570
2147483648
1072360614
2147483648
1067284512
0
1072365309
2684354560
1072557281
3758096384
1070554834
0
1069555922
0
1071133644
2147483648
1072616917
0
1071063997
2147483648
1071841840
1073741824
1070265811
0
1070866453
1073741824
1068525134
0
1068808975
0
1071982604
1073741824
1071154711
0
1071260553
1073741824
1070947577
1073741824
1072398222
3221225472
1072142570
536870912
1069029222
0
1072637048
3758096384
1071941670
0
1072413772
3758096384
1070346355
0
1071096206
3221225472
1072289725
2684354560
1072678687
3758096384
1071856078
3758096384
1071834945
536870912
1071582614
3221225472
1071557574
0
1071361916
3221225472
1070429561
2147483648
1068926150
0
1068726901
0
1072343930
2684354560
1072000918
1073741824
1072018150
2147483648
1070621977
0
1068680155
0
1070378082
0
1071517419
1073741824
1072126261
1073741824
1068541458
0
1071457062
2147483648
1065288656
0
1072302070
2147483648
1069605821
2147483648
1072501881
1610612736
1070596176
1073741824
1071306727
3221225472
1071756772
2684354560
1072679065
2684354560
1070963877
3221225472
1070533094
0
1069043725
0
1070013726
0
1071802928
0
1072501455
2147483648
1068503591
0
1071789497
2684354560
1070807248
2147483648
1072157004
2684354560
1066494764
0
1071724367
2147483648
1071689596
1610612736
1072087870
0
1071350614
2147483648
1071828370
2684354560
1072203976
3758096384
1063138304
0
1070427196
2147483648
1072079831
3221225472
1071330108
0
1070035696
2147483648
1072454849
0
1072609022
3758096384
1070081480
0
1072512640
1073741824
1072076975
0
1072560318
2147483648
1071052651
2147483648
1071724086
2684354560
1071627161
0
1072176806
3221225472
1072035177
3221225472
1071254236
3221225472
1072498710
536870912
1071461100
1073741824
1072693247
2684354560
74
