Uvec
2226355706
1071770334
536870912
1068992876
0
1071464204
3221225472
1072110969
1073741824
1071372721
2147483648
1072450999
0
1072608604
1073741824
1072012746
3758096384
1072258717
2684354560
1069082295
0
1069783517
0
1072554859
1610612736
1072649397
1073741824
1070912871
0
1071395813
1073741824
1071820034
2684354560
1072059364
2147483648
1072180791
3758096384
1069703236
0
1072256334
2147483648
1070720326
1073741824
1069912325
2147483648
1071561750
2147483648
1066116512
0
1071233133
3221225472
1071817282
3221225472
1072212215
1073741824
1069524201
0
1069692869
2147483648
1071001939
0
1070846582
2147483648
1071965562
2147483648
1071960090
1610612736
1071646900
536870912
1072571699
2684354560
1070426255
2147483648
1072500659
0
1071031382
0
1070644633
1073741824
1070557226
2147483648
1071805346
0
1070137028
0
1072533701
3758096384
1068825813
0
1071982956
3221225472
1070056771
2147483648
1072153176
0
1069275393
0
1069361507
0
1070630932
3221225472
1070691248
0
1072645071
1610612736
1071095064
2147483648
1070512131
2147483648
1070561895
2147483648
1071171088
1073741824
1066968952
0
1072086238
1610612736
1072635541
2147483648
1072172485
2147483648
1068583004
0
1071321595
0
1071944648
0
1071122158
1073741824
1070209632
2147483648
1069680039
0
1070766301
2147483648
1067230064
0
1072586218
3221225472
1071248011
2147483648
1069810070
2147483648
1069550492
2147483648
1071164792
3221225472
1070229488
0
1072408842
1610612736
1071626645
1073741824
1071427588
3221225472
1072578420
1073741824
1071997300
3758096384
1072273898
1610612736
1072361203
3221225472
1072478963
3758096384
1071934208
536870912
1070821944
0
1071872314
536870912
1067609502
0
1069453051
0
1072106909
0
1070370582
2147483648
1071968708
0
1069865538
0
1068631083
0
1069634123
0
1072648080
1073741824
1065422096
0
1072464028
0
1067715872
0
1067687442
0
1071461100
1073741824
1072693247
2684354560
70
