Uvec
2226355706
1068471666
0
1071804217
3221225472
1071912865
3221225472
1071648518
0
1072317323
2684354560
1071826245
3758096384
1072489739
536870912
1071777875
3758096384
1071297630
1073741824
1069594162
2147483648
1071585196
0
1071309100
3221225472
1072283552
3221225472
1072000751
3221225472
1071715329
1610612736
1071431607
3221225472
1070572562
2147483648
1070690927
0
1071522609
3221225472
1070062286
2147483648
1071692989
3221225472
1069820231
2147483648
1071591803
3221225472
1072165747
3221225472
1072410761
2147483648
1071153234
2147483648
1064974624
0
1068234296
0
1072247471
2684354560
1072283166
2147483648
1071056576
2147483648
1071112498
0
1071261126
2147483648
1072653572
3758096384
1072628968
1073741824
1071495408
1073741824
1072463659
536870912
1072158400
2147483648
1071089115
3221225472
1071380095
3221225472
1071468834
2147483648
1071841570
1073741824
1072399413
1610612736
1068417852
0
1070893626
2147483648
1070447098
2147483648
1071787842
3221225472
1071294293
2147483648
1071912068
536870912
1072143730
2684354560
1072284126
1073741824
1072154212
3221225472
1071723454
536870912
1072424865
536870912
1071564163
3221225472
1071328546
3221225472
1071124944
0
1071791072
3221225472
1071977218
2147483648
1068161696
0
1071683285
536870912
1072469949
3221225472
1070923710
2147483648
1070201561
0
1072138101
1610612736
1070941476
0
1071171655
0
1071236429
1073741824
1070046948
2147483648
1070411629
2147483648
1072497015
3221225472
1069215801
0
1072197013
2147483648
1071984941
1610612736
1071186614
3221225472
1070710398
3221225472
1071783559
1610612736
1070803316
1073741824
1070748180
0
1072662185
3758096384
1071757424
3758096384
1068273410
0
1071477509
1073741824
1071232441
0
1071088849
0
1072519007
1610612736
1070510686
0
1072102001
2684354560
1071058179
0
1072519818
536870912
1070568388
2147483648
1070744819
3221225472
1072238759
536870912
1070704122
2147483648
1070406314
2147483648
1071949184
2147483648
1072237694
0
1072266900
3758096384
1071461100
1073741824
1072693247
2684354560
39
