Uvec
2226355706
1072387684
1073741824
1072507865
2147483648
1070903848
1073741824
1069193240
0
1072596429
2147483648
1071796852
2147483648
1065406544
0
1072585726
3221225472
1071891088
0
1069908397
2147483648
1072164846
1073741824
1070699646
3221225472
1067979696
0
1068829694
0
1072229699
3758096384
1071025527
1073741824
1072429561
3758096384
1072384893
3221225472
1070295925
0
1072651886
1073741824
1071932301
3758096384
1072278383
536870912
1070194510
2147483648
1071789150
536870912
1068054714
0
1068219506
0
1071699473
2147483648
1071749456
3758096384
1072248974
0
1071053154
0
1066152480
0
1072174798
536870912
1069904461
0
1071452275
3221225472
1067998876
0
1071168784
2147483648
1072671065
3758096384
1070493486
0
1070510626
2147483648
1072568445
1610612736
1070239264
2147483648
1072022482
1073741824
1072044266
3758096384
1072607585
3758096384
1071557483
3221225472
1072098958
1610612736
1071917640
2684354560
1071421932
0
1070652001
2147483648
1072379930
3758096384
1072276556
3221225472
1071877359
2147483648
1068819001
0
1071728739
536870912
1071857201
2147483648
1072454084
2684354560
1071725953
3221225472
1071615065
3221225472
1072420253
0
1072634062
2684354560
1072367300
1073741824
1070539215
2147483648
1070201422
0
1072150085
2684354560
1071675311
2684354560
1069794033
0
1072364463
0
1071327431
2147483648
1071090446
2147483648
1071340162
1073741824
1070178926
0
1067803120
0
1071442757
1073741824
1071952482
1610612736
1070553192
2147483648
1069709221
2147483648
1071584014
3221225472
1065143344
0
1072660465
2684354560
1071759014
2147483648
1070653346
3221225472
1071417950
0
1069714728
2147483648
1072413066
3758096384
1070909933
2147483648
1068423444
0
1072591541
1610612736
1072151831
2684354560
1067345716
0
1071036126
3221225472
1072436319
0
1072405227
1073741824
1072248095
0
1072151557
0
1070695423
2147483648
1071298193
0
1072051176
0
1072456606
2684354560
1071461100
1073741824
1072693247
2684354560
39
