Uvec
2226355706
1071806119
1073741824
1072396406
0
1071754331
536870912
1072042736
1610612736
1070061158
0
1072600640
536870912
1072253899
2684354560
1072078631
0
1072106971
2684354560
1071785188
1073741824
1072229983
3758096384
1069407510
0
1072576291
3221225472
1072081648
536870912
1071665713
2147483648
1072479577
2684354560
1072660696
3221225472
1072506033
1073741824
1071211742
1073741824
1069581933
2147483648
1071560224
1073741824
1068740687
0
1071225063
0
1070763945
1073741824
1068742496
0
1072244815
2684354560
1067746092
0
1068737312
0
1072299607
1073741824
1071841054
1610612736
1072388675
3221225472
1072138006
2147483648
1070613256
0
1072032180
1610612736
1072455490
1610612736
1071816742
1073741824
1070111708
0
1071332515
2147483648
1072354653
1073741824
1072278503
3221225472
1071741562
2684354560
1072101025
2147483648
1072228718
0
1071800298
0
1069082169
0
1071695907
1073741824
1070679297
0
1070270053
2147483648
1064114880
0
1072412448
2147483648
1072024577
0
1070487291
2147483648
1071004299
1073741824
1070842563
3221225472
1070702261
3221225472
1071663557
2684354560
1072302633
0
1070469118
0
1072681951
2147483648
1071042231
3221225472
1071261592
0
1071947695
3758096384
1072562480
1610612736
1071934866
536870912
1071942559
0
1071433579
2147483648
1071147048
2147483648
1072388240
536870912
1071425629
3221225472
1071708596
3221225472
1071264651
3221225472
1071361872
0
1070395268
0
1072604509
1610612736
1070439242
2147483648
1072339895
3758096384
1071682635
2684354560
1072386448
0
1072508825
3221225472
1071951766
0
1068707753
0
1072050732
2147483648
1068505764
0
1069678086
2147483648
1072298668
1610612736
1072463254
536870912
1072126934
1073741824
1072132838
2684354560
1072063274
536870912
1072692699
0
1071070591
1073741824
1072019800
2684354560
1072226784
2147483648
1070259867
2147483648
1070601438
3221225472
1071988770
0
1072388620
1073741824
1071030467
2147483648
1071461100
1073741824
1072693247
2684354560
56
