Uvec
2226355706
1072680576
536870912
1070283845
0
1070438440
0
1069921642
2147483648
1072362910
1073741824
1072293628
2684354560
1072068194
3758096384
1068695535
0
1072393879
1610612736
1071109080
3221225472
1072478306
3758096384
1071089907
1073741824
1069527194
0
1069794844
0
1068668778
0
1071058420
3221225472
1071436877
0
1071986871
1073741824
1071742362
2684354560
1071129728
0
1069008728
0
1072026729
2684354560
1071398018
3221225472
1071705997
0
1072529906
2684354560
1072070815
1073741824
1072594996
3758096384
1072595816
3221225472
1070871136
2147483648
1069350058
0
1072547460
3758096384
1068592730
0
1071379856
0
1070774228
3221225472
1072514152
0
1072359927
1610612736
1072516694
1610612736
1071636616
1073741824
1068002932
0
1070165655
0
1070943549
1073741824
1071486550
1073741824
1067951762
0
1069683737
0
1070114669
2147483648
1071829620
2684354560
1069235872
0
1070081604
2147483648
1070499836
0
1072360355
0
1070976809
2147483648
1072088537
2147483648
1071850232
1610612736
1070562810
2147483648
1062898816
0
1069640365
2147483648
1072423661
0
1069892403
0
1070886904
1073741824
1068841593
0
1062598528
0
1066564800
0
1072642611
1073741824
1070838705
2147483648
1072500790
1610612736
1071026291
1073741824
1072329972
0
1071041476
2147483648
1072160255
1073741824
1071914761
1073741824
1068194254
0
1072126515
2684354560
1072664501
0
1069700287
0
1072578342
2147483648
1071510356
2147483648
1071984200
3758096384
1066039400
0
1070216691
0
1071730301
536870912
1071558739
0
1068013978
0
1071329449
3221225472
1072071763
1610612736
1070732474
2147483648
1071376441
1073741824
1072657341
1073741824
1070506064
0
1071244533
1073741824
1071239075
3221225472
1071493705
3221225472
1070856105
1073741824
1072236534
536870912
1071393302
3221225472
1070444544
2147483648
1072019207
536870912
1071121950
0
1072469764
0
1071461100
1073741824
1072693247
2684354560
96
