Uvec
2226355706
1068271086
0
1070628378
0
1071383315
2147483648
1071749167
3758096384
1072445991
2147483648
1071987340
3221225472
1069549257
0
1072021237
3221225472
1070060231
2147483648
1072324559
536870912
1066461460
0
1071884190
0
1071980720
2147483648
1072586972
1610612736
1069655216
0
1070567317
0
1072583242
536870912
1069639536
0
1072438630
1073741824
1071888416
3758096384
1071511740
0
1072397669
3221225472
1070806149
1073741824
1069889992
2147483648
1070217276
2147483648
1072468462
1610612736
1071622951
1073741824
1066875640
0
1072141028
2147483648
1070735466
1073741824
1072028819
0
1069040110
0
1072122489
1610612736
1072511049
3758096384
1071867358
1610612736
1071359947
3221225472
1071284237
0
1067062520
0
1071456923
2147483648
1070748360
1073741824
1071025442
1073741824
1071694109
1610612736
1064756960
0
1071649101
1610612736
1068991885
0
1072141464
1610612736
1070692780
0
1072028304
1610612736
1068075984
0
1070697557
2147483648
1066573348
0
1059943424
0
1072415922
2147483648
1072560491
3221225472
1067168588
0
1068786251
0
1072659310
3758096384
1071624728
2147483648
1070406166
2147483648
1072355247
2684354560
1072617857
3758096384
1071201273
1073741824
1072227092
3221225472
1071390373
0
1070470277
2147483648
1072434001
2147483648
1064991360
0
1067492772
0
1072376769
1610612736
1069292027
0
1069467180
0
1070710177
0
1071851700
2684354560
1071897014
3221225472
1070819973
2147483648
1071898325
536870912
1070590861
0
1072439328
3758096384
1070892759
1073741824
1072045470
0
1070995346
2147483648
1072406477
2684354560
1071554507
0
1068458844
0
1072437041
2684354560
1071671969
0
1069630303
2147483648
1072172618
1610612736
1071552759
0
1071044010
3221225472
1067790046
0
1070722074
3221225472
1072176675
1610612736
1067688280
0
1072302814
0
1070283402
0
1070797403
0
1072420499
1073741824
1071461100
1073741824
1072693247
2684354560
21
