Uvec
2226355706
1071839993
0
1071577928
1073741824
1067275216
0
1072120269
2147483648
1070243680
0
1068738990
0
1072160069
2147483648
1070777247
0
1071315683
3221225472
1069565548
0
1070897490
1073741824
1068434284
0
1068261386
0
1072684051
1610612736
1072164987
2147483648
1071906984
2147483648
1071736683
536870912
1072537692
2147483648
1071980281
3758096384
1069618836
0
1072550333
0
1071233076
3221225472
1072539291
1610612736
1072220848
2147483648
1072605838
3221225472
1072185821
3758096384
1072254804
1073741824
1071316858
0
1071871318
3758096384
1071988344
3221225472
1072615120
2684354560
1071378435
2147483648
1069363414
0
1072044116
1073741824
1072488788
0
1069351736
0
1071327856
1073741824
1068534332
0
1072361310
0
1072532938
3758096384
1072526084
0
1071674693
2147483648
1072611383
3221225472
1071661388
3758096384
1072135732
3758096384
1070738652
1073741824
1071738569
0
1072124344
1073741824
1069879838
0
1065599944
0
1071700030
3221225472
1070581962
0
1071421329
2147483648
1069583830
0
1071794973
2147483648
1069765951
0
1072230258
3758096384
1072584902
2684354560
1071685895
2147483648
1071482907
3221225472
1069300663
0
1071518944
2147483648
1072373371
2147483648
1071779957
3758096384
1072458777
0
1070495641
2147483648
1072349692
1610612736
1071768919
1073741824
1071109187
3221225472
1067793992
0
1070000039
0
1072045188
1610612736
1072378270
3758096384
1071586107
2147483648
1069554858
2147483648
1070787335
0
1070906430
3221225472
1072015800
1073741824
1070942381
3221225472
1072211374
536870912
1072198501
3758096384
1069231957
0
1071466161
2147483648
1072461254
1610612736
1069744259
0
1072235540
2147483648
1071202400
3221225472
1072102251
3758096384
1069978412
2147483648
1071416636
3221225472
1067635622
0
1070260442
0
1072233156
0
1072085621
536870912
1072230086
1610612736
1071738668
3221225472
1072267455
1073741824
1072234573
2684354560
1071461100
1073741824
1072693247
2684354560
69
