Uvec
2226355706
1069215801
0
1072304576
0
1072268207
3758096384
1072335189
1073741824
1072119410
1610612736
1071767567
1610612736
1071765671
2684354560
1072263194
0
1072540241
2684354560
1071592189
0
1071300698
3221225472
1071711781
0
1068974753
0
1071719399
0
1072387490
3221225472
1068129088
0
1072446206
0
1070808718
0
1072102753
1073741824
1072087462
2147483648
1071813161
2684354560
1072037371
3758096384
1070336990
2147483648
1072654480
2147483648
1070789853
1073741824
1072263282
3758096384
1070382193
0
1071658381
3758096384
1071707701
536870912
1067424304
0
1070746209
2147483648
1065093888
0
1071815308
2684354560
1070042544
2147483648
1072040444
536870912
1068744658
0
1072685134
2147483648
1072481662
3758096384
1071175062
2147483648
1070365943
2147483648
1070651901
1073741824
1072420815
2147483648
1072424766
1073741824
1070251002
0
1071715284
2147483648
1071540159
3221225472
1071940504
3758096384
1072492258
536870912
1070000510
0
1070364824
2147483648
1069750171
2147483648
1072691957
2147483648
1067333344
0
1071201472
1073741824
1067986028
0
1067668026
0
1072668646
1610612736
1071465752
0
1071788675
3758096384
1071252804
3221225472
1071790542
3221225472
1071827946
2684354560
1072022445
2684354560
1071853455
1073741824
1069954876
2147483648
1071455026
1073741824
1068159328
0
1071896984
2147483648
1071403651
1073741824
1070099760
2147483648
1071200105
3221225472
1072420582
3221225472
1072477388
3758096384
1068994446
0
1071995040
3758096384
1068999978
0
1071898384
1073741824
1071419421
1073741824
1070684360
1073741824
1072087745
1610612736
1072640410
1610612736
1071771728
3758096384
1071047692
1073741824
1070739472
0
1071575732
2147483648
1071250464
2147483648
1071720092
2147483648
1072452388
2147483648
1072226323
3758096384
1071934262
3758096384
1071625918
3221225472
1070628535
1073741824
1072073814
0
1072286592
2147483648
1072190326
1073741824
1072263550
2147483648
1072684788
3758096384
1071839544
3221225472
1071461100
1073741824
1072693247
2684354560
61
