Uvec
2226355706
1072492418
2684354560
1071618093
0
1072111361
3221225472
1072083868
0
1069688467
0
1070783459
2147483648
1067267652
0
1071143638
0
1071236748
2147483648
1071900130
1610612736
1072323069
3758096384
1072547198
3221225472
1072663624
536870912
1066897408
0
1071057820
3221225472
1072660352
3758096384
1071281665
2147483648
1069896848
2147483648
1071767222
3758096384
1068520750
0
1072372273
536870912
1067700508
0
1071572594
3221225472
1071652355
3758096384
1067472896
0
1071314453
1073741824
1069825000
0
1071178480
3221225472
1071159038
0
1071786378
3221225472
1072656182
2147483648
1071737966
0
1069110479
0
1071585091
1073741824
1070737729
2147483648
1071774130
536870912
1071744733
1610612736
1067899982
0
1071294744
1073741824
1071328148
0
1069832537
2147483648
1071559672
1073741824
1071133923
2147483648
1069899350
2147483648
1070937245
1073741824
1068640374
0
1072350927
536870912
1070711653
1073741824
1072405860
2684354560
1071393660
0
1070910225
0
1072160558
536870912
1071426707
2147483648
1071915149
2147483648
1069526038
0
1068073078
0
1067081568
0
1071858079
0
1072627075
536870912
1070759783
1073741824
1072517505
2684354560
1072249254
1610612736
1070740348
2147483648
1068603987
0
1070928453
2147483648
1070520810
0
1069788550
2147483648
1072452931
3758096384
1067613908
0
1070444820
2147483648
1071230881
0
1072358779
1073741824
1072488361
3758096384
1072036222
2684354560
1070707492
3221225472
1070388904
0
1069969548
2147483648
1071937672
0
1070940446
0
1069713627
0
1072685405
1610612736
1068226156
0
1068952979
0
1070215168
0
1071655119
0
1071888538
3758096384
1072226619
1073741824
1071852875
3221225472
1070561616
0
1071660512
536870912
1067595618
0
1067506054
0
1072293501
3758096384
1072113783
2147483648
1072359279
2684354560
1069507037
0
1072272337
1610612736
1068570947
0
1071461100
1073741824
1072693247
2684354560
40
