Uvec
2226355706
1071699922
3221225472
1071157451
3221225472
1070899037
3221225472
1071906018
1073741824
1072511705
536870912
1071613775
1073741824
1070008183
0
1072473236
0
1069442959
0
1070751764
1073741824
1071190148
2147483648
1069707981
2147483648
1070726943
3221225472
1072008445
3221225472
1069145526
0
1072207852
2684354560
1070117763
2147483648
1070629539
0
1071709024
0
1070110845
0
1071774818
536870912
1069832503
0
1072078363
536870912
1072324997
2684354560
1071521339
0
1072090598
1610612736
1066619464
0
1072685135
3758096384
1072397472
3758096384
1069782995
2147483648
1072424232
3221225472
1072275537
2147483648
1071945785
0
1072039634
3758096384
1070097110
0
1071886083
0
1070048067
2147483648
1072323503
1073741824
1072566431
3758096384
1072537379
1610612736
1070394320
0
1072089983
1073741824
1071972252
3758096384
1069927389
0
1072546408
1073741824
1069639860
2147483648
1071888890
536870912
1070318995
2147483648
1072377329
536870912
1071718376
536870912
1071836454
0
1072173088
2684354560
1071374348
1073741824
1072302244
0
1071847580
1610612736
1069259630
0
1071992364
3758096384
1072338267
3221225472
1072165082
2147483648
1071039875
3221225472
1071537623
1073741824
1071250524
0
1071852116
0
1072519811
0
1069707224
0
1069434834
0
1072402384
1610612736
1070629662
1073741824
1072083247
0
1071262733
3221225472
1072021894
3221225472
1072164506
3758096384
1072465623
1073741824
1072210618
3221225472
1071335878
1073741824
1071455742
1073741824
1067023436
0
1072175943
0
1069684328
2147483648
1070407682
0
1071728990
1073741824
1069538556
0
1068976965
0
1071828261
2147483648
1072303421
3221225472
1071920386
0
1068459452
0
1071662017
3758096384
1067563230
0
1072229799
0
1072393092
3221225472
1072425318
2147483648
1069700688
2147483648
1070797420
3221225472
1071932191
3221225472
1072198286
3758096384
1071665246
2684354560
1069230589
0
1071461100
1073741824
1072693247
2684354560
28
