Uvec
2226355706
1071677704
2684354560
1071865233
1073741824
1072655932
1610612736
1071036950
3221225472
1069174598
0
1072270275
0
1072032651
1073741824
1072476661
0
1072130375
1073741824
1070470685
0
1072373537
2147483648
1072507665
0
1072330221
2684354560
1071580299
1073741824
1069917964
0
1072073199
2147483648
1072339030
0
1068133666
0
1069785494
2147483648
1069602013
0
1072660790
1073741824
1072321139
1073741824
1070346941
0
1072305513
2684354560
1072626686
3221225472
1071140820
0
1067905362
0
1070212176
0
1072035365
1610612736
1071931226
3221225472
1071756386
536870912
1071085738
1073741824
1070104922
2147483648
1072329448
536870912
1072611179
1073741824
1070102831
0
1072097099
536870912
1072110333
0
1072577157
2147483648
1068582010
0
1070703522
1073741824
1072069081
1073741824
1071601581
2147483648
1068515922
0
1072208443
3758096384
1071261921
2147483648
1072274919
2147483648
1070778099
3221225472
1072196661
1073741824
1069047890
0
1064429424
0
1071708936
2147483648
1071496925
0
1072389734
1073741824
1071755373
3221225472
1071152385
3221225472
1072278396
3221225472
1072225477
2147483648
1071144664
3221225472
1071924282
2684354560
1070630291
0
1072213386
3758096384
1072078501
536870912
1071914166
2147483648
1070831855
1073741824
1070157184
2147483648
1070863370
2147483648
1068606964
0
1070889716
3221225472
1071833630
3221225472
1071367144
1073741824
1068555348
0
1072395769
536870912
1071207487
1073741824
1072354939
2684354560
1070750810
1073741824
1070147365
2147483648
1072240046
2684354560
1071128575
3221225472
1069864829
0
1069596553
2147483648
1071725290
1073741824
1070701024
1073741824
1072069689
0
1071542546
1073741824
1072181398
2684354560
1069172805
0
1069597482
2147483648
1070529190
0
1071634181
1073741824
1072441944
3221225472
1072638866
1073741824
1071316224
0
1072307444
0
1071722709
3221225472
1071583592
2147483648
1070050176
0
1071912858
2147483648
1071461100
1073741824
1072693247
2684354560
62
