Uvec
2226355706
1068186814
0
1071692323
3221225472
1072675425
3758096384
1072568110
1610612736
1072218652
0
1071840971
3221225472
1069940831
2147483648
1072456770
3758096384
1072019685
1610612736
1071945428
3221225472
1071760085
0
1072163019
536870912
1072586940
3758096384
1071047119
0
1072404256
3758096384
1070855665
2147483648
1071900857
1073741824
1070648051
0
1071990130
2684354560
1072256023
2147483648
1070741939
1073741824
1072005232
2684354560
1072045132
0
1072174463
2147483648
1072598869
2684354560
1068778210
0
1070086524
0
1069598492
0
1071666722
1073741824
1064032896
0
1071885429
1610612736
1069633608
2147483648
1071202903
3221225472
1071707951
2147483648
1071936865
2147483648
1070765349
2147483648
1071061453
2147483648
1071911990
536870912
1072566712
2147483648
1070858698
0
1070611362
3221225472
1069648752
0
1072404798
3758096384
1069966476
2147483648
1070600762
3221225472
1070881095
2147483648
1072269032
2684354560
1069544577
0
1071927765
1073741824
1071918919
2684354560
1068778151
0
1070612364
3221225472
1072307351
2684354560
1069835329
2147483648
1072310983
3758096384
1071899791
536870912
1072237324
1610612736
1072282855
1073741824
1072524242
3221225472
1069874142
0
1067926904
0
1072520704
1073741824
1070805896
3221225472
1071769688
0
1071816197
3758096384
1071819014
3221225472
1072681355
1073741824
1072594508
3758096384
1066731000
0
1071629176
1073741824
1072159936
3221225472
1068888278
0
1071980384
1610612736
1069816127
0
1071852620
2147483648
1071878096
2684354560
1071405368
3221225472
1071854954
0
1071645138
2147483648
1072183615
0
1072581650
0
1071398499
3221225472
1071829305
0
1071488645
3221225472
1070662717
2147483648
1071912165
1073741824
1072248076
0
1067074124
0
1072001425
3221225472
1071722900
536870912
1072003682
3758096384
1071785790
3758096384
1070855305
1073741824
1072291473
0
1072301808
3221225472
1071406431
3221225472
1072241677
2684354560
1072329287
3221225472
1071461100
1073741824
1072693247
2684354560
85
