Uvec
2226355706
1070745307
2147483648
1070752836
2147483648
1060651008
0
1067821362
0
1072142878
536870912
1071524960
2147483648
1072507240
1073741824
1072637489
2147483648
1071759628
0
1069683213
2147483648
1071678401
1073741824
1070461639
0
1072443716
3221225472
1071273375
3221225472
1072138571
1073741824
1072013220
1073741824
1072660712
3221225472
1071107031
3221225472
1072141867
3221225472
1071021035
2147483648
1072252753
2684354560
1070321905
0
1072477614
1073741824
1072379759
3221225472
1071766738
1073741824
1068297846
0
1072589613
2684354560
1067772278
0
1070522506
2147483648
1070701644
3221225472
1072613919
1073741824
1071001584
0
1072298477
1610612736
1072143774
2147483648
1072053584
2684354560
1071094548
2147483648
1072335483
0
1071630293
3221225472
1072371556
536870912
1071848232
1610612736
1070941609
3221225472
1069816677
2147483648
1070380154
2147483648
1069617917
0
1072000218
3221225472
1071960462
1073741824
1072124684
0
1071300795
1073741824
1072146142
536870912
1071856422
2147483648
1072680932
2147483648
1072203881
3221225472
1071232539
1073741824
1069955031
2147483648
1068987497
0
1071628166
1073741824
1069736568
2147483648
1070392526
0
1072230950
3758096384
1070580361
2147483648
1072060292
2147483648
1072561603
536870912
1071497926
0
1072451043
536870912
1071837794
0
1072290963
1073741824
1071649516
2147483648
1071870043
536870912
1072430469
1610612736
1072154559
1073741824
1072013542
3221225472
1069684790
0
1072501648
3221225472
1071302548
3221225472
1069830190
0
1071289449
3221225472
1072193637
0
1071786513
0
1071970198
1610612736
1072379993
0
1072150844
3221225472
1072468241
1610612736
1072294047
1610612736
1070245879
2147483648
1071813514
536870912
1071755534
1073741824
1071562082
1073741824
1069946970
2147483648
1068923582
0
1067522028
0
1072433652
2684354560
1070975769
3221225472
1071239540
1073741824
1070269912
0
1069149938
0
1072248251
2147483648
1071087144
3221225472
1072441159
1610612736
1071461100
1073741824
1072693247
2684354560
64
