Uvec
2226355706
1070724410
3221225472
1071157888
0
1072540797
2147483648
1067896378
0
1070826327
3221225472
1072445332
1610612736
1071794311
2684354560
1071930391
0
1070487833
2147483648
1072576835
2147483648
1072410742
1073741824
1071064950
1073741824
1070851519
2147483648
1066892828
0
1069721800
2147483648
1072143082
3221225472
1072654991
536870912
1072647469
1610612736
1071863844
3221225472
1072563216
0
1071986304
3758096384
1072416676
2684354560
1072458094
3221225472
1072494156
0
1071707622
2684354560
1067742632
0
1072247964
536870912
1071967901
2147483648
1069374309
0
1070734492
2147483648
1071710056
0
1069879672
2147483648
1070421030
0
1072626686
1610612736
1072569084
0
1071043114
1073741824
1072094067
3758096384
1068079046
0
1070097654
2147483648
1070494653
0
1072158686
2684354560
1070989222
0
1070949683
2147483648
1072423149
0
1070795061
0
1071676505
3758096384
1069459537
0
1072254792
3758096384
1071729686
2147483648
1071279257
1073741824
1071094376
2147483648
1069430040
0
1069049211
0
1067909336
0
1063929152
0
1070924317
0
1071515769
3221225472
1066865736
0
1067560340
0
1070504523
0
1071694072
3221225472
1067968964
0
1069374685
0
1069433629
0
1072277767
1073741824
1071937538
536870912
1072582289
536870912
1070257895
2147483648
1071798808
536870912
1072223015
3758096384
1071511727
1073741824
1072253562
3758096384
1072380561
0
1072500279
1610612736
1072586867
536870912
1071074782
0
1072320426
3221225472
1069566934
2147483648
1072437813
3758096384
1071914780
536870912
1071669487
1610612736
1070612596
3221225472
1072473453
2147483648
1069658796
0
1070688634
3221225472
1071302962
2147483648
1068699931
0
1072424112
2147483648
1071245416
1073741824
1071360500
0
1072588209
2147483648
1072244810
536870912
1071980813
2684354560
1072261775
536870912
1068724068
0
1067909426
0
1071036546
3221225472
1071186853
3221225472
1071461100
1073741824
1072693247
2684354560
75
