Uvec
2226355706
1072536135
536870912
1071711465
3221225472
1071624997
2147483648
1072068970
2684354560
1070791500
1073741824
1072692644
1073741824
1071693176
2684354560
1071552493
2147483648
1072541727
3221225472
1072363276
1610612736
1069434339
0
1071987440
3758096384
1072612096
3758096384
1068768193
0
1069140133
0
1072335130
3221225472
1071911872
536870912
1071698269
2147483648
1071892134
3758096384
1072650848
2147483648
1071848707
0
1070963389
1073741824
1072067070
3221225472
1070855286
1073741824
1071855771
1610612736
1071645019
2147483648
1070626163
2147483648
1072134996
536870912
1072129422
1610612736
1071315543
0
1072682473
1610612736
1071109383
3221225472
1070815867
1073741824
1067844664
0
1071843920
2147483648
1071607270
1073741824
1068674850
0
1072320302
3221225472
1071650940
1073741824
1070865644
2147483648
1072419313
0
1066711932
0
1072208432
2147483648
1072228096
1610612736
1071612658
1073741824
1070887319
3221225472
1069816778
0
1072029912
2684354560
1070596836
2147483648
1071939568
3758096384
1072137985
536870912
1072356261
1073741824
1071228897
1073741824
1072446446
3221225472
1071434564
0
1070626612
1073741824
1072492142
2147483648
1070732681
0
1072625422
1610612736
1071826298
2684354560
1071894395
1610612736
1068399094
0
1070602889
0
1071748655
536870912
1070049383
2147483648
1072079172
2684354560
1068252918
0
1069093604
0
1072506863
536870912
1072522295
3221225472
1072662562
3758096384
1072557120
536870912
1067677132
0
1068447324
0
1071722439
3758096384
1070983799
1073741824
1070859430
0
1071222258
0
1070493865
0
1070208762
2147483648
1072363370
1610612736
1071758657
0
1065684272
0
1067554254
0
1072615148
2684354560
1072546795
1073741824
1071865507
1073741824
1068063824
0
1070143681
2147483648
1071756005
3758096384
1072025101
1610612736
1070521991
2147483648
1070641916
1073741824
1071647159
1073741824
1071994712
3221225472
1068246512
0
1070924991
0
1071454500
0
1071461100
1073741824
1072693247
2684354560
56
