Uvec
2226355706
1069818755
2147483648
1072429311
1610612736
1072079599
0
1070728285
0
1070604885
1073741824
1072213143
3221225472
1069281325
0
1070775314
2147483648
1068657248
0
1071712197
0
1072276409
3221225472
1071937001
2684354560
1072336334
3221225472
1072478846
3221225472
1067981744
0
1072398892
1073741824
1072386881
3221225472
1070033091
2147483648
1072147206
536870912
1071715635
3221225472
1071922128
1610612736
1071979884
3221225472
1072454177
0
1071691886
2147483648
1072370210
2684354560
1071443229
2147483648
1069624347
0
1069361144
0
1070882980
2147483648
1070407969
0
1072406920
3221225472
1070369706
0
1071083461
0
1071732214
1610612736
1072242862
2147483648
1072373556
1073741824
1072103078
0
1071333207
3221225472
1070629907
1073741824
1072410569
0
1070709185
2147483648
1066171976
0
1072514201
3221225472
1072039579
536870912
1071601886
3221225472
1071404090
0
1072060349
1610612736
1071721532
536870912
1068848566
0
1071888875
536870912
1071808120
1610612736
1071864054
2147483648
1071789047
2684354560
1072430001
1073741824
1071345473
2147483648
1072484390
3758096384
1069882694
2147483648
1072248367
1073741824
1071913615
1610612736
1071730322
2147483648
1072143831
3221225472
1071890899
0
1070837243
1073741824
1070950402
2147483648
1072222993
536870912
1070877205
2147483648
1071486082
2147483648
1071693896
0
1070150048
0
1068478408
0
1071769886
3221225472
1070782013
3221225472
1069294111
0
1062233664
0
1068680330
0
1072174364
2147483648
1071783318
1073741824
1069838353
0
1066720664
0
1067863204
0
1072683521
0
1072430232
1610612736
1072384292
536870912
1071960909
3221225472
1070763533
0
1070770992
0
1071922823
1610612736
1069449340
0
1072546863
3221225472
1070615302
1073741824
1072687477
536870912
1069887679
2147483648
1070976817
1073741824
1062300416
0
1072223969
3221225472
1068927359
0
1071085564
3221225472
1072150445
2147483648
1071461100
1073741824
1072693247
2684354560
50
