Uvec
2226355706
1071330353
2147483648
1068493390
0
1069829551
2147483648
1071070243
1073741824
1069735015
2147483648
1070721808
2147483648
1072543273
1073741824
1072137893
3758096384
1072254993
0
1072537510
2147483648
1070693113
2147483648
1068791136
0
1071451703
3221225472
1072412977
0
1072620792
1610612736
1071643930
2147483648
1069572758
2147483648
1069217407
0
1068377976
0
1069631399
0
1064939280
0
1071743846
1610612736
1070927245
2147483648
1071719178
536870912
1070996303
2147483648
1067941108
0
1072571899
2684354560
1069562443
2147483648
1071702026
0
1071153838
1073741824
1071001417
0
1070697270
1073741824
1071860820
2147483648
1072588049
1073741824
1072260747
1073741824
1072138886
2684354560
1068557887
0
1070036477
0
1071593345
0
1071550052
0
1071212242
0
1069884353
0
1072100081
2147483648
1071473156
2147483648
1071782237
0
1071950629
3758096384
1072539330
3221225472
1072452286
2684354560
1072168033
3758096384
1072567609
1610612736
1072032635
3221225472
1067722284
0
1070534658
2147483648
1070938731
1073741824
1068638439
0
1071367705
1073741824
1070504208
0
1071846621
536870912
1072673057
0
1072611620
1610612736
1067147144
0
1072189656
1610612736
1072346240
1610612736
1072438122
2147483648
1072464056
3758096384
1072223464
2684354560
1071140428
0
1071261198
3221225472
1071981344
536870912
1068200886
0
1072253861
536870912
1071607012
0
1071548709
1073741824
1070955064
3221225472
1068772947
0
1068416420
0
1070646755
1073741824
1071985025
3758096384
1069828585
0
1071994526
2684354560
1072400001
2147483648
1068353330
0
1070040941
2147483648
1071235819
0
1071943008
0
1071950102
3758096384
1071024957
1073741824
1071966993
536870912
1071905674
0
1071972719
0
1069714956
2147483648
1071411376
3221225472
1070124102
2147483648
1072640620
1073741824
1067914656
0
1069705318
0
1072185552
3221225472
1070661011
3221225472
1071461100
1073741824
1072693247
2684354560
61
