Uvec
2226355706
1072419556
0
1069036098
0
1066502316
0
1072328395
2147483648
1071266553
3221225472
1069784157
2147483648
1071441256
1073741824
1069775412
2147483648
1070108147
0
1070717502
2147483648
1071029304
0
1072635358
536870912
1069657777
2147483648
1072385000
536870912
1069752459
2147483648
1072288805
1610612736
1072099350
2684354560
1071709808
3221225472
1072462433
2147483648
1069715253
0
1068557647
0
1071957795
3758096384
1068028360
0
1069592119
0
1071901403
1073741824
1072187747
2684354560
1069979205
0
1071433645
1073741824
1068837014
0
1072194020
2147483648
1067944112
0
1069502958
0
1069785755
0
1072458732
3221225472
1071709920
1073741824
1071462000
3221225472
1072235486
0
1071914656
3758096384
1072350954
2147483648
1072084451
2147483648
1071434139
3221225472
1069876533
2147483648
1072209682
2684354560
1070372321
0
1072138799
2684354560
1071678980
2684354560
1072374502
2684354560
1069723992
0
1072544388
3758096384
1070640246
1073741824
1072354143
2147483648
1066478092
0
1071693316
2684354560
1070887444
2147483648
1071579957
2147483648
1072351443
536870912
1071402571
2147483648
1071972843
2147483648
1072039374
536870912
1071163758
2147483648
1072409836
536870912
1071288613
0
1063288704
0
1072226822
2684354560
1066772456
0
1070210674
0
1072438072
0
1071784765
2147483648
1072622932
3221225472
1072164300
1073741824
1071280387
1073741824
1072319507
3758096384
1069101102
0
1070342629
2147483648
1070873121
2147483648
1071962864
2147483648
1072423401
2147483648
1072330128
1610612736
1072483353
2147483648
1072294148
3221225472
1070500028
2147483648
1068894176
0
1072503414
1073741824
1071927227
536870912
1072033455
536870912
1072643252
2684354560
1071323113
3221225472
1071294517
2147483648
1071794298
3221225472
1071858478
2684354560
1068005246
0
1072552502
1610612736
1072442042
0
1070681585
1073741824
1072306787
0
1071499340
1073741824
1070984913
1073741824
1072664369
2684354560
1071461100
1073741824
1072693247
2684354560
61
