Uvec
2226355706
1069527683
0
1072330015
0
1072364348
536870912
1069993480
2147483648
1072493583
1073741824
1071219438
1073741824
1072077437
0
1072606747
3221225472
1070287391
2147483648
1072491260
3758096384
1071678275
536870912
1068066132
0
1072038064
2147483648
1071134542
0
1071871489
3758096384
1070906567
1073741824
1071857577
536870912
1072306689
0
1069340371
0
1072095839
536870912
1069217996
0
1072482917
2147483648
1068837646
0
1068207368
0
1067743108
0
1071374796
1073741824
1072471553
3221225472
1070950396
3221225472
1071470853
2147483648
1069635306
2147483648
1072121710
3221225472
1072115510
2147483648
1072534376
1610612736
1068676295
0
1071814208
3221225472
1072059202
1073741824
1072202008
0
1071229500
2147483648
1069820555
2147483648
1069760314
0
1071198334
1073741824
1070894557
1073741824
1072023644
536870912
1070837062
3221225472
1070263369
2147483648
1071767511
1073741824
1071750739
2147483648
1071248979
1073741824
1070889042
0
1070312437
0
1072552506
1610612736
1069644465
0
1071919434
1610612736
1068061700
0
1070727477
3221225472
1070679783
3221225472
1071779853
3221225472
1071450169
2147483648
1066486928
0
1072544373
3221225472
1072164401
536870912
1071393592
0
1070389011
2147483648
1071919521
2147483648
1072107639
2684354560
1069400442
0
1072500544
2684354560
1071607075
2147483648
1070302265
2147483648
1072197945
536870912
1070953826
0
1068380940
0
1072412948
536870912
1072226843
1073741824
1071805050
536870912
1072118803
3221225472
1071890439
536870912
1072611514
2684354560
1070726282
1073741824
1068727585
0
1071993950
1073741824
1072405173
1610612736
1071796775
1610612736
1070963323
3221225472
1071624629
3221225472
1072689959
1610612736
1071087545
1073741824
1071300451
0
1071466037
3221225472
1072334048
1610612736
1072028276
2147483648
1071334739
3221225472
1070793930
2147483648
1071525129
3221225472
1072326225
536870912
1072304533
2147483648
1070964317
3221225472
1070007714
2147483648
1071461100
1073741824
1072693247
2684354560
39
