Uvec
2226355706
1071883970
0
1071752273
2147483648
1071965652
3758096384
1072225261
2147483648
1071577455
2147483648
1071431200
3221225472
1071036325
2147483648
1072350088
3221225472
1070266982
0
1069376402
0
1072609980
3758096384
1070168703
2147483648
1071399615
3221225472
1070094905
2147483648
1072566161
3221225472
1071932589
0
1070170634
0
1072560962
1610612736
1071788807
2684354560
1072202309
0
1070824797
3221225472
1072019632
2147483648
1070138362
2147483648
1072608554
1073741824
1071210191
3221225472
1072034239
536870912
1069388269
0
1071480673
3221225472
1069637295
0
1072405850
0
1067556272
0
1072213733
3221225472
1071080703
3221225472
1071818442
2147483648
1072659455
0
1070353170
0
1071300096
2147483648
1070278966
0
1071268579
1073741824
1072004953
1073741824
1072388093
3758096384
1071816326
3758096384
1072321169
3758096384
1067859602
0
1070838943
2147483648
1072466524
3758096384
1072193920
1610612736
1070730317
1073741824
1072129917
1073741824
1071956747
2684354560
1070545737
0
1072005853
2147483648
1071895734
2684354560
1072664576
3221225472
1072107698
1073741824
1068948458
0
1072680974
3758096384
1072471661
2684354560
1071898099
2684354560
1071706936
1610612736
1071443207
1073741824
1070861049
3221225472
1069358473
0
1072070275
2684354560
1070835844
0
1068863412
0
1072372922
2684354560
1072573210
1073741824
1070846451
0
1069390876
0
1068158252
0
1070711423
2147483648
1071043077
1073741824
1071859343
1610612736
1069149679
0
1072143131
3758096384
1069234689
0
1071213457
2147483648
1072117416
2147483648
1071398406
0
1072266492
2684354560
1072458685
1610612736
1071997717
0
1070665168
0
1069522251
0
1068218378
0
1071877622
0
1072563819
536870912
1070317813
2147483648
1072160590
2684354560
1070266339
2147483648
1071100566
0
1069848605
2147483648
1068609537
0
1069357106
0
1071977247
3758096384
1071969077
2147483648
1071861732
536870912
1071461100
1073741824
1072693247
2684354560
76
