Uvec
2226355706
1072093416
2147483648
1072203999
536870912
1071974466
1073741824
1070662876
2147483648
1071029726
0
1071908650
3221225472
1071133786
0
1071887525
0
1071839753
2684354560
1070924568
3221225472
1070154539
0
1070238565
0
1069063584
0
1071933570
0
1068713776
0
1069150331
0
1069582534
2147483648
1072169929
2147483648
1072347252
2147483648
1072666626
1073741824
1072598361
0
1070957888
1073741824
1072158243
2147483648
1071923051
536870912
1067863282
0
1072412355
0
1069329483
0
1072638617
1073741824
1072278459
2147483648
1069609330
2147483648
1071185781
3221225472
1071666194
1610612736
1071912311
1610612736
1072442919
536870912
1069917335
0
1072249642
3758096384
1071695253
3221225472
1070379771
0
1071561207
0
1072492990
0
1071624896
2147483648
1070087408
2147483648
1072138637
536870912
1069242673
0
1071687338
3221225472
1072046882
1610612736
1071654382
3221225472
1071617179
2147483648
1072074731
2684354560
1072303885
0
1068587237
0
1069585109
0
1072408898
1610612736
1071952823
1073741824
1068165348
0
1070704093
0
1068604493
0
1069438821
0
1070257282
2147483648
1072482688
2147483648
1072115406
3221225472
1070844678
0
1071676400
1610612736
1072243654
2684354560
1068241178
0
1071274692
1073741824
1068693743
0
1071766713
1610612736
1071720537
2684354560
1071421471
3221225472
1071633626
0
1058511872
0
1071978508
0
1070626260
0
1072093766
1073741824
1072531843
1610612736
1071475144
1073741824
1068489522
0
1071018254
0
1070929288
1073741824
1072649624
536870912
1072004851
2684354560
1071966518
536870912
1072504114
2684354560
1071626287
1073741824
1071681293
536870912
1071821738
2147483648
1070474478
2147483648
1071495143
3221225472
1071107706
0
1071825875
3221225472
1070922725
3221225472
1071783524
536870912
1071179960
0
1072312510
0
1069725432
2147483648
1071340607
2147483648
1070494417
0
1071461100
1073741824
1072693247
2684354560
78
