Uvec
2226355706
1071460844
0
1069367052
0
1070879533
2147483648
1070090567
2147483648
1072202530
1073741824
1069326222
0
1071466451
0
1071725781
2147483648
1072236981
2147483648
1070042952
0
1071054335
2147483648
1072143638
0
1070179741
2147483648
1071764097
3758096384
1070752376
3221225472
1071855857
3758096384
1071635130
3221225472
1071026428
3221225472
1072104220
2684354560
1069114174
0
1071805934
3758096384
1070201548
2147483648
1071808398
1610612736
1069280785
0
1071976812
2684354560
1072681212
0
1072353679
3221225472
1072564541
2684354560
1071600870
0
1071355353
0
1065703720
0
1071759116
3221225472
1068605095
0
1072039030
2684354560
1072133205
1610612736
1070406975
2147483648
1070815870
3221225472
1071316337
1073741824
1072466070
536870912
1072578480
1073741824
1071719399
2147483648
1071324812
2147483648
1072600636
2684354560
1071622198
3221225472
1071383128
0
1071716638
2684354560
1069910176
2147483648
1072444958
536870912
1071976757
3221225472
1072273258
536870912
1066708736
0
1071978463
1073741824
1072273151
3758096384
1070722053
1073741824
1069698580
2147483648
1072461563
3221225472
1072300169
1610612736
1068668925
0
1069623913
0
1071924718
3221225472
1072640742
3221225472
1071312003
1073741824
1072152786
1073741824
1071564076
1073741824
1072276091
2147483648
1071598614
0
1072637346
1610612736
1071907273
2684354560
1071655158
2147483648
1072304332
0
1070764055
1073741824
1071697825
1073741824
1072036271
536870912
1071168698
2147483648
1072670281
2147483648
1071821657
0
1069083652
0
1071728960
2684354560
1072560327
2684354560
1069289940
0
1069066977
0
1071326380
0
1069574605
2147483648
1069656593
0
1069402570
0
1071776699
0
1069493343
0
1069218557
0
1072549735
536870912
1065716416
0
1072428606
3758096384
1072351492
0
1072569495
3758096384
1072069955
1610612736
1071794652
2684354560
1069653264
0
1072259662
1610612736
1070001352
2147483648
1071461100
1073741824
1072693247
2684354560
4
