Uvec
2226355706
1069705085
0
1072481115
0
1072367612
0
1072515099
3758096384
1069719854
2147483648
1071194999
2147483648
1071971889
536870912
1072193779
2684354560
1071873531
2684354560
1072477392
2147483648
1070880792
0
1071168742
1073741824
1071926904
1610612736
1070072476
2147483648
1071422008
0
1071655128
3221225472
1071269316
1073741824
1071712431
0
1070439824
0
1072022371
2147483648
1072222003
2147483648
1066785648
0
1070451280
2147483648
1071299182
1073741824
1070176734
2147483648
1071224395
2147483648
1071818206
3221225472
1072350437
2147483648
1072505000
3758096384
1070597272
2147483648
1071475881
2147483648
1070836141
1073741824
1071879459
0
1072461988
0
1072073707
3758096384
1071574731
3221225472
1067920688
0
1072421539
536870912
1070292657
2147483648
1069952430
2147483648
1070747496
3221225472
1071668540
3221225472
1071143736
0
1072452465
2684354560
1069887667
2147483648
1069606533
0
1071954313
0
1072495418
536870912
1071639467
0
1071106937
0
1067675740
0
1071079716
1073741824
1068586746
0
1071837568
3221225472
1071897967
3221225472
1071032073
3221225472
1072613507
0
1072272968
536870912
1071669467
2684354560
1071243679
3221225472
1072383317
3221225472
1072563564
1073741824
1071779762
536870912
1070455051
0
1071839197
0
1070767476
2147483648
1072090156
3758096384
1071458354
3221225472
1072584318
3758096384
1072417855
0
1069854923
2147483648
1069831122
0
1071471600
1073741824
1071728600
3221225472
1072183541
0
1069656474
2147483648
1071962771
0
1070984872
1073741824
1070238062
2147483648
1072564542
0
1070959323
3221225472
1072124220
0
1072277615
2684354560
1072004193
1610612736
1070122148
0
1067579736
0
1072243503
0
1071120732
0
1070184156
0
1070759616
2147483648
1069015523
0
1070115560
0
1071238857
1073741824
1071191188
1073741824
1072587623
1073741824
1072468650
2147483648
1072185919
1610612736
1072212945
3221225472
1071461100
1073741824
1072693247
2684354560
77
