Uvec
2226355706
1071549409
2147483648
1070136577
2147483648
1070352415
2147483648
1069909168
0
1069242398
0
1070130441
2147483648
1070331274
0
1072126207
2684354560
1072538532
3221225472
1063906784
0
1068467560
0
1070299628
0
1069607036
2147483648
1067422276
0
1069910646
0
1071970033
3221225472
1071593830
2147483648
1065817176
0
1071803872
2684354560
1072056973
3221225472
1067838888
0
1071807320
2147483648
1072239015
2147483648
1070673098
0
1072242230
3221225472
1070924684
0
1072257831
3758096384
1070686795
0
1072457549
2684354560
1071085793
3221225472
1072158624
3221225472
1067748318
0
1072581328
536870912
1071650816
1073741824
1072323086
2684354560
1068111600
0
1069119907
0
1072675500
3221225472
1070776888
0
1070579305
2147483648
1071342960
0
1071085104
3221225472
1072459113
2684354560
1071810655
1073741824
1070866866
0
1071987593
1073741824
1070849827
1073741824
1072641421
3758096384
1071023025
3221225472
1072211249
3221225472
1072176423
3758096384
1072689137
3221225472
1071180563
3221225472
1071681401
3221225472
1072345043
3758096384
1070544834
0
1071300159
1073741824
1071639604
2147483648
1072157332
536870912
1072446158
2684354560
1072651304
2684354560
1072613985
1610612736
1070978619
3221225472
1070855599
3221225472
1068728753
0
1072434681
2147483648
1071981330
2147483648
1070429807
0
1071880574
3758096384
1072341386
2147483648
1071276978
1073741824
1067241328
0
1072609311
1610612736
1072109822
1610612736
1072273904
536870912
1072261770
1610612736
1072195493
3758096384
1068597506
0
1072359173
536870912
1072169661
536870912
1070915454
3221225472
1069673106
0
1072631845
2684354560
1069569530
0
1070966225
1073741824
1072659589
0
1069170589
0
1070802194
1073741824
1070820005
0
1071115310
0
1072392368
2147483648
1068003126
0
1071896178
536870912
1071041049
1073741824
1069957441
2147483648
1071844188
3758096384
1071434285
1073741824
1071893029
536870912
1071461100
1073741824
1072693247
2684354560
71
