Uvec
2226355706
1072424538
536870912
1072408162
536870912
1071010462
3221225472
1072575770
3221225472
1070927256
2147483648
1072543540
3758096384
1069130628
0
1072350722
1073741824
1072301875
536870912
1071894715
2684354560
1071818544
1610612736
1072649294
2684354560
1069630363
2147483648
1072643032
536870912
1067060068
0
1072098338
536870912
1071397581
1073741824
1072339956
0
1071659613
0
1071623900
3221225472
1071704862
536870912
1071721278
2147483648
1072314995
0
1065875760
0
1068857751
0
1070004787
2147483648
1071267914
2147483648
1071931802
2684354560
1072030964
2147483648
1072016140
1073741824
1072677017
2684354560
1070285776
2147483648
1067112044
0
1071369307
1073741824
1071318897
2147483648
1070709406
1073741824
1070668650
2147483648
1065159280
0
1069970008
2147483648
1071105575
1073741824
1072654904
536870912
1070771176
3221225472
1072564735
2684354560
1072159966
3758096384
1072483160
536870912
1070585899
0
1072252461
1610612736
1070539269
2147483648
1072231199
1610612736
1070815842
3221225472
1069787344
0
1069164417
0
1072199572
3758096384
1070967299
0
1072214848
3221225472
1068281386
0
1069101446
0
1072359873
3221225472
1067678854
0
1072301118
3758096384
1071350491
1073741824
1069615009
0
1072414754
3758096384
1070465906
0
1070513000
0
1071684530
3758096384
1072403815
1610612736
1072320599
3758096384
1071068614
3221225472
1071762408
536870912
1072312623
536870912
1070699605
1073741824
1071541393
1073741824
1070627756
2147483648
1071022069
2147483648
1071974266
2147483648
1070237427
0
1072380930
3221225472
1070438564
0
1072410240
2684354560
1072010461
2147483648
1071839295
536870912
1071460453
1073741824
1070353764
2147483648
1069508003
0
1071437623
2147483648
1071852061
3758096384
1072606495
2684354560
1072115231
1610612736
1070818915
3221225472
1069375299
0
1070393289
2147483648
1071839756
1610612736
1071376635
1073741824
1072292847
536870912
1072308403
1073741824
1071827376
3221225472
1072401692
0
1071461100
1073741824
1072693247
2684354560
76
