Uvec
2226355706
1071959307
3221225472
1072377857
1073741824
1071785761
2147483648
1072361255
3758096384
1072379164
1073741824
1071714982
1073741824
1072625863
3758096384
1071593989
3221225472
1071136519
2147483648
1071936924
0
1072082128
2684354560
1071285019
0
1072162950
0
1071992406
2684354560
1072555212
1610612736
1067028932
0
1069210480
0
1072446137
3758096384
1072163773
2684354560
1072681831
3221225472
1070585792
0
1069340664
0
1070900754
1073741824
1072116941
536870912
1072688968
1073741824
1072138149
0
1070422195
2147483648
1071385008
1073741824
1067677036
0
1071476644
3221225472
1072641845
3758096384
1069762670
0
1070816218
1073741824
1071283204
3221225472
1072235279
2684354560
1070803433
1073741824
1071926582
1610612736
1069910446
0
1070484549
0
1071636458
3221225472
1068236280
0
1063525408
0
1072193822
2147483648
1072408442
1073741824
1071175114
3221225472
1066238352
0
1071737877
0
1070621258
2147483648
1072663023
3758096384
1072251637
536870912
1071026664
1073741824
1071957639
1610612736
1072103417
1073741824
1070109821
0
1070958538
2147483648
1069544663
0
1071867461
2684354560
1072233407
3758096384
1070712857
3221225472
1071733815
3758096384
1070447608
0
1067808844
0
1071617240
1073741824
1071725006
3758096384
1071834926
3758096384
1072276693
2684354560
1071667766
0
1070999713
1073741824
1072615540
2147483648
1070463110
0
1071646914
2147483648
1071397064
3221225472
1072324097
1610612736
1070141410
0
1071066528
2147483648
1071942587
0
1072541326
2684354560
1072399175
1073741824
1071898291
2147483648
1067460454
0
1071795519
2147483648
1070113849
2147483648
1072474624
2684354560
1069804770
0
1070440146
2147483648
1072504495
3758096384
1070657045
1073741824
1071161848
1073741824
1069885235
0
1069243681
0
1072690475
2684354560
1071792066
3758096384
1072410262
3758096384
1071763792
2684354560
1072376443
1610612736
1069462961
0
1071719761
536870912
1070777608
1073741824
1071461100
1073741824
1072693247
2684354560
52
