Uvec
2226355706
1072158941
0
1070724483
0
1072156797
1073741824
1072441751
0
1070645728
3221225472
1071733473
536870912
1071777983
1610612736
1070884558
0
1072475287
3221225472
1071667462
0
1072415470
1610612736
1066467328
0
1072248370
1073741824
1072491402
0
1069986173
2147483648
1072275973
0
1072016710
2684354560
1071074866
1073741824
1071391049
1073741824
1069991587
2147483648
1071811746
1610612736
1069642244
2147483648
1069386324
0
1069213121
0
1069587895
2147483648
1072368275
0
1071818899
3221225472
1072199678
536870912
1070839638
3221225472
1072356991
536870912
1069467134
0
1070519495
2147483648
1069381124
0
1071997644
3758096384
1072259433
1073741824
1072308480
2684354560
1071972716
0
1072020297
3758096384
1071829310
3758096384
1070775535
0
1071582382
3221225472
1071086623
2147483648
1069714068
0
1069661852
2147483648
1071562874
3221225472
1072462335
3221225472
1071495213
3221225472
1071985834
0
1072079512
0
1068588552
0
1072164948
536870912
1070258722
2147483648
1072457605
2147483648
1072436261
3758096384
1069753037
2147483648
1072275185
536870912
1070383125
0
1072130254
3221225472
1070741942
1073741824
1070917374
0
1070908845
3221225472
1071678342
3221225472
1072195198
1610612736
1069605487
2147483648
1071860814
1073741824
1071220008
3221225472
1072420852
536870912
1071378348
2147483648
1072623944
3758096384
1071204051
2147483648
1071688911
1610612736
1070397289
0
1071663664
1073741824
1072354614
1073741824
1069845630
0
1068158076
0
1070497509
2147483648
1072005354
0
1072584528
1610612736
1072213981
1073741824
1072071202
0
1072680442
536870912
1072214755
2147483648
1070991364
0
1070556208
0
1070796524
2147483648
1068417684
0
1071486668
3221225472
1071096769
1073741824
1069854295
0
1070523796
0
1071822303
1073741824
1071871418
1610612736
1072435926
3221225472
1068733702
0
1072612533
3221225472
1071608041
1073741824
1070144330
2147483648
1071461100
1073741824
1072693247
2684354560
39
