Uvec
2226355706
1072445421
2684354560
1069699120
0
1071917758
0
1072436743
1073741824
1072539675
3758096384
1071881607
2684354560
1072259210
1073741824
1072180198
0
1071881421
2684354560
1071678771
3221225472
1068271764
0
1068943547
0
1068590907
0
1071429029
1073741824
1072112817
536870912
1069248021
0
1070648695
3221225472
1072001746
3221225472
1072406186
1073741824
1071366628
2147483648
1072151578
2684354560
1072605883
2147483648
1072144709
2684354560
1070509440
2147483648
1071434295
3221225472
1072648415
1610612736
1072547105
1073741824
1072374434
2684354560
1072346350
3758096384
1071891111
1610612736
1072530011
1610612736
1071788914
1073741824
1071787506
3221225472
1070095839
2147483648
1069859514
2147483648
1069010396
0
1071111032
2147483648
1072277690
1610612736
1070756665
0
1071945493
1073741824
1071186600
1073741824
1072141134
1073741824
1072105925
1073741824
1072066347
536870912
1063722848
0
1072155757
2147483648
1071566108
3221225472
1064496272
0
1071564975
2147483648
1072490439
2684354560
1068809587
0
1072251037
1610612736
1068322448
0
1065082736
0
1067531546
0
1071650212
2147483648
1072641282
536870912
1070984441
3221225472
1072037065
2147483648
1067801076
0
1072571377
0
1071685211
2147483648
1070797600
1073741824
1070660701
3221225472
1069599859
0
1071752738
1073741824
1071075569
0
1072186716
1610612736
1071821627
1610612736
1070028498
2147483648
1072277980
3221225472
1070947874
2147483648
1071950224
536870912
1070593513
2147483648
1071688436
0
1072670184
3221225472
1071745049
0
1071832700
2147483648
1072166218
536870912
1072470049
2147483648
1069600590
0
1071426346
0
1072537261
3221225472
1071726716
3758096384
1070704472
1073741824
1070599171
0
1071426914
3221225472
1071128287
0
1072129618
0
1071889296
1073741824
1071605025
3221225472
1071781989
0
1071382807
3221225472
1071614159
1073741824
1072605048
2684354560
1071675991
2147483648
1072220653
1073741824
1070720143
0
1071461100
1073741824
1072693247
2684354560
60
