Uvec
2226355706
1072402215
1610612736
1071063436
1073741824
1071539237
1073741824
1072139257
0
1070770314
2147483648
1070309332
2147483648
1070579716
0
1070975669
3221225472
1072392410
1073741824
1071757599
2684354560
1071099702
0
1072508034
1073741824
1072153524
1610612736
1070077927
0
1068572859
0
1071767008
3221225472
1072210168
3221225472
1072564559
2147483648
1072330755
0
1070825853
0
1071792019
2684354560
1071545002
0
1071885290
2684354560
1067292052
0
1068598005
0
1071214073
2147483648
1071100208
3221225472
1068479354
0
1071977358
1610612736
1070632134
0
1070755456
2147483648
1071948450
2684354560
1071224676
2147483648
1072377492
1610612736
1072494369
1073741824
1071125079
0
1071072116
2147483648
1069347745
0
1072615271
1073741824
1070103061
2147483648
1071010694
3221225472
1072081809
3221225472
1072266552
2684354560
1071571634
3221225472
1072394290
536870912
1071793209
1073741824
1071950290
1073741824
1071799378
0
1070126423
2147483648
1072382154
0
1072303434
3758096384
1064721920
0
1072249866
0
1069426759
0
1071434820
2147483648
1071995102
2684354560
1071226808
0
1071741620
0
1069860166
2147483648
1071984070
1073741824
1071873545
536870912
1071144334
3221225472
1072275334
1073741824
1071887244
2147483648
1070602676
1073741824
1069390813
0
1071827806
2684354560
1070915974
2147483648
1070958030
3221225472
1068138306
0
1068748607
0
1072626692
2684354560
1071941516
536870912
1071515434
3221225472
1072252921
3758096384
1071137227
0
1068827970
0
1072322600
2147483648
1072658866
2684354560
1070720349
0
1072479540
3758096384
1072107857
536870912
1070900014
3221225472
1071848387
3221225472
1069586150
0
1071575258
1073741824
1070474494
2147483648
1069683971
0
1070682902
0
1070453938
0
1071843856
536870912
1070486196
2147483648
1070669960
0
1070858589
0
1071292626
3221225472
1070627052
1073741824
1071065104
1073741824
1069087045
0
1071461100
1073741824
1072693247
2684354560
55
