Uvec
2226355706
1070975596
3221225472
1071130939
1073741824
1071997341
1073741824
1072137251
0
1070157401
0
1070425436
2147483648
1071142278
2147483648
1072224488
2147483648
1069931865
0
1070696165
2147483648
1071099739
1073741824
1072616436
2147483648
1072648058
1610612736
1072678959
1073741824
1072053838
1073741824
1071483839
0
1072343821
536870912
1071773408
2684354560
1072326815
2684354560
1069637357
2147483648
1069262164
0
1072463728
2684354560
1066686852
0
1071153759
2147483648
1065661472
0
1071287121
0
1072519396
3758096384
1071680144
1073741824
1068556964
0
1071183238
0
1072077920
2147483648
1072004709
0
1070794592
1073741824
1072689994
2147483648
1063572640
0
1070092434
0
1072456481
3758096384
1070317703
0
1070287492
0
1071350572
1073741824
1072622939
536870912
1071771316
0
1072500084
3221225472
1070869245
2147483648
1071764582
1073741824
1070284466
2147483648
1071216312
2147483648
1067873728
0
1072093515
1610612736
1072263192
1610612736
1072353836
3221225472
1070381931
0
1070173282
0
1072111537
2684354560
1072032783
3758096384
1072089860
2684354560
1070261084
2147483648
1067500164
0
1072231677
0
1071300682
1073741824
1072143014
3221225472
1072115781
0
1070972841
1073741824
1067430772
0
1070589919
0
1071942314
1610612736
1071043188
1073741824
1071018714
0
1071866910
1073741824
1072083785
536870912
1071919551
3221225472
1067613692
0
1063408928
0
1070946312
1073741824
1072167538
2147483648
1071226353
1073741824
1068797899
0
1072264261
1610612736
1072436474
3758096384
1071399120
0
1064793344
0
1072447299
536870912
1070033942
2147483648
1070679070
1073741824
1072632101
2147483648
1071828817
1073741824
1071855385
2684354560
1072384326
3758096384
1070270762
2147483648
1071345907
3221225472
1071112371
1073741824
1072513831
3221225472
1072166168
1073741824
1071850695
1073741824
1072514153
3221225472
1071537800
3221225472
1067996732
0
1070694075
1073741824
1071461100
1073741824
1072693247
2684354560
5
