Uvec
2226355706
1071329810
1073741824
1071809787
0
1070419539
0
1072542579
2147483648
1072125354
2684354560
1070126191
0
1069667749
0
1070353309
2147483648
1070728041
1073741824
1072652534
3221225472
1068506930
0
1072539980
0
1070293930
2147483648
1071794381
1610612736
1069856261
2147483648
1072231146
0
1071168818
3221225472
1072605315
1610612736
1072569372
536870912
1072182225
3221225472
1068605979
0
1067249252
0
1070828167
3221225472
1071075011
1073741824
1071018979
1073741824
1070676823
2147483648
1071819777
1073741824
1070161597
2147483648
1071703248
3221225472
1069596082
2147483648
1072403261
3221225472
1070337695
0
1071976421
2147483648
1072453724
3758096384
1070676764
3221225472
1072420153
3221225472
1068992612
0
1071473800
3221225472
1072429980
0
1070697667
2147483648
1070822180
1073741824
1072456211
536870912
1070427360
2147483648
1071902376
3221225472
1066986120
0
1070679164
2147483648
1071047548
3221225472
1070244480
2147483648
1070462680
2147483648
1071154043
2147483648
1072434211
3758096384
1071959241
3221225472
1070673448
0
1072121982
3221225472
1071980838
2684354560
1072229405
2147483648
1071343388
2147483648
1072214754
1610612736
1072584963
2684354560
1072610647
2684354560
1071576456
0
1066094648
0
1071089141
0
1071808785
536870912
1066964844
0
1071905060
0
1070754677
1073741824
1070212522
2147483648
1067560308
0
1071977665
1610612736
1071703842
2147483648
1072653518
536870912
1069620700
0
1071619541
2147483648
1072620329
0
1072324938
0
1069628876
2147483648
1070670900
0
1071163189
0
1071881070
0
1070532616
2147483648
1068605661
0
1072005237
2147483648
1071684346
1073741824
1072213365
1610612736
1071793495
536870912
1071234486
2147483648
1070220764
0
1072388907
2147483648
1072654942
0
1072317014
1610612736
1070661384
0
1070067041
0
1069452844
0
1071152095
2147483648
1069215123
0
1070924555
2147483648
1070513444
2147483648
1071461100
1073741824
1072693247
2684354560
96
