Uvec
2226355706
1072162562
3758096384
1070854214
2147483648
1071753808
0
1070984278
2147483648
1071818299
2684354560
1071646494
1073741824
1070861293
3221225472
1069120566
0
1071175990
2147483648
1068760890
0
1071183619
0
1072157591
536870912
1072423964
536870912
1071326790
3221225472
1071276549
1073741824
1071362003
3221225472
1071421310
1073741824
1071599377
2147483648
1071834166
2147483648
1071713813
3221225472
1069856069
0
1072252231
536870912
1072536875
1073741824
1072010589
2684354560
1070691983
1073741824
1070555487
0
1069796434
2147483648
1071771338
1073741824
1072111862
0
1072557691
2147483648
1072026707
1610612736
1072691935
0
1071851594
0
1070863978
1073741824
1071120378
2147483648
1072446729
1610612736
1072593799
3221225472
1071769857
2147483648
1070620270
2147483648
1070148607
0
1071895598
1073741824
1069023320
0
1072377089
3758096384
1070904992
3221225472
1071065373
1073741824
1071338044
0
1072279779
3758096384
1070923912
0
1069383345
0
1071513656
2147483648
1070004936
2147483648
1070108500
2147483648
1071762670
3758096384
1072522159
0
1072519405
2684354560
1072600663
0
1068392862
0
1070792206
2147483648
1068075664
0
1069593779
2147483648
1071862541
2684354560
1071914396
536870912
1070571837
0
1069694575
2147483648
1072642843
2684354560
1072607459
3758096384
1071314590
0
1071774222
0
1070984129
3221225472
1072134704
1073741824
1064912976
0
1070296495
2147483648
1071277364
2147483648
1071394167
1073741824
1066399656
0
1071809773
536870912
1072255374
1073741824
1070841319
0
1071918906
1073741824
1066047472
0
1069874685
0
1072277499
2147483648
1071994553
1610612736
1070717584
3221225472
1072597575
536870912
1072246929
536870912
1069536049
0
1070450631
2147483648
1064757648
0
1071984284
3758096384
1071783353
3758096384
1072558478
0
1069704937
0
1072560654
1073741824
1072559335
536870912
1071392185
0
1069600791
2147483648
1069701824
2147483648
1071461100
1073741824
1072693247
2684354560
62
