Uvec
2226355706
1072181887
2147483648
1072263692
536870912
1072565849
2147483648
1072012333
536870912
1072522244
3758096384
1071135000
0
1069781868
2147483648
1072175808
3221225472
1064277760
0
1071816493
1610612736
1072626537
2147483648
1069818029
0
1069981015
0
1071881155
536870912
1072401940
1073741824
1069130100
0
1071467775
2147483648
1072124919
1073741824
1071806106
1610612736
1071701105
3221225472
1070446368
2147483648
1071806694
2147483648
1071127587
0
1068396544
0
1070247117
2147483648
1071163831
2147483648
1071484243
3221225472
1072609925
0
1070372455
0
1070083572
0
1070870160
3221225472
1071798551
1073741824
1070164510
0
1071738260
1610612736
1070136911
2147483648
1072073239
3221225472
1072622969
3221225472
1071785631
1610612736
1072410470
2684354560
1071676597
0
1071884561
1610612736
1072534965
536870912
1071444576
0
1071202415
3221225472
1072469845
1610612736
1072161635
3221225472
1069809122
0
1072365445
3221225472
1072393537
536870912
1071897751
1073741824
1072351370
536870912
1071988621
2684354560
1072495393
536870912
1071089583
2147483648
1070861887
3221225472
1069777018
2147483648
1069341098
0
1070138427
0
1070748717
2147483648
1070237793
0
1072309375
3758096384
1070647127
2147483648
1071712374
1073741824
1071922404
2684354560
1071760418
536870912
1069181942
0
1069866655
0
1071071638
2147483648
1071740277
0
1068660088
0
1070934050
2147483648
1071038420
0
1071042616
1073741824
1071067803
2147483648
1070879896
3221225472
1072452789
1610612736
1070666481
1073741824
1071918927
3758096384
1071584790
1073741824
1072521233
1610612736
1069608120
2147483648
1072502583
2147483648
1070910168
1073741824
1071344308
1073741824
1070882628
3221225472
1072092197
1073741824
1072665346
1073741824
1070877565
3221225472
1070939618
1073741824
1070785364
2147483648
1070985903
0
1071310554
2147483648
1071486935
2147483648
1071716605
2147483648
1070904295
1073741824
1069709110
0
1072119077
536870912
1071325961
1073741824
1071461100
1073741824
1072693247
2684354560
90
