Uvec
2226355706
1072024241
3758096384
1071934784
2147483648
1072317834
1610612736
1067787848
0
1072250449
2684354560
1070648817
1073741824
1067396436
0
1072404682
2147483648
1071640300
3221225472
1070223057
0
1072259632
1073741824
1072235922
1073741824
1072035142
536870912
1071880827
3221225472
1072351446
0
1068837130
0
1072439466
2684354560
1071464653
0
1071237857
3221225472
1071537085
0
1066687860
0
1072406145
3221225472
1071876851
536870912
1066795800
0
1070662371
0
1072319462
1610612736
1068511933
0
1066843520
0
1071948819
1073741824
1071748223
1073741824
1071729175
1073741824
1071746002
2684354560
1071127385
2147483648
1070379105
2147483648
1071991501
2147483648
1070953328
2147483648
1071831164
2684354560
1068979507
0
1069792093
0
1071803270
1610612736
1071548532
1073741824
1071778548
0
1070438520
2147483648
1072414942
3758096384
1072405923
1610612736
1070258425
0
1072273876
1610612736
1070872180
1073741824
1066009168
0
1071417300
1073741824
1067381848
0
1071965609
1610612736
1072119205
3221225472
1069753673
2147483648
1072333415
1610612736
1072287352
2147483648
1072150297
3221225472
1072480861
536870912
1072381856
1073741824
1072620754
2147483648
1070007078
2147483648
1071759805
2147483648
1071839292
536870912
1071759157
1073741824
1071694426
0
1072562152
536870912
1068501151
0
1070404387
2147483648
1072215101
536870912
1066881628
0
1071840144
0
1070643690
3221225472
1070655049
1073741824
1066450108
0
1062423424
0
1072324915
2684354560
1071702139
1073741824
1071908037
1610612736
1072446781
3221225472
1070864515
2147483648
1071897747
536870912
1072371950
1073741824
1071830943
1610612736
1070702755
3221225472
1072119609
0
1070244621
0
1072363226
0
1071972121
1610612736
1071349003
0
1069824450
0
1069739183
2147483648
1071670539
1073741824
1070348316
0
1070747263
1073741824
1069230647
0
1070881759
3221225472
1072111732
2684354560
1068904599
0
1071461100
1073741824
1072693247
2684354560
12
