Uvec
2226355706
1072354843
0
1072515655
1610612736
1072405991
3758096384
1069670421
0
1071952741
0
1071509916
3221225472
1071467393
3221225472
1070505461
2147483648
1071531007
2147483648
1072210312
2147483648
1070821625
3221225472
1071234369
3221225472
1067477138
0
1068892000
0
1072096637
3758096384
1070553722
2147483648
1069488539
0
1070428601
2147483648
1071713612
1610612736
1072196484
1610612736
1070616430
3221225472
1069376507
0
1072116558
1610612736
1071896901
3221225472
1072238672
1610612736
1070313944
0
1072669054
536870912
1072209203
1610612736
1072167582
2147483648
1071663694
2684354560
1071714184
536870912
1070271289
2147483648
1072170745
2684354560
1072321379
1610612736
1070441227
0
1071775463
1073741824
1072476795
1610612736
1071730798
3758096384
1072408196
3221225472
1071878297
0
1072483386
2147483648
1072419592
1073741824
1072559616
1610612736
1070170540
0
1071733840
2684354560
1071482881
2147483648
1069833896
2147483648
1072247990
2147483648
1071879920
3221225472
1072086266
3758096384
1072678302
2684354560
1070959357
2147483648
1068064466
0
1072687172
536870912
1072456658
1073741824
1069651110
2147483648
1069645230
2147483648
1071640891
1073741824
1072605603
3221225472
1072581080
0
1071809349
3221225472
1072592918
536870912
1066162656
0
1072406133
3221225472
1072115785
2684354560
1071816570
536870912
1071771424
0
1068991386
0
1071258428
0
1070779581
1073741824
1072620665
1610612736
1072284268
536870912
1070927594
2147483648
1070059482
2147483648
1068129154
0
1071478154
0
1071665725
3758096384
1071335997
2147483648
1071339041
1073741824
1071663846
2147483648
1072466676
1073741824
1069273993
0
1072244581
1610612736
1072478304
1073741824
1070249568
2147483648
1071674517
1610612736
1072565156
536870912
1065079456
0
1070774507
3221225472
1072123951
3221225472
1071281271
0
1072100505
3221225472
1070960628
3221225472
1071920229
1610612736
1072097259
2147483648
1071844746
0
1070740885
1073741824
1066410812
0
1071461100
1073741824
1072693247
2684354560
67
