Uvec
2226355706
1068377834
0
1072638582
2147483648
1068779361
0
1072189167
2147483648
1071854812
3221225472
1072652713
2684354560
1072361066
2684354560
1071867939
2684354560
1072023215
2684354560
1072212547
2684354560
1072436570
1610612736
1071250114
1073741824
1071650501
2684354560
1071481134
0
1071733443
0
1069714597
2147483648
1072301607
3758096384
1069691663
0
1070708792
2147483648
1072346564
2684354560
1071892345
1610612736
1071913272
2684354560
1070910970
2147483648
1071934636
3758096384
1071952715
2147483648
1071143623
0
1068656435
0
1065223216
0
1071871752
1073741824
1072593787
3758096384
1071697190
3221225472
1072235988
3221225472
1072644577
3221225472
1069686718
2147483648
1072022333
536870912
1071904706
2684354560
1069104488
0
1072164562
2147483648
1071271393
3221225472
1071314593
2147483648
1071445851
3221225472
1072149135
536870912
1072636048
1610612736
1071994155
2147483648
1072648259
3758096384
1071888348
3221225472
1072151944
3758096384
1071887477
3758096384
1071755864
536870912
1071628667
2147483648
1070702725
1073741824
1071977493
2147483648
1071292001
1073741824
1072350849
3221225472
1072215987
1073741824
1070769782
3221225472
1071098723
3221225472
1071997859
3221225472
1072436661
3221225472
1070195802
0
1070928354
0
1071837835
2684354560
1072457367
1610612736
1072373683
1073741824
1070368319
2147483648
1071439310
1073741824
1068950112
0
1070958824
1073741824
1071726071
2147483648
1069724316
2147483648
1071780085
2684354560
1069563071
0
1069724108
2147483648
1072494344
3221225472
1068011114
0
1071916348
3758096384
1069764172
2147483648
1072582488
536870912
1070526394
0
1072214987
536870912
1072604324
536870912
1071812628
2147483648
1071861939
3758096384
1072575140
2147483648
1072193208
536870912
1071981008
2684354560
1065202096
0
1069312268
0
1068961879
0
1070759559
3221225472
1070184256
2147483648
1071517622
1073741824
1068973011
0
1069030860
0
1072284546
3221225472
1071897872
536870912
1069476370
0
1071875913
1610612736
1071461100
1073741824
1072693247
2684354560
20
