Uvec
2226355706
1068951018
0
1072117893
2147483648
1070116836
2147483648
1071217829
0
1070772464
3221225472
1072414924
3758096384
1072186908
1610612736
1071329166
0
1071222728
2147483648
1072592789
3221225472
1071618479
1073741824
1070774202
1073741824
1065618952
0
1068534350
0
1072120458
2684354560
1070062464
2147483648
1069906491
2147483648
1072592804
536870912
1072041969
3221225472
1072446576
0
1072564308
536870912
1070372440
2147483648
1072563732
536870912
1072281976
1073741824
1064078880
0
1069222202
0
1070185261
0
1070890709
0
1072345377
1610612736
1071679094
3221225472
1071955852
2147483648
1070635109
1073741824
1067947406
0
1071305681
3221225472
1068787677
0
1071906165
1073741824
1071783798
536870912
1069820025
0
1069446458
0
1068631313
0
1070247024
2147483648
1070604608
1073741824
1072599180
2147483648
1071597842
2147483648
1069909278
0
1071188094
0
1072104504
1073741824
1071342765
1073741824
1071412519
2147483648
1071270152
2147483648
1072541327
1073741824
1072648159
2147483648
1071990510
536870912
1072383308
3758096384
1072026538
536870912
1071437591
0
1072191980
1610612736
1072017883
3221225472
1071106936
2147483648
1072027297
0
1071967473
0
1069373132
0
1070266359
0
1072021238
1073741824
1070525882
2147483648
1071939643
3758096384
1071745730
0
1066708164
0
1071539933
1073741824
1072081669
2684354560
1068665179
0
1071253025
0
1071896351
3758096384
1069743035
2147483648
1071784943
536870912
1072681596
3758096384
1071046639
3221225472
1072273685
3221225472
1068641434
0
1069153833
0
1069853594
0
1071858021
2147483648
1072438465
2147483648
1071864640
0
1067333100
0
1072658925
2147483648
1069641486
2147483648
1072171253
1610612736
1070854586
2147483648
1070919997
0
1072277158
3221225472
1072601525
3758096384
1072565074
2684354560
1069895417
2147483648
1071568243
0
1069265257
0
1072678289
1073741824
1069982705
0
1071461100
1073741824
1072693247
2684354560
28
