Uvec
2226355706
1070793287
1073741824
1072658174
1610612736
1071090073
0
1071819402
3221225472
1072138338
2147483648
1068635612
0
1072493238
3758096384
1067530194
0
1070551048
2147483648
1071797021
536870912
1072212494
2147483648
1072308298
1610612736
1071977102
0
1072124244
0
1070774633
1073741824
1072370181
2147483648
1072298397
0
1072597695
536870912
1072032749
1073741824
1069483381
0
1072284064
1610612736
1071723058
3758096384
1072684759
3221225472
1068884846
0
1072280194
2147483648
1071897553
3221225472
1068560458
0
1072677086
2147483648
1071089970
1073741824
1071167929
1073741824
1071443470
0
1070772234
1073741824
1068627202
0
1069387792
0
1071348753
1073741824
1071041528
3221225472
1070217945
2147483648
1072345379
2684354560
1070831856
3221225472
1070944458
1073741824
1069876826
2147483648
1072647115
0
1068183908
0
1071764699
3221225472
1071703100
3758096384
1072404448
2684354560
1070658103
3221225472
1071856566
2147483648
1072224942
536870912
1070789056
1073741824
1071792301
1610612736
1071099020
3221225472
1071816025
1610612736
1072327695
0
1072361872
2684354560
1072167293
3758096384
1071257068
2147483648
1067920852
0
1071992536
2147483648
1072541775
3221225472
1072272743
3758096384
1070821926
1073741824
1072289025
3758096384
1072067910
3758096384
1070931859
3221225472
1070537259
2147483648
1070636039
2147483648
1072240930
1073741824
1070881476
3221225472
1066765288
0
1072018060
3221225472
1072079198
3221225472
1069128288
0
1072430804
1610612736
1068513038
0
1070591895
2147483648
1072667373
1073741824
1068185868
0
1067002608
0
1070463178
0
1066765396
0
1072295083
2684354560
1070742889
2147483648
1072525883
0
1070823878
2147483648
1071709731
0
1070761270
1073741824
1071735087
1073741824
1070473729
2147483648
1071699221
2684354560
1071168227
1073741824
1069478006
0
1069618832
2147483648
1068904408
0
1071898264
1610612736
1070609886
0
1071010153
0
1069786086
0
1071461100
1073741824
1072693247
2684354560
67
