Uvec
2226355706
1069241904
0
1071742541
2684354560
1071918995
3221225472
1070718687
2147483648
1070529115
0
1068557157
0
1068644493
0
1072115285
2684354560
1072424525
1610612736
1072562112
0
1071848691
3221225472
1069019952
0
1071987483
2684354560
1072024033
0
1071965906
536870912
1071891737
1610612736
1072365345
3221225472
1072070451
1610612736
1071985394
0
1071983445
3758096384
1070141126
0
1072649616
1073741824
1071842786
3221225472
1071002304
1073741824
1072509162
1073741824
1072520310
3758096384
1067611586
0
1071973775
1610612736
1068768824
0
1070784242
0
1071618887
1073741824
1072345139
2684354560
1072290144
1073741824
1068645916
0
1072396043
1073741824
1072300508
2684354560
1070773388
1073741824
1072688595
536870912
1072291628
1073741824
1070972707
1073741824
1072075046
0
1072042263
3758096384
1071184002
0
1069763432
2147483648
1068725949
0
1072543777
3758096384
1071888281
3221225472
1070929788
1073741824
1070063577
2147483648
1071204762
2147483648
1071671774
2147483648
1072521846
1610612736
1070293787
0
1070264165
0
1069093061
0
1071463806
1073741824
1068138620
0
1072541968
0
1069893239
0
1071878819
3758096384
1070403330
2147483648
1070960658
3221225472
1071978935
0
1072075909
2684354560
1072551785
0
1070839257
0
1072005378
536870912
1069414360
0
1072277549
2684354560
1070930260
2147483648
1072438904
2147483648
1071741489
3758096384
1071296191
0
1072121461
1073741824
1070840960
2147483648
1072464911
3758096384
1071702681
0
1072249054
1073741824
1066884584
0
1071002702
0
1071547091
1073741824
1070914769
1073741824
1072409066
2684354560
1072597950
3758096384
1072477412
2684354560
1070833063
3221225472
1071697799
2684354560
1070955514
1073741824
1072261746
3758096384
1071880700
3758096384
1071855824
0
1070914038
3221225472
1070888370
1073741824
1072467660
3221225472
1072103319
1610612736
1071974612
536870912
1070153219
0
1069068182
0
1071461100
1073741824
1072693247
2684354560
9
