Uvec
2226355706
1072573489
1073741824
1069280916
0
1071793227
3758096384
1072325561
1073741824
1072435741
1610612736
1071763227
2684354560
1071906638
3758096384
1070878888
1073741824
1070937900
1073741824
1072664578
1073741824
1072611284
2147483648
1072068516
3758096384
1071793094
3758096384
1071969440
1073741824
1071899412
3758096384
1072117844
1610612736
1071799528
536870912
1068579716
0
1070683067
3221225472
1069773202
2147483648
1069246512
0
1072195545
3758096384
1071861144
3758096384
1072557348
1073741824
1071946800
2147483648
1071323639
2147483648
1070309392
0
1071974219
536870912
1072284205
2147483648
1071495240
0
1069751862
2147483648
1072519583
2684354560
1071809466
1610612736
1071975346
0
1068659120
0
1070548053
0
1070300741
2147483648
1070712675
1073741824
1068932553
0
1067634918
0
1069726109
0
1069615217
0
1072008182
2147483648
1067482852
0
1065836736
0
1070458419
0
1070916779
0
1072626566
3758096384
1072182771
1610612736
1071029494
1073741824
1067808870
0
1072241141
3221225472
1068990537
0
1071834601
2684354560
1070379683
0
1071252368
2147483648
1070459308
2147483648
1072502189
3758096384
1069313087
0
1072014404
2684354560
1072289371
3221225472
1070167743
0
1070018892
2147483648
1072393244
1073741824
1072415264
3221225472
1071039709
2147483648
1071758136
1610612736
1072119370
3221225472
1072033607
2147483648
1071680217
1073741824
1072553420
1610612736
1072651325
3758096384
1072514220
0
1072266583
2684354560
1072016288
1610612736
1071835002
2684354560
1072053580
2684354560
1072661088
536870912
1070609393
2147483648
1070618997
1073741824
1069887377
2147483648
1070631513
3221225472
1072032590
3758096384
1071910036
1610612736
1072026717
3758096384
1072676545
3758096384
1071420084
3221225472
1070431171
2147483648
1071647114
2684354560
1071963940
1610612736
1072450207
3758096384
1072107545
3758096384
1071911005
1073741824
1071871901
1610612736
1069140119
0
1072586630
2684354560
1069091017
0
1072243689
3758096384
1071461100
1073741824
1072693247
2684354560
72
