Uvec
2226355706
1068278372
0
1071095290
2147483648
1072175958
2147483648
1070946929
0
1070385829
2147483648
1068408892
0
1065405728
0
1072312683
3221225472
1070391876
2147483648
1072321932
3221225472
1071494316
3221225472
1069675920
0
1071847146
0
1072226821
1610612736
1072528092
1610612736
1070485546
2147483648
1071242322
1073741824
1071941615
1073741824
1070823529
0
1068721846
0
1072113934
1073741824
1071668481
1073741824
1071906834
0
1072548853
3758096384
1072619184
536870912
1071341818
1073741824
1069532161
0
1071603505
1073741824
1071736265
536870912
1071509362
0
1072562712
3221225472
1071924566
3221225472
1071867487
0
1072425795
1610612736
1067158104
0
1071950930
1610612736
1071864647
1073741824
1071149004
3221225472
1070280393
2147483648
1072155057
536870912
1069287923
0
1070025853
0
1072507138
3221225472
1071758369
3758096384
1071924826
2684354560
1069480456
0
1070242030
2147483648
1071465238
1073741824
1072580187
1610612736
1069914680
2147483648
1069759508
2147483648
1070122136
2147483648
1069777347
0
1071543204
1073741824
1068878535
0
1071964245
1073741824
1072322597
1073741824
1069657197
0
1072515928
1073741824
1067943066
0
1072129930
3758096384
1072336782
0
1068549571
0
1071997238
2684354560
1069723529
2147483648
1071699836
0
1071895341
536870912
1070869324
2147483648
1062513600
0
1070604120
3221225472
1072095531
1610612736
1072659330
3758096384
1068653048
0
1071634344
3221225472
1072119476
1073741824
1071478372
1073741824
1071666566
3221225472
1072619705
2147483648
1072571142
536870912
1071773220
2147483648
1071926688
1073741824
1072566111
3221225472
1070192554
2147483648
1070831988
0
1071145115
3221225472
1069382599
0
1071278105
2147483648
1072365150
0
1068749634
0
1072595992
536870912
1069953373
0
1072283657
1610612736
1071797321
0
1071722791
3221225472
1069434799
0
1069868477
0
1071345550
3221225472
1072070940
3221225472
1071461100
1073741824
1072693247
2684354560
52
