Uvec
2226355706
1072425146
2684354560
1072487051
1610612736
1072335883
1073741824
1071762124
0
1072346631
1073741824
1072250046
1073741824
1065038448
0
1071762055
536870912
1071943578
536870912
1070989222
0
1070779888
2147483648
1072124788
3221225472
1071680909
1610612736
1071776333
1073741824
1066083632
0
1072158952
3221225472
1071246738
1073741824
1071225581
2147483648
1071633578
1073741824
1071467730
0
1070502870
0
1070535209
2147483648
1072309898
3758096384
1072271892
3758096384
1072230358
0
1067817430
0
1071507304
0
1071747040
3758096384
1072470755
3758096384
1071329799
3221225472
1071746075
1073741824
1072275157
3221225472
1071645555
3758096384
1072256608
1073741824
1069615140
2147483648
1071904520
3221225472
1071667445
1073741824
1069692352
2147483648
1071215455
1073741824
1071090771
3221225472
1070098062
2147483648
1071531513
3221225472
1068197948
0
1071938886
3221225472
1072155006
2684354560
1071101546
3221225472
1071752156
3221225472
1069664912
2147483648
1071720598
3221225472
1071416541
1073741824
1071631917
0
1071700502
3758096384
1072313937
3221225472
1071936184
1610612736
1069654316
0
1071702388
3758096384
1072051731
3758096384
1071192008
2147483648
1071861587
3221225472
1072193439
536870912
1072322177
3758096384
1071744642
1073741824
1070862599
2147483648
1071215043
3221225472
1071160240
3221225472
1072191102
2684354560
1071310898
3221225472
1069056174
0
1070484045
0
1071155087
0
1071753399
3221225472
1069788802
0
1071723438
3221225472
1071862563
2147483648
1072538223
0
1071890861
1610612736
1072640043
536870912
1072452188
2147483648
1070968978
2147483648
1072131519
2147483648
1071716220
2684354560
1072678316
3221225472
1072099146
2147483648
1070644939
0
1071167495
1073741824
1070378491
0
1069698349
0
1071429440
3221225472
1070520532
2147483648
1069448546
0
1071038403
2147483648
1071557420
3221225472
1072589319
1073741824
1072016256
2147483648
1070480030
2147483648
1071321171
2147483648
1072104709
1073741824
1070080047
0
1071461100
1073741824
1072693247
2684354560
11
