Uvec
2226355706
1071865290
2147483648
1069743720
0
1072558641
0
1070368798
2147483648
1071873150
0
1071243892
2147483648
1072638859
2684354560
1072433529
0
1068110294
0
1069230304
0
1071907168
1073741824
1072603574
3758096384
1072186841
1073741824
1069780948
0
1071795839
1610612736
1072417178
3758096384
1072372410
0
1072146919
2147483648
1072291514
3758096384
1071209635
0
1068748744
0
1071863582
3221225472
1072288377
2684354560
1071653666
536870912
1068581557
0
1068344270
0
1071799971
2147483648
1072139341
536870912
1072669209
3221225472
1071684877
3221225472
1072548212
0
1071930663
3758096384
1070167413
2147483648
1071869687
3221225472
1072186923
1610612736
1072421737
1073741824
1069932236
0
1072214344
1073741824
1071188405
2147483648
1072012946
2684354560
1072289018
2147483648
1072360758
1610612736
1071643284
0
1072152145
3758096384
1072320222
1073741824
1072496811
1073741824
1072470756
0
1071828351
0
1070030596
2147483648
1071483245
1073741824
1070768536
1073741824
1069396411
0
1072047374
2684354560
1072676419
2684354560
1072613589
1610612736
1070073260
0
1071665496
536870912
1071915161
536870912
1070182812
2147483648
1069707897
0
1071738076
0
1064286912
0
1071689244
536870912
1071413532
2147483648
1072188711
1610612736
1069882992
2147483648
1070636239
3221225472
1071678803
0
1071906138
2147483648
1071233618
3221225472
1072638119
536870912
1068967413
0
1070961631
0
1071194887
2147483648
1068939952
0
1070111605
0
1071255071
1073741824
1072296582
1610612736
1072514447
1073741824
1072564878
1610612736
1070773644
1073741824
1070708811
3221225472
1065425856
0
1072082682
3221225472
1066726772
0
1071540516
0
1071522406
3221225472
1070797273
3221225472
1070770729
1073741824
1072266118
0
1072526797
2147483648
1072219910
3221225472
1069618783
2147483648
1072528406
3758096384
1072321444
3758096384
1070374083
0
1066366440
0
1072274621
536870912
1071461100
1073741824
1072693247
2684354560
95
