Uvec
2226355706
1072322437
3221225472
1070724233
1073741824
1071709324
536870912
1072064209
1073741824
1070600079
2147483648
1070587144
2147483648
1071860573
2147483648
1072285089
1610612736
1072513238
3221225472
1070432924
2147483648
1071898181
1073741824
1072642065
536870912
1071484283
1073741824
1066279056
0
1071654671
536870912
1072243071
2147483648
1072617731
3221225472
1071744988
2684354560
1072641539
536870912
1072358228
0
1072151571
3221225472
1071738261
0
1071376356
3221225472
1071912377
2684354560
1072018860
3758096384
1068306842
0
1070968154
2147483648
1071624476
0
1070375210
0
1070773832
1073741824
1072245725
0
1072547543
3221225472
1071452290
2147483648
1071682063
0
1071329347
0
1072666320
0
1071998071
1073741824
1072631387
2147483648
1066497112
0
1071434804
3221225472
1071180167
0
1071045204
1073741824
1072336901
2147483648
1069247501
0
1072613986
2684354560
1072151316
3758096384
1070397586
0
1072058583
3758096384
1071204280
1073741824
1072405333
3758096384
1071120501
1073741824
1072274163
1073741824
1071562469
0
1071898682
3758096384
1071405277
2147483648
1070949850
3221225472
1070005927
0
1070858828
3221225472
1072129241
1073741824
1066563116
0
1071714295
1073741824
1068207296
0
1071071646
0
1071823865
1073741824
1071325985
1073741824
1071909866
2147483648
1072385713
536870912
1070255320
0
1070667616
2147483648
1072583547
1073741824
1071692743
2147483648
1072012290
2147483648
1071950237
1073741824
1072153924
2147483648
1071774027
3758096384
1071255661
0
1071670847
3221225472
1067703232
0
1070602081
0
1070974621
3221225472
1066626112
0
1070841063
3221225472
1066972704
0
1072268952
1073741824
1071777453
3758096384
1072416324
2684354560
1070007849
0
1071733330
1610612736
1071815298
1610612736
1069841802
0
1072616040
3758096384
1072266934
1610612736
1071242140
1073741824
1071863533
536870912
1071990329
2147483648
1071619605
3221225472
1072142798
2684354560
1071285063
2147483648
1071461100
1073741824
1072693247
2684354560
61
