Uvec
2226355706
1072443419
2147483648
1071432791
2147483648
1072629690
1610612736
1071833723
2147483648
1070800508
2147483648
1072432303
3758096384
1068575549
0
1072622201
536870912
1071746861
2147483648
1070913900
3221225472
1071661730
3758096384
1067853698
0
1068724773
0
1072648044
3221225472
1072525801
1610612736
1071727494
3221225472
1071235608
2147483648
1072505807
1610612736
1072529454
3758096384
1071898571
1610612736
1071096391
2147483648
1072119453
2147483648
1070498690
2147483648
1069447192
0
1072023021
3221225472
1072239748
1610612736
1070863947
1073741824
1066175624
0
1072151253
0
1069766707
2147483648
1070846566
2147483648
1070343387
2147483648
1071485395
0
1071277495
3221225472
1072079863
3758096384
1072280494
536870912
1072504426
1610612736
1070803718
2147483648
1072378455
2147483648
1072139015
3758096384
1072153515
1610612736
1071855064
1610612736
1070628820
1073741824
1072026875
536870912
1071857148
2684354560
1071743238
1073741824
1072625705
1073741824
1071724421
1610612736
1065659032
0
1072187334
3758096384
1070428578
0
1072535860
1073741824
1069733495
0
1072444680
1610612736
1071664630
536870912
1071307746
3221225472
1070407524
0
1069832121
2147483648
1071831828
2684354560
1070662418
0
1071874293
1610612736
1070316516
2147483648
1070242483
0
1071215174
1073741824
1071717733
536870912
1069913514
0
1069334767
0
1071922768
1610612736
1064549312
0
1072090491
3221225472
1072148342
536870912
1070744851
2147483648
1072228988
1073741824
1069563773
0
1072414488
2147483648
1071797000
3221225472
1072247282
3221225472
1070974297
2147483648
1070469631
0
1072571775
1073741824
1070824718
1073741824
1069723542
0
1067389620
0
1072397763
2147483648
1067483100
0
1070194099
2147483648
1069299086
0
1072052336
3758096384
1070862830
2147483648
1070820010
0
1072540716
0
1063569952
0
1070042339
2147483648
1071113537
2147483648
1071569901
0
1072365682
0
1072006980
2147483648
1072521741
3758096384
1071461100
1073741824
1072693247
2684354560
24
