Uvec
2226355706
1071506737
3221225472
1069009920
0
1064555232
0
1069331521
0
1072403157
0
1072083614
2147483648
1071784664
2684354560
1071054252
0
1072495526
0
1072339905
3221225472
1070851776
3221225472
1072074253
536870912
1072643380
2147483648
1072077024
2684354560
1071552965
1073741824
1070553653
0
1072441170
2684354560
1071705639
0
1070831453
3221225472
1071655519
0
1067629372
0
1070758483
1073741824
1067729558
0
1071237529
2147483648
1072036892
1073741824
1071811858
3221225472
1070048786
0
1067565962
0
1070188946
0
1070799296
0
1072612622
536870912
1071912146
3221225472
1072105352
536870912
1070994487
1073741824
1072296505
536870912
1072080119
3758096384
1070194340
2147483648
1072403661
536870912
1072423025
1073741824
1071173575
1073741824
1072119825
3221225472
1070637355
1073741824
1064969120
0
1072610888
3221225472
1071733165
2684354560
1071808499
1073741824
1069841387
2147483648
1070610656
0
1071478709
1073741824
1071901719
1073741824
1072540404
3221225472
1070167621
2147483648
1072155482
1610612736
1072353279
536870912
1071862168
1073741824
1066566396
0
1071065180
3221225472
1068955934
0
1069204069
0
1072328586
1610612736
1066189632
0
1072439573
0
1066641224
0
1066845688
0
1072081219
536870912
1071326954
0
1071999199
0
1072164400
1073741824
1072309811
1073741824
1072597292
0
1071271613
0
1070930969
2147483648
1072078568
536870912
1072516573
0
1071911907
2684354560
1070787989
1073741824
1072545660
1073741824
1072349315
1073741824
1065804008
0
1071283191
2147483648
1072614690
3221225472
1071370851
0
1071766885
1073741824
1072518205
536870912
1072499493
536870912
1071926182
1610612736
1072456522
2147483648
1070146468
0
1071914403
536870912
1071724603
536870912
1070587225
2147483648
1072168286
2684354560
1071332071
2147483648
1072513334
0
1072356275
1610612736
1069237987
0
1071143832
1073741824
1072213618
536870912
1071461100
1073741824
1072693247
2684354560
11
