Uvec
2226355706
1070811567
0
1071983179
536870912
1070445651
2147483648
1072596279
1610612736
1071743708
1610612736
1069705170
0
1071999711
3221225472
1072544270
2684354560
1071669759
3758096384
1071309599
0
1071666851
1073741824
1071753816
2684354560
1071931284
3221225472
1071772107
2147483648
1068140550
0
1072016784
3758096384
1069626573
0
1070756575
3221225472
1070725885
2147483648
1071196904
3221225472
1071818443
2147483648
1069714207
0
1071625081
2147483648
1072091407
1610612736
1072661707
1610612736
1071918704
3221225472
1072327679
2147483648
1071741635
2147483648
1072564831
2147483648
1070030591
2147483648
1069904537
2147483648
1070575292
0
1072280200
1073741824
1071017921
2147483648
1071882202
2147483648
1071325537
3221225472
1071830128
1073741824
1070641183
2147483648
1072621762
2684354560
1070137622
2147483648
1067135788
0
1072403822
2684354560
1069465033
0
1070105295
2147483648
1071522904
1073741824
1072363454
2684354560
1072275792
2147483648
1072022681
3221225472
1069601676
2147483648
1065429096
0
1071728574
1073741824
1067062132
0
1071705641
0
1071634752
3221225472
1071946822
2147483648
1070897630
3221225472
1071914689
3758096384
1071107652
3221225472
1071745542
3758096384
1071479608
3221225472
1070776549
1073741824
1072237332
2147483648
1069681169
2147483648
1072513524
1610612736
1072412690
3221225472
1072361120
2147483648
1071696731
1073741824
1072518067
3221225472
1072327345
0
1072170111
536870912
1069808491
0
1071546211
3221225472
1071127485
3221225472
1071257343
0
1070949169
1073741824
1069305415
0
1071990161
536870912
1071746652
3221225472
1072667474
3221225472
1066580448
0
1069711506
2147483648
1072424348
3758096384
1069024497
0
1069671185
2147483648
1072074589
1073741824
1071253208
1073741824
1072140223
536870912
1072634640
2147483648
1070692654
2147483648
1071795030
3758096384
1069764729
2147483648
1071117508
1073741824
1069714121
0
1069764068
0
1070445164
0
1072100581
3758096384
1069860597
2147483648
1071132931
2147483648
1071461100
1073741824
1072693247
2684354560
29
