Uvec
2226355706
1070572276
2147483648
1069012812
0
1072495008
536870912
1072654614
3221225472
1068591840
0
1070650037
1073741824
1069979685
2147483648
1071704350
0
1072007257
2684354560
1070800251
1073741824
1071407264
2147483648
1070304161
2147483648
1070971057
1073741824
1071806705
2684354560
1071496823
3221225472
1070211142
2147483648
1070928741
0
1071325945
2147483648
1072620038
536870912
1072054399
3221225472
1072107122
2684354560
1072083095
2684354560
1069285178
0
1071046471
0
1071915275
1610612736
1070638658
2147483648
1071879491
2684354560
1072140820
536870912
1071521387
2147483648
1072683489
1073741824
1072395180
0
1071733581
3221225472
1070247405
0
1069930552
0
1068691534
0
1071894480
0
1072118669
2684354560
1067965368
0
1072596150
1073741824
1072597076
2684354560
1072534975
0
1071843415
3221225472
1071545280
1073741824
1069709748
2147483648
1069702032
2147483648
1072351417
3221225472
1071043828
2147483648
1070400410
2147483648
1070827010
0
1071881166
1610612736
1070202114
2147483648
1069126103
0
1071842388
1073741824
1071794831
2147483648
1071860397
1610612736
1072314350
3221225472
1072343865
2147483648
1072341087
2147483648
1068521054
0
1072513754
1073741824
1071046671
3221225472
1071936339
0
1072693167
2684354560
1071438553
0
1069998409
0
1065781192
0
1071970738
1073741824
1071198421
2147483648
1070179478
0
1072222589
1073741824
1070880190
2147483648
1072046999
0
1072655857
1073741824
1070026338
2147483648
1069559969
0
1071669928
536870912
1072457323
1073741824
1072245280
2147483648
1070672679
1073741824
1071916168
2147483648
1069841752
0
1070655259
0
1071857428
1610612736
1059224064
0
1072410658
1073741824
1070044315
0
1071990006
2684354560
1072098055
2147483648
1071722436
536870912
1068887471
0
1070428168
0
1071259582
0
1071661527
1610612736
1071887395
0
1071854426
0
1069804664
2147483648
1072235467
1610612736
1068395324
0
1071461100
1073741824
1072693247
2684354560
56
