Uvec
2226355706
1071204371
1073741824
1071370362
0
1072643996
3758096384
1070681910
1073741824
1072406195
1610612736
1072247836
0
1072584487
1610612736
1068580180
0
1072293519
3221225472
1071055103
0
1071596392
2147483648
1071417214
1073741824
1069346932
0
1068702206
0
1068517603
0
1070942355
1073741824
1068095498
0
1071414998
0
1071888558
536870912
1072681886
2684354560
1072104580
2147483648
1072495105
2147483648
1071727791
1610612736
1072581358
536870912
1072343615
536870912
1072692676
3221225472
1072600709
3758096384
1071622581
2147483648
1070929180
0
1070803195
0
1071859572
1073741824
1071791739
2147483648
1071295673
1073741824
1072148217
536870912
1068701290
0
1072233266
1073741824
1068599318
0
1069743505
2147483648
1070669424
1073741824
1071440102
1073741824
1072571954
0
1071165709
0
1070780965
0
1064267040
0
1069109839
0
1070210411
0
1071009029
0
1071061014
1073741824
1072522955
0
1070914087
1073741824
1072524340
0
1071577009
2147483648
1070348880
0
1072437261
3758096384
1072152469
1073741824
1069983201
0
1071014403
0
1072519707
3758096384
1068461978
0
1071965641
3221225472
1071680084
1610612736
1071755772
0
1070950944
0
1069338681
0
1070712487
1073741824
1066192504
0
1067001264
0
1072476259
1073741824
1069624965
0
1072608141
1073741824
1070848788
1073741824
1071076939
2147483648
1070383413
2147483648
1072216946
2684354560
1072672255
2147483648
1070322126
0
1072315967
2147483648
1072350372
2147483648
1070836308
2147483648
1071739166
536870912
1072493264
3758096384
1070981693
0
1071737236
3758096384
1069546814
0
1070678420
2147483648
1072090841
3221225472
1068385006
0
1072690238
3221225472
1071512594
2147483648
1072124616
1073741824
1071894526
3221225472
1072633302
3221225472
1068267062
0
1071735282
536870912
1070690180
0
1070872276
2147483648
1072032449
536870912
1071349588
1073741824
1071461100
1073741824
1072693247
2684354560
42
