Uvec
2226355706
1072512753
3221225472
1071143839
1073741824
1072251615
536870912
1072460514
0
1068524814
0
1071685838
3221225472
1070173849
2147483648
1072593343
536870912
1071544210
1073741824
1072308672
3758096384
1071487134
3221225472
1071505596
2147483648
1072191470
2147483648
1072308978
0
1066389592
0
1071883243
0
1072194149
2147483648
1071913248
3758096384
1072553723
3221225472
1071692266
3758096384
1072332755
2147483648
1070253263
2147483648
1070107331
2147483648
1072662351
3758096384
1068899914
0
1072664729
1073741824
1071264759
2147483648
1072314943
0
1071918681
0
1071010822
2147483648
1070829171
3221225472
1072040774
1073741824
1072012327
2147483648
1072009790
3758096384
1071852605
2147483648
1071023546
2147483648
1070334160
2147483648
1069603762
2147483648
1072466964
536870912
1071999268
3221225472
1070039942
2147483648
1070057907
2147483648
1071701742
2684354560
1072460381
3758096384
1071492503
3221225472
1071741040
0
1072239251
1073741824
1072115956
3758096384
1070725922
3221225472
1071912051
1610612736
1072428703
3221225472
1072150169
2684354560
1072126044
1073741824
1069572437
2147483648
1071065405
1073741824
1072107552
3758096384
1067677290
0
1072067256
3758096384
1067794530
0
1065353152
0
1071039407
1073741824
1072212834
2147483648
1069601418
2147483648
1071800998
3758096384
1066788368
0
1071890246
2147483648
1072327956
2147483648
1069580493
0
1071691893
1073741824
1071929948
0
1066514904
0
1069575649
2147483648
1071969469
536870912
1068403960
0
1072380118
1073741824
1071079045
0
1068502787
0
1072075351
2147483648
1071978626
3221225472
1070087094
0
1072183155
536870912
1070862813
2147483648
1070819402
2147483648
1069511572
0
1068821319
0
1070449963
2147483648
1072341194
2147483648
1072043185
1610612736
1072665540
2147483648
1072014109
0
1072329704
3758096384
1071657036
536870912
1072363269
1610612736
1070721082
0
1071783482
3221225472
1070265053
0
1072284094
2147483648
1068835442
0
1071461100
1073741824
1072693247
2684354560
75
