Uvec
2226355706
1072324260
536870912
1071753122
536870912
1069987485
0
1072488774
536870912
1072620174
2684354560
1069911789
2147483648
1072442428
3221225472
1070665412
3221225472
1071660445
536870912
1070428556
0
1072138262
0
1072162488
2147483648
1071619141
2147483648
1072521194
1073741824
1071665125
1610612736
1072129261
1073741824
1072526873
0
1070284337
0
1068509873
0
1071897870
536870912
1070534242
0
1068105758
0
1072520691
1073741824
1072340969
1073741824
1071761543
0
1070833331
0
1070821150
3221225472
1069526123
0
1071333890
0
1071981321
536870912
1072066898
1610612736
1071475499
0
1071655812
2147483648
1068435374
0
1070077117
0
1072012844
2684354560
1071257258
0
1071720193
1610612736
1072208174
2684354560
1071855940
3758096384
1071012237
3221225472
1071734560
2684354560
1072430563
2684354560
1071971095
1610612736
1072292469
1073741824
1068796140
0
1072297997
3758096384
1071575593
2147483648
1071863247
2684354560
1071302223
0
1071775203
2684354560
1072660574
3221225472
1070709328
1073741824
1072301752
3221225472
1072629087
3221225472
1071922582
2147483648
1071641602
1073741824
1071480917
3221225472
1072194841
2684354560
1071857048
1610612736
1071842622
2147483648
1071234172
2147483648
1071880775
3758096384
1069525818
0
1071291734
2147483648
1070260315
0
1071750628
3221225472
1072411010
2147483648
1071345633
1073741824
1071174877
1073741824
1071440472
0
1071336611
0
1072338407
0
1072653036
3221225472
1072028911
3758096384
1071202387
3221225472
1069297724
0
1072517125
0
1071984779
2684354560
1072551741
1073741824
1069990396
0
1071864943
3221225472
1072118417
3221225472
1069780796
2147483648
1071948756
0
1071760699
2147483648
1070398242
2147483648
1072499265
0
1071963878
1610612736
1071850737
3758096384
1071917210
0
1071418671
2147483648
1068827630
0
1072559273
0
1071985288
2147483648
1070701710
2147483648
1072223201
3758096384
1071621052
3221225472
1071461100
1073741824
1072693247
2684354560
89
