Uvec
2226355706
1071629916
2147483648
1071802912
536870912
1070134918
2147483648
1071673029
3758096384
1072225117
2147483648
1069723478
2147483648
1071727102
3758096384
1072053898
1073741824
1072230255
0
1072506018
1073741824
1070988299
1073741824
1070765541
0
1071172458
3221225472
1068526405
0
1071708244
536870912
1071064694
1073741824
1072131341
2147483648
1071615710
1073741824
1072194905
3221225472
1071397639
2147483648
1072012118
1073741824
1071953879
2147483648
1071627623
0
1071508471
0
1068927588
0
1072083233
1610612736
1072597301
3758096384
1071798409
3221225472
1072112726
1073741824
1070421338
2147483648
1071311428
3221225472
1071674368
536870912
1071972678
3758096384
1066324224
0
1069608212
0
1070297155
0
1072100014
3221225472
1071020229
2147483648
1070264404
2147483648
1071126004
3221225472
1072378245
2147483648
1071159677
0
1072299768
2684354560
1070791282
1073741824
1070457230
2147483648
1070776773
3221225472
1070527690
2147483648
1072139371
0
1071588142
2147483648
1072587555
3758096384
1068210796
0
1070829980
2147483648
1069370371
0
1072093133
2147483648
1071570639
2147483648
1072319391
536870912
1071665615
3221225472
1072076597
3758096384
1069295429
0
1070872662
0
1071336658
2147483648
1072163313
0
1068384252
0
1071425504
1073741824
1072065259
1073741824
1071153159
3221225472
1071694338
2147483648
1071828713
3221225472
1070809990
2147483648
1072506688
3758096384
1070678475
3221225472
1072421795
2147483648
1071950415
3221225472
1069721686
0
1071218422
2147483648
1072027276
2147483648
1072055569
0
1071936771
3758096384
1068663060
0
1072674555
2147483648
1064356080
0
1072223202
3221225472
1070904018
0
1071855742
0
1072632460
2147483648
1072246570
2684354560
1066309248
0
1072109918
3758096384
1070259468
0
1072339496
3758096384
1072531376
2147483648
1071734645
536870912
1071953587
2147483648
1072137480
2684354560
1071881340
1610612736
1065955208
0
1070360857
2147483648
1070930106
0
1071461100
1073741824
1072693247
2684354560
6
