Uvec
2226355706
1070217392
2147483648
1070476599
0
1072444807
0
1071879800
1610612736
1072268293
3758096384
1066779788
0
1069207021
0
1072427651
0
1072439838
536870912
1065173664
0
1071910215
1073741824
1071421172
3221225472
1069824589
2147483648
1072568331
3221225472
1071289742
1073741824
1064927296
0
1071677737
0
1069539810
0
1070019350
2147483648
1070266961
0
1072355752
1073741824
1069280249
0
1072108513
2684354560
1070726045
0
1071716626
3758096384
1072036778
3758096384
1072205824
1073741824
1071599444
1073741824
1072260682
536870912
1072174873
1610612736
1068379964
0
1070962175
2147483648
1071225958
2147483648
1071140557
0
1071478884
0
1072132409
2684354560
1072249918
536870912
1070579854
2147483648
1070299325
0
1068538241
0
1072337073
536870912
1071802876
536870912
1070223730
2147483648
1072620515
0
1070856825
3221225472
1071693725
1073741824
1071895311
1073741824
1069829209
2147483648
1061222528
0
1072235409
1073741824
1065823016
0
1068572370
0
1072466996
1610612736
1071770404
2147483648
1072095140
1073741824
1072540543
1610612736
1072172113
3758096384
1071526326
1073741824
1072102780
3221225472
1072344127
2684354560
1071659911
1610612736
1065858080
0
1072297591
2147483648
1070868558
1073741824
1071662867
0
1067685814
0
1072487253
1073741824
1071664096
3758096384
1071782147
3758096384
1066437944
0
1071667138
1073741824
1071502490
3221225472
1072556923
2684354560
1072200491
3221225472
1072596230
2147483648
1072243782
3758096384
1072582573
1610612736
1068910135
0
1072209006
2147483648
1070314671
0
1071428961
2147483648
1071953506
2684354560
1069617824
0
1070821071
0
1072217337
1610612736
1071458218
3221225472
1071301915
3221225472
1072375549
1073741824
1071994016
1610612736
1070321287
0
1071430942
3221225472
1072515715
3758096384
1071745407
3758096384
1072130871
3221225472
1071747177
1610612736
1072416859
1610612736
1072637984
2147483648
1071740871
536870912
1071461100
1073741824
1072693247
2684354560
13
