Uvec
2226355706
1071284929
2147483648
1072321831
3221225472
1071875583
0
1072287005
1610612736
1071541928
1073741824
1070963018
3221225472
1071810927
1073741824
1072292357
2684354560
1069712052
0
1070488093
2147483648
1071097462
2147483648
1071763064
1610612736
1071987381
2147483648
1072533691
3221225472
1071701561
1073741824
1072418318
3758096384
1069996785
0
1072467659
0
1072209612
536870912
1071421758
3221225472
1072152261
0
1071826762
1610612736
1071525108
3221225472
1069838465
2147483648
1071545821
2147483648
1072582562
2147483648
1070425269
2147483648
1072300192
2147483648
1064712832
0
1070424807
0
1064586160
0
1069340489
0
1072360211
3758096384
1069700252
2147483648
1065680136
0
1071984061
536870912
1070150116
2147483648
1072518762
536870912
1071338184
0
1069401269
0
1071973596
2147483648
1072084136
0
1071722190
3758096384
1071819894
3221225472
1070541915
2147483648
1071702859
0
1072615800
1073741824
1061275392
0
1072528644
0
1071492361
0
1072245057
0
1071641949
3221225472
1066563848
0
1072438556
536870912
1070680214
3221225472
1072339819
2147483648
1071691398
2684354560
1071367759
0
1071823995
536870912
1071184347
0
1072144931
2684354560
1071467092
0
1067475288
0
1071076076
1073741824
1071678958
2147483648
1071958926
0
1071491673
3221225472
1072006523
2147483648
1071565751
3221225472
1067181568
0
1072461933
1610612736
1071551838
0
1072651016
2147483648
1070556413
0
1070962873
1073741824
1072365443
0
1072067731
1610612736
1070581773
0
1070936905
2147483648
1068358750
0
1070751206
0
1072297047
2147483648
1071449083
0
1072569454
1073741824
1072042605
3758096384
1071734067
3758096384
1070788646
2147483648
1065790208
0
1072129143
3221225472
1072443985
536870912
1071734534
1610612736
1069867971
2147483648
1072471574
536870912
1069777735
2147483648
1072226975
1610612736
1072001461
2684354560
1071681096
3221225472
1069079258
0
1071461100
1073741824
1072693247
2684354560
0
