Uvec
2226355706
1072560784
2147483648
1071763258
0
1070893850
0
1069862212
0
1072515671
3221225472
1072635703
3221225472
1062323840
0
1071312847
3221225472
1067172592
0
1072537957
3221225472
1069187422
0
1070769213
3221225472
1070802468
2147483648
1072046623
1610612736
1071186838
2147483648
1072496971
2147483648
1069999219
2147483648
1072547573
2684354560
1071376404
0
1072265588
1610612736
1072524691
1073741824
1070457725
0
1071755426
536870912
1072591738
0
1069800622
2147483648
1071423092
2147483648
1070291431
2147483648
1072643288
536870912
1071479879
0
1070041083
2147483648
1072237445
0
1071795116
0
1071938892
0
1070797216
3221225472
1067743314
0
1072489529
536870912
1070824533
0
1070917102
0
1071593962
2147483648
1072584144
536870912
1072269018
3758096384
1071917786
1610612736
1069862618
2147483648
1071720606
1073741824
1069943463
0
1072655711
1610612736
1071893277
2684354560
1071974499
2147483648
1069770068
2147483648
1070075946
2147483648
1069248518
0
1071810296
536870912
1072162732
1073741824
1066626056
0
1071626525
1073741824
1070670284
3221225472
1071194313
2147483648
1069719795
2147483648
1072610976
536870912
1071794604
3221225472
1071078470
2147483648
1071574016
0
1070735040
1073741824
1071440772
0
1070374815
0
1070299317
2147483648
1070002459
0
1072332096
3758096384
1071835474
536870912
1071539057
0
1068955508
0
1071296123
0
1072308268
1073741824
1071978281
1073741824
1072185771
3221225472
1071963494
1610612736
1071082918
1073741824
1070758175
1073741824
1072367880
2147483648
1072143499
3221225472
1071411784
3221225472
1072454869
0
1065719016
0
1071366745
1073741824
1072188257
3221225472
1069778717
2147483648
1071269749
0
1071226490
2147483648
1071072019
3221225472
1071024025
1073741824
1070908789
0
1071215171
1073741824
1071389766
3221225472
1072680028
1610612736
1068283996
0
1071088308
0
1071335661
3221225472
1071884971
2684354560
1071461100
1073741824
1072693247
2684354560
42
