Uvec
2226355706
1069193346
0
1070601901
3221225472
1072586150
3221225472
1072084018
1073741824
1072494788
1610612736
1071583929
2147483648
1071257639
0
1070320146
0
1071123449
1073741824
1072463892
3758096384
1072608150
1073741824
1067272252
0
1072439980
3221225472
1070956419
2147483648
1070164373
2147483648
1071893231
1610612736
1068017676
0
1072045006
536870912
1067677288
0
1068073706
0
1072224274
2147483648
1072537120
2147483648
1072307022
2147483648
1072006795
0
1070190946
0
1068037318
0
1072184058
1073741824
1069006528
0
1071614886
1073741824
1071666275
3221225472
1071059446
0
1071503087
0
1071256544
3221225472
1069972398
0
1071104459
1073741824
1067828180
0
1072644318
1073741824
1071434028
3221225472
1071545865
0
1071908040
3758096384
1072575733
0
1070626397
1073741824
1072645997
1610612736
1072466111
1610612736
1071709140
1610612736
1071846879
3221225472
1070661067
3221225472
1072110278
1610612736
1071268501
3221225472
1070142275
2147483648
1070907595
2147483648
1070998851
3221225472
1071880486
1610612736
1072313894
3758096384
1072282430
1610612736
1069050758
0
1071219188
3221225472
1068704963
0
1071799393
536870912
1072579613
0
1072324367
536870912
1072483374
1073741824
1071868955
3221225472
1071013901
0
1069961740
0
1072048227
2684354560
1071895167
3758096384
1071736213
1073741824
1072684043
3221225472
1070951339
3221225472
1070873878
0
1068926773
0
1072658325
1073741824
1071576637
3221225472
1072035224
2684354560
1072043146
0
1071167395
3221225472
1070826516
3221225472
1069223669
0
1072062353
1073741824
1071703398
1610612736
1072166105
2147483648
1071226821
1073741824
1068780820
0
1071717994
2147483648
1072686084
3221225472
1070334285
0
1069758349
2147483648
1072121930
2684354560
1071788330
1610612736
1071055792
1073741824
1070888580
1073741824
1071574777
1073741824
1069142163
0
1071811158
2147483648
1072280053
536870912
1071954981
1610612736
1071144267
3221225472
1071461100
1073741824
1072693247
2684354560
64
