Uvec
2226355706
1071947586
0
1072093617
1073741824
1072362264
1610612736
1072034061
2684354560
1069335461
0
1071852880
3221225472
1072138036
3758096384
1072383935
2684354560
1071953618
3758096384
1071789219
536870912
1069674438
2147483648
1070996909
3221225472
1070619306
1073741824
1072518406
0
1072470468
2684354560
1070438547
0
1071999879
2684354560
1071229907
2147483648
1072527801
3221225472
1069030992
0
1071292112
3221225472
1071806277
3758096384
1071002860
0
1071148071
2147483648
1068141136
0
1071879803
3758096384
1071843418
3758096384
1070236755
0
1068835519
0
1070599692
3221225472
1071237328
1073741824
1072616496
2147483648
1072198970
536870912
1069161051
0
1069693239
0
1072345560
1073741824
1071963918
3221225472
1070934027
3221225472
1071802691
2147483648
1070936780
3221225472
1071696956
1073741824
1068466238
0
1072364426
3758096384
1067024460
0
1067645802
0
1072374883
2684354560
1072604050
2147483648
1071676672
2147483648
1070996994
2147483648
1072014753
1610612736
1071788417
3758096384
1071009565
2147483648
1072658497
1073741824
1067970208
0
1071761281
1073741824
1071820252
0
1070255178
2147483648
1072646648
536870912
1066466672
0
1072041107
3221225472
1071807084
3221225472
1071688638
3221225472
1072536251
1073741824
1066964196
0
1069984348
2147483648
1071210610
3221225472
1071953939
3221225472
1069474027
0
1069953616
0
1072495000
536870912
1071921817
0
1069437755
0
1071645370
2147483648
1070978504
2147483648
1072061859
1610612736
1071745166
2147483648
1072227242
3758096384
1068535747
0
1072026432
0
1072634580
536870912
1071697147
0
1072501003
3221225472
1072471777
536870912
1072445460
1610612736
1070837478
1073741824
1068789561
0
1071539801
2147483648
1072390262
536870912
1071701990
0
1072492804
2147483648
1071489922
1073741824
1070623371
1073741824
1067702964
0
1069970319
0
1070483215
0
1072408017
3758096384
1071525288
0
1069777780
2147483648
1071461100
1073741824
1072693247
2684354560
66
