Uvec
2226355706
1070813048
3221225472
1067350244
0
1069888164
0
1072621263
2684354560
1071026247
3221225472
1071700219
2684354560
1070330827
0
1072130731
536870912
1069104839
0
1072594274
2684354560
1071940364
1073741824
1070936975
0
1072036843
0
1070130559
2147483648
1071872982
2147483648
1070736714
2147483648
1072577574
2684354560
1071817127
2147483648
1072293075
3758096384
1070850175
0
1071270653
0
1069748866
0
1071752817
1073741824
1072073946
1610612736
1072469329
1073741824
1068023134
0
1069202274
0
1072558117
1610612736
1071220714
1073741824
1072630937
2147483648
1072234881
1073741824
1072015034
0
1071997146
1073741824
1071044114
1073741824
1069583663
0
1071746564
1073741824
1072414153
2684354560
1071372111
2147483648
1072316147
0
1072327198
536870912
1070737572
1073741824
1070824630
1073741824
1068116068
0
1071462284
3221225472
1071129889
1073741824
1071645189
1073741824
1070630448
1073741824
1070133884
2147483648
1071933924
536870912
1072458370
1610612736
1071657754
2684354560
1072069219
1610612736
1069652315
0
1070288779
0
1072015727
3221225472
1070025336
2147483648
1066954044
0
1072259689
1073741824
1071403367
1073741824
1072197466
2147483648
1072509321
3221225472
1071636217
1073741824
1071661604
3758096384
1070705712
2147483648
1072585708
1610612736
1072396044
3221225472
1072115562
536870912
1071822071
3221225472
1071063314
3221225472
1070288229
0
1072112337
3221225472
1070981534
0
1072492030
536870912
1071747716
1073741824
1072301001
0
1064438432
0
1072666507
2684354560
1071688673
2147483648
1072446121
1610612736
1069920943
2147483648
1071795818
3221225472
1072659305
1610612736
1068680714
0
1071751773
1073741824
1072097642
1610612736
1070889247
3221225472
1066900908
0
1072678330
0
1071393668
1073741824
1072146881
536870912
1072061526
3221225472
1070918038
1073741824
1070280992
2147483648
1071844767
2147483648
1070309274
2147483648
1069555191
2147483648
1070466359
2147483648
1072631831
3758096384
1071461100
1073741824
1072693247
2684354560
80
