Uvec
2226355706
1071930649
2684354560
1071749314
2684354560
1069655696
2147483648
1070632224
0
1071710469
536870912
1070828401
1073741824
1072292108
2147483648
1072044063
3758096384
1071400767
3221225472
1072689635
3758096384
1071836282
3221225472
1071992134
1073741824
1071337661
1073741824
1068186124
0
1071167763
2147483648
1072284840
2147483648
1072231985
3221225472
1071178830
0
1072036536
3758096384
1072144544
2147483648
1071873270
1610612736
1072459332
0
1072443534
536870912
1071043995
1073741824
1072033103
2684354560
1070665941
1073741824
1071845264
3758096384
1072511441
2147483648
1071481470
1073741824
1070957032
2147483648
1072214011
3758096384
1069413639
0
1071677961
3221225472
1072531615
3758096384
1071159868
0
1071945344
1073741824
1072009972
1073741824
1071363860
1073741824
1072590487
0
1071802452
3758096384
1071580953
1073741824
1071807228
536870912
1072322800
3221225472
1072635911
1610612736
1072434079
2147483648
1069627760
2147483648
1071962980
1610612736
1068942541
0
1071759526
1073741824
1072242302
1073741824
1071799348
536870912
1071429513
0
1071768836
3758096384
1068516892
0
1072230281
2147483648
1072267688
1073741824
1071368548
1073741824
1071685330
3758096384
1071930012
1073741824
1071321270
3221225472
1072146951
2684354560
1070687111
0
1068502870
0
1072442794
0
1069916647
2147483648
1072556948
2147483648
1072089171
2684354560
1072376196
0
1069431038
0
1068605826
0
1070960910
2147483648
1071330001
0
1072165489
1073741824
1069595896
2147483648
1072161527
0
1070267597
0
1067947686
0
1072463485
1073741824
1071774542
2684354560
1071356940
3221225472
1071843413
2147483648
1071688437
0
1072197543
2147483648
1072652254
2684354560
1072236856
2147483648
1072098456
1610612736
1069732421
2147483648
1072320156
3758096384
1070110186
0
1071924225
1073741824
1072350706
1073741824
1070172318
2147483648
1071675018
2684354560
1068458594
0
1070328517
2147483648
1068850516
0
1072494342
1610612736
1072508127
1073741824
1071461100
1073741824
1072693247
2684354560
30
