Uvec
2226355706
1070682631
2147483648
1072585525
2147483648
1068232808
0
1070180190
0
1072527885
1610612736
1072591287
3221225472
1069108572
0
1072619414
3221225472
1071738023
536870912
1071742731
0
1071918774
3221225472
1068815227
0
1071047255
1073741824
1071887011
3758096384
1071553650
3221225472
1070813425
1073741824
1071728737
1073741824
1072115046
2684354560
1072094421
1073741824
1071886148
1610612736
1072221404
3221225472
1072146769
1610612736
1071470313
0
1072474026
536870912
1068915216
0
1070935771
1073741824
1072163906
3221225472
1071130398
2147483648
1072269809
536870912
1071965687
3221225472
1071000089
3221225472
1072535373
2684354560
1071881787
1073741824
1071974540
3758096384
1072086465
0
1072685361
536870912
1070830189
2147483648
1072537478
3221225472
1072456493
3221225472
1070607149
1073741824
1070658673
2147483648
1069521208
0
1070758601
0
1072130362
1610612736
1070116281
0
1068887246
0
1072478724
3758096384
1068034174
0
1070751726
2147483648
1069225821
0
1071621840
1073741824
1072395964
0
1070775656
3221225472
1071729368
1610612736
1072354470
2147483648
1072144792
3758096384
1070064363
0
1072015524
1610612736
1068463558
0
1070163521
0
1071740369
0
1071104928
3221225472
1070804917
3221225472
1071709752
3221225472
1071694240
1073741824
1071022472
2147483648
1062026368
0
1071220893
0
1065180992
0
1069620210
0
1071550913
0
1071926453
0
1071850031
0
1071916817
1610612736
1071984060
1610612736
1071037758
3221225472
1071949704
536870912
1071000952
2147483648
1071933964
536870912
1071683902
3758096384
1067752192
0
1070397335
2147483648
1072541869
536870912
1071556956
0
1070151252
0
1071047054
1073741824
1071541477
2147483648
1071795179
3758096384
1072396489
2147483648
1071170383
1073741824
1072386485
2147483648
1072672439
3221225472
1060219392
0
1070355099
2147483648
1071396995
3221225472
1071682440
2147483648
1072252614
1610612736
1070998611
3221225472
1071461100
1073741824
1072693247
2684354560
3
