Uvec
2226355706
1071706907
1073741824
1070015800
0
1071124799
0
1071163633
0
1072152771
1610612736
1069185722
0
1070570720
0
1072477127
536870912
1070640913
2147483648
1072667508
1073741824
1072245008
536870912
1072159637
536870912
1071969994
2147483648
1068282426
0
1069346976
0
1071919133
3221225472
1071612366
3221225472
1070904096
0
1072581567
3758096384
1069931672
0
1070405033
0
1066017456
0
1072350491
2147483648
1061220992
0
1071290783
3221225472
1072242218
1610612736
1071821531
0
1071132553
1073741824
1069648690
2147483648
1070774057
0
1070661753
1073741824
1072212322
2684354560
1072011350
536870912
1072256903
1073741824
1070975242
2147483648
1072410881
2147483648
1070725116
1073741824
1072457287
3758096384
1072330530
1073741824
1072560960
3221225472
1071983187
1073741824
1067971948
0
1072007056
1610612736
1071983390
1073741824
1069573712
2147483648
1071668636
3221225472
1071436260
2147483648
1072060666
1610612736
1072185963
0
1070760352
2147483648
1071858924
0
1070065981
0
1069503533
0
1069345915
0
1068369652
0
1071232941
1073741824
1069093201
0
1070417691
2147483648
1071107820
0
1071685938
2147483648
1072686333
2147483648
1072119443
3758096384
1071562061
1073741824
1072536396
2147483648
1067398848
0
1071419097
2147483648
1071332253
3221225472
1070808810
0
1071679830
0
1071081629
1073741824
1066651704
0
1070105258
2147483648
1069795487
2147483648
1070054903
2147483648
1071196621
2147483648
1069820314
0
1071063132
3221225472
1070220501
2147483648
1072026424
1610612736
1070935220
3221225472
1071668772
0
1068885575
0
1071766854
3758096384
1066664648
0
1072016543
1610612736
1069114921
0
1070501314
2147483648
1072026270
2147483648
1071768195
1073741824
1070208877
2147483648
1070408430
0
1071681238
1610612736
1069154322
0
1072017022
2147483648
1072312200
1610612736
1070382554
0
1071916157
3221225472
1072667072
0
1071461100
1073741824
1072693247
2684354560
14
