Uvec
2226355706
1070973820
1073741824
1068961540
0
1072559291
0
1071631037
2147483648
1071905972
0
1072578399
3758096384
1071896735
1610612736
1071937545
3221225472
1071833746
1610612736
1072644674
2147483648
1069158608
0
1070708530
0
1071069671
3221225472
1072484724
536870912
1072648375
1073741824
1072231002
536870912
1071302925
3221225472
1071935615
536870912
1072674979
536870912
1072155999
536870912
1069418799
0
1072408172
3758096384
1070404448
2147483648
1069623061
0
1069478382
0
1068715599
0
1071154816
1073741824
1071960463
1073741824
1072155653
1610612736
1071825757
0
1071906254
3758096384
1069208073
0
1066419928
0
1072626689
3221225472
1069115301
0
1069745545
0
1071837276
1610612736
1072424834
2684354560
1069992886
0
1069005362
0
1072355708
3758096384
1071033389
3221225472
1069901816
0
1071765879
536870912
1069806201
0
1069058212
0
1072172006
536870912
1070781654
0
1067787590
0
1069512483
0
1071856081
3758096384
1071959559
1073741824
1072179698
0
1072499249
1610612736
1068347646
0
1069873366
0
1071114990
0
1072233493
1610612736
1072588605
2684354560
1071946105
1610612736
1071341240
3221225472
1069781757
0
1072573678
536870912
1070578088
0
1071959576
2684354560
1071748813
3758096384
1071949793
0
1072574015
2684354560
1070005941
0
1072318636
2147483648
1072002826
2684354560
1072617160
3221225472
1072267653
3221225472
1069221209
0
1071031536
1073741824
1070193536
0
1071773122
0
1066586096
0
1071854686
0
1072464873
2684354560
1071104179
3221225472
1072303763
0
1065782976
0
1071152753
2147483648
1071645001
1610612736
1071867100
1610612736
1071794147
2684354560
1068584586
0
1070979591
1073741824
1072186838
2147483648
1071894350
0
1071232625
0
1069426115
0
1072369582
3758096384
1072045393
2147483648
1071784956
2684354560
1072049512
3758096384
1070872875
3221225472
1071461100
1073741824
1072693247
2684354560
30
