Uvec
2226355706
1071830910
2147483648
1072391131
2684354560
1072499074
536870912
1071995396
1073741824
1072670299
1610612736
1072037571
2147483648
1071862045
1073741824
1072535929
2147483648
1072408711
0
1072587546
3758096384
1070387666
0
1071986003
1610612736
1072319838
3758096384
1071107715
3221225472
1066092856
0
1072582845
536870912
1071335829
3221225472
1071685944
1073741824
1072519157
1073741824
1070912719
0
1072521698
536870912
1071970473
2147483648
1072516204
2147483648
1072305911
2684354560
1072278639
2684354560
1070890509
3221225472
1067518606
0
1072213590
536870912
1071134876
2147483648
1072650844
0
1071408650
0
1071167045
2147483648
1072113074
0
1072588872
3221225472
1070074512
2147483648
1071960250
1073741824
1072049297
1073741824
1072140793
0
1072395428
536870912
1069939693
0
1070951537
1073741824
1065333712
0
1072003139
536870912
1069197582
0
1070100710
2147483648
1070445119
0
1072392788
536870912
1069775822
2147483648
1068507760
0
1070258882
2147483648
1072391850
3758096384
1072232250
3758096384
1071440383
3221225472
1070771924
1073741824
1067926724
0
1072226356
3758096384
1071858124
3758096384
1071879193
2147483648
1071574720
2147483648
1071425273
0
1069120573
0
1072344156
2684354560
1070132126
0
1067975416
0
1069760250
0
1072112986
2147483648
1071930502
2684354560
1071225073
0
1070367427
2147483648
1071843064
1610612736
1072218431
1073741824
1069973015
0
1071324117
3221225472
1071150168
1073741824
1071715994
1073741824
1069582243
0
1072361987
536870912
1070366743
2147483648
1065093632
0
1071189541
3221225472
1070682335
2147483648
1071966092
2147483648
1070528075
2147483648
1072133573
3221225472
1069997208
2147483648
1071039135
2147483648
1071161107
0
1071068950
3221225472
1068958331
0
1071409176
3221225472
1071810723
1610612736
1072183877
1073741824
1071986370
3758096384
1071859814
3758096384
1072387827
1610612736
1072223009
2147483648
1069683265
2147483648
1070940567
1073741824
1071461100
1073741824
1072693247
2684354560
14
