Uvec
2226355706
1071922949
3221225472
1071822105
3758096384
1071189118
3221225472
1071885284
3758096384
1072483393
2684354560
1070043065
2147483648
1069465535
0
1069457795
0
1072219315
1610612736
1069432090
0
1072430628
3221225472
1072096632
3221225472
1072007952
1073741824
1071500633
1073741824
1067040236
0
1070774879
1073741824
1071106327
2147483648
1071885386
3221225472
1070833899
2147483648
1071074318
0
1072362153
536870912
1070645681
3221225472
1072610266
0
1072503822
536870912
1072078802
1073741824
1072316943
3758096384
1071666565
3758096384
1066768232
0
1072305085
2147483648
1069220527
0
1071207242
2147483648
1072480060
2684354560
1072455730
536870912
1069365605
0
1072170571
536870912
1068932936
0
1070837709
1073741824
1069956105
0
1071986428
2147483648
1072341650
3758096384
1069151379
0
1072546707
1073741824
1069689806
2147483648
1072296368
1073741824
1071934428
1610612736
1068431844
0
1072597552
1610612736
1072348730
3758096384
1072260497
3758096384
1072307070
2684354560
1072264053
3221225472
1072420559
2684354560
1072410959
0
1072462827
1073741824
1068095558
0
1072397919
536870912
1071588051
0
1070841857
2147483648
1072425702
3758096384
1072084259
0
1071537307
3221225472
1069732108
0
1069374389
0
1071274402
1073741824
1071664267
3221225472
1071297567
2147483648
1072559443
0
1070788695
0
1069774317
0
1071806196
3221225472
1071759178
3221225472
1070664227
2147483648
1070539545
0
1072600675
0
1072158120
3758096384
1072638498
3758096384
1063498912
0
1071233641
2147483648
1072629638
2147483648
1072243596
2684354560
1072215785
2147483648
1070756513
2147483648
1071354297
0
1072432649
1073741824
1068549824
0
1069768067
2147483648
1070120575
2147483648
1069895372
0
1069977697
0
1070430196
2147483648
1070840909
2147483648
1072207264
3221225472
1071535246
1073741824
1070695454
3221225472
1071864550
536870912
1071030827
3221225472
1072085673
2147483648
1071276921
2147483648
1071461100
1073741824
1072693247
2684354560
90
