Uvec
2226355706
1070993481
2147483648
1071386147
0
1070486535
0
1071998240
3758096384
1068726075
0
1072024374
2147483648
1068857236
0
1064032640
0
1071822175
0
1071979935
2147483648
1071040184
2147483648
1070930462
1073741824
1071199004
3221225472
1070215463
2147483648
1069826926
0
1072243659
3758096384
1071948362
2147483648
1068688362
0
1070604047
0
1071729719
2147483648
1070011538
2147483648
1072073182
3221225472
1066111456
0
1072258826
1073741824
1070919277
0
1070151370
2147483648
1069768533
2147483648
1070827797
0
1070820981
0
1072341267
0
1071826855
2147483648
1072296201
3758096384
1072568365
1073741824
1068819009
0
1069812621
0
1072478512
2684354560
1072523169
1610612736
1070801750
1073741824
1072077286
1073741824
1071690712
0
1072012710
1610612736
1071596834
3221225472
1071451967
2147483648
1071762044
2147483648
1072009396
1610612736
1068652033
0
1072093402
0
1071280603
2147483648
1070379521
0
1069712655
2147483648
1071704370
1073741824
1072145592
536870912
1067762916
0
1072570745
0
1070164415
2147483648
1069981793
2147483648
1071869526
3758096384
1067900810
0
1071694367
0
1071684634
536870912
1070925009
0
1071878229
2684354560
1070980815
1073741824
1069942233
2147483648
1070883372
2147483648
1071550088
3221225472
1066986596
0
1069029116
0
1066888864
0
1072077867
3221225472
1072446126
536870912
1071419716
3221225472
1070636233
2147483648
1069654324
0
1071037734
1073741824
1071946459
3758096384
1069665220
2147483648
1072570190
0
1072150178
2684354560
1069555260
2147483648
1069169809
0
1070861579
1073741824
1071857512
0
1069006007
0
1065454312
0
1070430848
0
1072546226
1073741824
1071895518
2684354560
1071890555
3221225472
1072327532
2684354560
1072353205
0
1070560163
2147483648
1070601857
0
1071004193
0
1070444442
2147483648
1072508807
0
1072398517
3758096384
1071603142
3221225472
1071461100
1073741824
1072693247
2684354560
88
