Uvec
2226355706
1072299222
2684354560
1071807794
1610612736
1070804583
1073741824
1071985739
1073741824
1070812615
2147483648
1069734340
2147483648
1071821426
1610612736
1067697894
0
1071897003
2147483648
1066972380
0
1072370950
3758096384
1070390173
2147483648
1072441636
2684354560
1072185047
3221225472
1070631668
1073741824
1072361167
1610612736
1071669737
2147483648
1072277134
2147483648
1070705480
0
1072108259
1073741824
1069771346
2147483648
1071374482
0
1067863314
0
1071955778
1610612736
1069723063
2147483648
1072612692
3758096384
1070720477
2147483648
1071087788
1073741824
1071439877
0
1071671716
1610612736
1071028035
1073741824
1071075953
0
1068357756
0
1071707566
2147483648
1070219902
0
1070910931
3221225472
1071918790
1610612736
1071147792
0
1071052932
2147483648
1071849889
3221225472
1072352972
1610612736
1071470660
2147483648
1071740015
1073741824
1072273432
0
1072021959
2684354560
1072216909
536870912
1070400795
2147483648
1071744848
1610612736
1071696272
0
1070935589
2147483648
1072393293
2147483648
1071735495
1610612736
1072109691
1073741824
1072610139
2147483648
1072059805
536870912
1071749209
536870912
1072271071
2147483648
1072506228
536870912
1072595074
0
1069857346
2147483648
1070891850
2147483648
1069557055
2147483648
1070008685
2147483648
1072609272
3758096384
1071429596
2147483648
1071805764
2684354560
1071056650
3221225472
1072428349
536870912
1072605503
2684354560
1070809177
1073741824
1072367618
1610612736
1069877858
0
1071804767
3758096384
1069978103
0
1070377516
2147483648
1072177786
2147483648
1070140393
2147483648
1071954405
1610612736
1072011872
1073741824
1072393717
536870912
1068548585
0
1068740100
0
1071006970
0
1072621692
2684354560
1069208159
0
1069984828
0
1071413280
2147483648
1071965858
536870912
1070837928
3221225472
1067126144
0
1068673060
0
1070460656
2147483648
1071272245
0
1071939163
0
1072496117
1610612736
1070907508
0
1071941180
3758096384
1066682732
0
1071461100
1073741824
1072693247
2684354560
87
