Uvec
2226355706
1071270857
3221225472
1072318676
1610612736
1070436550
2147483648
1070880887
0
1069770797
0
1070075995
0
1071826635
3221225472
1072443469
3758096384
1072034204
3758096384
1070852196
0
1072459392
536870912
1072475537
3221225472
1063580992
0
1071639750
0
1068817672
0
1070715347
0
1071913131
3758096384
1070952471
2147483648
1069909191
0
1071636190
1073741824
1069777742
0
1070951745
1073741824
1072156042
3221225472
1072095926
0
1069946325
2147483648
1067847352
0
1071930121
3758096384
1071889559
2684354560
1070702574
1073741824
1071795977
3758096384
1072407711
3758096384
1070520253
0
1068156802
0
1072351932
2147483648
1071824870
2684354560
1072332933
3758096384
1072516531
536870912
1072087835
1610612736
1070345763
2147483648
1072504242
536870912
1067599018
0
1071688728
3221225472
1067805386
0
1069463241
0
1072335076
2147483648
1072208039
1073741824
1071694474
1610612736
1069491008
0
1068967246
0
1071671378
3758096384
1072321143
536870912
1070995287
3221225472
1071214423
1073741824
1071854885
2147483648
1072257154
536870912
1072378909
3758096384
1071335857
1073741824
1069586463
0
1071922709
536870912
1072119845
3758096384
1072413967
3221225472
1070968654
0
1070940840
0
1070538493
0
1071349867
1073741824
1072558615
0
1071377492
2147483648
1071754692
1073741824
1070993248
0
1071871407
536870912
1070834109
3221225472
1066212040
0
1069552569
2147483648
1072689581
3758096384
1072509132
0
1070700644
0
1072587762
3221225472
1068961145
0
1072670207
2684354560
1072303816
3758096384
1072448662
0
1071282328
3221225472
1069703250
2147483648
1070700655
2147483648
1071503912
1073741824
1071831531
2147483648
1069803353
0
1069955716
2147483648
1072599637
536870912
1071945010
3221225472
1072376917
2147483648
1068170524
0
1071815759
3758096384
1071466529
1073741824
1071281801
1073741824
1072258843
2684354560
1072236340
0
1072411309
0
1071461100
1073741824
1072693247
2684354560
20
