Uvec
2226355706
1072343373
1610612736
1071942009
2684354560
1069638886
2147483648
1071914443
3758096384
1072692643
1073741824
1072302431
536870912
1072584535
3758096384
1066900424
0
1070779603
0
1071819132
3758096384
1069238100
0
1072606382
2684354560
1072145360
3221225472
1072153958
1610612736
1072252430
1073741824
1070878035
3221225472
1072566011
0
1072272510
0
1070901706
3221225472
1072256750
2147483648
1071063420
2147483648
1072445936
2684354560
1069674256
0
1071717492
2684354560
1071083114
2147483648
1071453554
3221225472
1070855213
1073741824
1072376272
536870912
1072553280
536870912
1072117504
0
1070561860
0
1072210857
0
1069780194
0
1072334932
536870912
1070162812
0
1070832241
2147483648
1072202661
2147483648
1072596094
3221225472
1071701196
3221225472
1068698379
0
1068291494
0
1072444168
536870912
1070658024
2147483648
1072491681
3758096384
1071772264
3758096384
1070305502
0
1071697818
536870912
1072138859
0
1072394766
2147483648
1069332474
0
1068665207
0
1072585204
1610612736
1072527353
0
1072171084
2684354560
1071875380
2684354560
1070195616
0
1072378286
0
1071875489
3221225472
1071225428
3221225472
1072021144
3758096384
1067576814
0
1072312481
2147483648
1071130421
1073741824
1072565878
3758096384
1071495295
2147483648
1072223533
1073741824
1071605272
2147483648
1071987790
1610612736
1068936383
0
1072351069
1610612736
1071496445
0
1070870759
0
1070468680
2147483648
1072335842
1073741824
1072666993
536870912
1071888823
1073741824
1071095523
0
1072405394
1073741824
1072253163
3221225472
1070662236
2147483648
1071382592
2147483648
1071770485
1073741824
1071926682
3221225472
1071670235
2147483648
1072324747
536870912
1069588227
0
1070097390
0
1072687078
0
1069856848
2147483648
1070130678
0
1065638136
0
1072261659
2147483648
1071066190
2147483648
1070775213
1073741824
1071700025
2684354560
1070046106
2147483648
1071307545
2147483648
1068342126
0
1071461100
1073741824
1072693247
2684354560
84
