Uvec
2226355706
1071684162
3758096384
1068570994
0
1070658508
3221225472
1071994268
536870912
1070266473
2147483648
1072203698
1073741824
1072365041
3758096384
1071952179
3758096384
1070973592
2147483648
1070041385
2147483648
1071441987
1073741824
1071110686
3221225472
1070276413
0
1072000582
536870912
1071943912
3758096384
1071621833
3221225472
1071780880
1073741824
1068559447
0
1071129996
2147483648
1070933214
1073741824
1072043560
2147483648
1069538406
0
1071022451
2147483648
1067258896
0
1071725542
1073741824
1069949046
2147483648
1071719725
2147483648
1071785677
3758096384
1070615630
2147483648
1072453302
1610612736
1071981318
1610612736
1071762979
3758096384
1072533242
1610612736
1071991342
3758096384
1072479822
536870912
1072601678
536870912
1069198542
0
1071585789
1073741824
1067500284
0
1072320231
3758096384
1072133678
1073741824
1072543110
0
1070906139
2147483648
1070600194
1073741824
1070610539
2147483648
1071345963
2147483648
1068985731
0
1070475338
2147483648
1072290254
3758096384
1071821940
2684354560
1071921951
0
1071054326
3221225472
1070933549
2147483648
1069705244
0
1072478515
2147483648
1069858938
2147483648
1072163938
3758096384
1071884426
536870912
1071472971
2147483648
1071996129
3758096384
1070210128
0
1071947315
1610612736
1071823914
0
1071863690
3221225472
1070695759
0
1067612302
0
1072612599
2684354560
1072020108
2684354560
1071270033
0
1070575844
2147483648
1072008105
3758096384
1070888924
1073741824
1071943567
0
1069560426
2147483648
1071577022
0
1071480480
3221225472
1071153013
1073741824
1072268996
1610612736
1071076012
2147483648
1070443548
2147483648
1071883542
536870912
1071299408
0
1071716359
2147483648
1071765820
0
1072031030
1610612736
1070286163
0
1070198199
0
1069086854
0
1071910116
3758096384
1071413234
0
1072554791
3221225472
1072032342
1073741824
1071347049
2147483648
1072049510
3221225472
1068665883
0
1070225283
0
1071714760
1073741824
1072288194
0
1071461100
1073741824
1072693247
2684354560
83
