Uvec
2226355706
1072494675
1073741824
1072103326
2147483648
1072461120
2147483648
1072350821
2684354560
1070869774
0
1071652226
536870912
1069596770
2147483648
1071229435
0
1070538580
2147483648
1071180109
2147483648
1071083176
1073741824
1071889541
2147483648
1071886255
0
1071333799
3221225472
1071321668
1073741824
1072350294
0
1070224390
2147483648
1071692195
2684354560
1071324650
0
1072031961
0
1072367557
2684354560
1072050535
1073741824
1071801031
1610612736
1071656003
2684354560
1069688811
2147483648
1069004695
0
1069769123
2147483648
1070832661
1073741824
1072353999
1073741824
1072255001
1073741824
1072118716
2684354560
1071698541
0
1072553815
0
1069752675
2147483648
1071313889
1073741824
1070958758
0
1070589104
0
1072146865
3221225472
1072040880
3758096384
1072112093
3221225472
1070305361
2147483648
1070835599
1073741824
1071857780
1073741824
1070457662
2147483648
1071841763
1073741824
1071062058
3221225472
1071835190
3758096384
1068856799
0
1072532355
1073741824
1072653826
2147483648
1070610051
1073741824
1071658170
1073741824
1070032327
0
1072094102
3758096384
1071130435
0
1067634794
0
1071924470
1073741824
1069097081
0
1071839209
1610612736
1072259404
1610612736
1072067982
536870912
1071959725
2147483648
1071837075
3221225472
1068105290
0
1071045798
0
1070726115
3221225472
1071743769
0
1071088200
0
1069576975
2147483648
1071173942
0
1065997496
0
1072583469
0
1070670783
3221225472
1071170654
1073741824
1072366955
3221225472
1070672333
0
1068987970
0
1070055325
2147483648
1068742833
0
1071409669
0
1072318005
3758096384
1071826003
3221225472
1069866864
2147483648
1072677753
1073741824
1072271296
1610612736
1067668224
0
1072067679
536870912
1069644701
2147483648
1069544833
0
1071949326
3758096384
1072569091
3758096384
1069339587
0
1071760696
0
1067359440
0
1072326700
2684354560
1069474345
0
1069994719
0
1067588358
0
1071461100
1073741824
1072693247
2684354560
9
