Uvec
2226355706
1072584998
3221225472
1065649064
0
1069457326
0
1071559730
0
1072069981
3758096384
1072018649
0
1072316266
3758096384
1071062628
2147483648
1072220806
3758096384
1066311536
0
1071230928
3221225472
1068303582
0
1068038812
0
1070289067
2147483648
1071912899
1610612736
1069961274
0
1072292808
2147483648
1067050456
0
1071580675
2147483648
1068568504
0
1069233418
0
1069195983
0
1070941603
0
1071936019
3221225472
1072603576
3758096384
1072673703
2147483648
1068116288
0
1069971389
2147483648
1068151242
0
1072499151
2147483648
1071529566
2147483648
1072063340
2684354560
1072546662
2147483648
1072017468
1073741824
1070875509
2147483648
1072114697
3758096384
1068447034
0
1070632876
3221225472
1071952606
1610612736
1067785430
0
1070315504
0
1071211061
3221225472
1072132027
1073741824
1072252669
536870912
1072492885
2147483648
1068803751
0
1071917475
1073741824
1072022788
2147483648
1067819602
0
1071747758
2684354560
1070017124
2147483648
1072280005
1073741824
1070010622
0
1070802671
0
1070652157
3221225472
1071365850
3221225472
1070875521
2147483648
1070416997
2147483648
1068103328
0
1070725081
0
1070424637
0
1072682884
1610612736
1072506836
1610612736
1072372153
0
1072657930
3758096384
1072373931
0
1072561651
3758096384
1071770491
3758096384
1069310472
0
1072242626
0
1069642734
2147483648
1069733126
2147483648
1072108237
0
1072493942
3221225472
1071967857
0
1072633308
1610612736
1069867925
0
1071518097
3221225472
1072504347
1610612736
1071961454
0
1070726378
3221225472
1070702460
2147483648
1072157292
2147483648
1070863263
3221225472
1064299552
0
1072391378
3221225472
1070727353
3221225472
1070574739
2147483648
1070829296
0
1070752623
3221225472
1072614103
1610612736
1072614570
2147483648
1072014762
536870912
1072465423
2147483648
1070566419
2147483648
1071213699
0
1071973617
536870912
1072079673
1610612736
1071461100
1073741824
1072693247
2684354560
24
