Uvec
2226355706
1072216120
2684354560
1071941823
536870912
1070846379
0
1072486311
1073741824
1072349476
536870912
1070577000
0
1070738603
1073741824
1069466655
0
1072024245
3758096384
1071938318
0
1070664601
1073741824
1070976455
2147483648
1071196349
3221225472
1072024717
2684354560
1070712119
2147483648
1071101126
0
1072043890
3221225472
1072499159
0
1071583813
2147483648
1071045558
3221225472
1071804914
1610612736
1071900492
1073741824
1071660378
1073741824
1071759662
536870912
1071925555
2147483648
1071795832
2147483648
1071797048
0
1070347004
0
1072373563
3758096384
1071835160
1073741824
1072107074
2147483648
1070881456
2147483648
1072583712
3221225472
1071739831
1073741824
1071469584
2147483648
1071646936
3758096384
1071146904
2147483648
1072680991
0
1071750384
536870912
1072323752
1610612736
1068665896
0
1071874316
2147483648
1072469479
2147483648
1071827922
1610612736
1072045257
1610612736
1071489572
0
1072094033
2147483648
1068031430
0
1071909675
1610612736
1072314338
2147483648
1069615893
0
1068664399
0
1071296070
0
1071016042
0
1068966082
0
1072173787
536870912
1071467761
1073741824
1072550847
2147483648
1071937897
2147483648
1072186054
2147483648
1072529411
2147483648
1070539211
2147483648
1070763795
0
1072571493
2684354560
1068161370
0
1070640632
2147483648
1069694903
0
1071565673
0
1072281619
536870912
1071745927
3221225472
1072028713
3221225472
1070863148
2147483648
1072076036
3758096384
1072067532
0
1072176728
3758096384
1071034014
2147483648
1069274458
0
1070741047
0
1069738565
2147483648
1070888580
0
1072158254
1610612736
1072573829
536870912
1067666474
0
1072543321
3758096384
1069612791
0
1071973322
2147483648
1071994254
0
1070300715
2147483648
1070995792
3221225472
1072061645
1610612736
1070729145
3221225472
1071554602
0
1072127157
536870912
1071406339
3221225472
1072161596
3758096384
1067249628
0
1072393425
3758096384
1070853788
0
1071461100
1073741824
1072693247
2684354560
8
