Uvec
2226355706
1072576794
2684354560
1067683350
0
1071153460
2147483648
1065890008
0
1069436334
0
1065437784
0
1068948249
0
1072296398
0
1072098626
3221225472
1071907076
2684354560
1070745258
0
1072476854
2147483648
1072480601
3758096384
1072172557
2147483648
1072568440
536870912
1072176385
1073741824
1071187063
2147483648
1070044480
2147483648
1072182655
536870912
1067745252
0
1070919257
1073741824
1071446412
2147483648
1070856435
3221225472
1070339407
2147483648
1070104614
2147483648
1072552830
536870912
1065387008
0
1072153563
3221225472
1071042777
1073741824
1069638798
0
1071425536
2147483648
1072322019
1610612736
1071707065
1073741824
1069663360
2147483648
1072149898
1610612736
1072454336
3221225472
1069100587
0
1070127776
0
1071937225
0
1071969181
2684354560
1070760110
1073741824
1070955162
3221225472
1070597118
0
1071831042
3758096384
1071682994
2684354560
1072463762
2684354560
1070073121
2147483648
1070419166
0
1071225190
3221225472
1072335870
1610612736
1072149725
0
1070612924
0
1071737392
2684354560
1072379111
0
1072614860
1073741824
1070159514
2147483648
1072647616
3221225472
1072038861
2147483648
1071043089
0
1072368743
2684354560
1072125557
3758096384
1072102948
3221225472
1072143186
1610612736
1072304878
3221225472
1071179162
0
1070499261
2147483648
1071949619
0
1072527522
1073741824
1069129838
0
1071829991
2684354560
1071758794
0
1071123440
3221225472
1071948639
3758096384
1072630040
3758096384
1069884683
0
1071304001
0
1072474327
0
1069135039
0
1070537162
0
1072261403
2147483648
1070213791
2147483648
1071929675
2147483648
1070253113
2147483648
1071151568
3221225472
1071190508
3221225472
1069740186
2147483648
1072269185
3221225472
1071256220
1073741824
1071846559
0
1071197730
0
1071577798
3221225472
1070975226
1073741824
1072229708
1073741824
1068598046
0
1072627426
0
1070498437
2147483648
1071744728
0
1071151830
1073741824
1071461100
1073741824
1072693247
2684354560
77
