Uvec
2226355706
1068147280
0
1068979318
0
1072137865
1610612736
1071971409
0
1072051912
2147483648
1072436772
536870912
1070743579
1073741824
1072214251
2684354560
1070964638
1073741824
1070457313
2147483648
1072507378
2147483648
1070113375
0
1068401676
0
1071040975
2147483648
1072174766
1610612736
1072181573
2684354560
1071449975
2147483648
1071418286
2147483648
1068374228
0
1071835407
536870912
1072664957
1073741824
1068528761
0
1067302464
0
1071680502
1610612736
1071116326
3221225472
1072621313
3758096384
1071707043
3758096384
1068508622
0
1071819983
536870912
1072513060
2147483648
1071880414
3221225472
1070921528
3221225472
1072576653
1610612736
1071858094
3758096384
1071517718
1073741824
1069111206
0
1068624290
0
1072433261
1610612736
1071619562
3221225472
1072215313
3221225472
1071555572
3221225472
1071931368
3221225472
1072350481
2147483648
1072357701
3221225472
1071648715
3758096384
1072606586
3221225472
1070245093
0
1071225606
0
1071688186
1610612736
1072463387
536870912
1070667818
1073741824
1072181914
0
1071692090
0
1071348238
3221225472
1072105582
2147483648
1070595760
2147483648
1072414486
0
1071791465
1610612736
1070820473
1073741824
1072046235
2684354560
1071862195
2684354560
1071076000
2147483648
1069126623
0
1071700532
3221225472
1070001390
2147483648
1071975265
2147483648
1071391945
3221225472
1072017686
1073741824
1070982342
0
1072129540
536870912
1071726587
3221225472
1070607535
1073741824
1070984543
3221225472
1066932256
0
1071868200
2684354560
1072055542
536870912
1071027968
2147483648
1071987298
1610612736
1071410485
2147483648
1071695894
3758096384
1072304613
536870912
1071621311
0
1072486574
1610612736
1069914005
0
1071369979
3221225472
1066216744
0
1068915300
0
1071283732
3221225472
1070240279
0
1072304096
1073741824
1069582429
2147483648
1070965834
2147483648
1070765625
0
1071949021
536870912
1068679198
0
1072167573
1610612736
1070876637
3221225472
1072041146
0
1071461100
1073741824
1072693247
2684354560
91
