Uvec
2226355706
1072392610
2684354560
1072657100
1610612736
1069899372
0
1070839442
1073741824
1072607919
3221225472
1072683085
1073741824
1071313846
1073741824
1071100020
2147483648
1071673751
3758096384
1068920793
0
1071767614
0
1069048137
0
1072674039
2684354560
1072173791
2684354560
1071768611
0
1070412655
0
1070736881
0
1067161064
0
1072638244
1610612736
1071605291
3221225472
1066160072
0
1072333917
1073741824
1071605371
0
1071801684
1610612736
1072298125
2147483648
1071133750
2147483648
1070068877
2147483648
1071132770
3221225472
1071400960
3221225472
1069789204
0
1071836228
1073741824
1071729213
3758096384
1072240569
1610612736
1070141389
0
1071906958
3758096384
1072300931
0
1072645696
1073741824
1072488126
2684354560
1070988276
0
1072636817
3221225472
1072190322
3221225472
1068521752
0
1072421787
2147483648
1068600212
0
1071753499
1073741824
1070941909
0
1071846170
3758096384
1071495194
0
1066779476
0
1071329447
2147483648
1063930240
0
1071359860
2147483648
1072543223
2147483648
1072451779
1073741824
1071883500
2147483648
1071167988
1073741824
1071062939
1073741824
1071690786
536870912
1070176122
2147483648
1072571086
536870912
1066790792
0
1072243579
1610612736
1071750497
536870912
1070909056
1073741824
1072583207
3758096384
1071294570
2147483648
1072613951
0
1071137864
3221225472
1071328932
2147483648
1070754929
0
1072239603
0
1071725894
3221225472
1067278008
0
1070402912
0
1072460230
1073741824
1072014956
536870912
1071837375
3758096384
1072571664
1073741824
1071822708
3221225472
1069525773
0
1070399935
0
1069650960
0
1070940304
1073741824
1067899270
0
1070332113
2147483648
1069779565
0
1072335221
536870912
1072663903
1073741824
1070638613
0
1067781324
0
1069973226
0
1072168147
536870912
1072565437
1610612736
1072533292
3221225472
1071903899
1073741824
1071944352
1610612736
1071343012
2147483648
1070605176
0
1071461100
1073741824
1072693247
2684354560
12
