Uvec
2226355706
1071933029
3758096384
1070645568
3221225472
1071828351
2684354560
1071930897
1073741824
1071308899
0
1071730800
0
1068765910
0
1069732878
2147483648
1071368419
2147483648
1071899543
1073741824
1071197128
1073741824
1072618331
536870912
1070994171
2147483648
1071893680
2684354560
1071811441
1073741824
1072290195
2147483648
1069481963
0
1070512456
2147483648
1072125274
1073741824
1071773053
0
1071066452
3221225472
1071615330
3221225472
1069573045
2147483648
1072544402
1610612736
1072411916
1610612736
1071663087
3221225472
1071827764
1610612736
1072085206
3221225472
1071685175
3221225472
1071799471
2684354560
1070777561
2147483648
1071646297
2147483648
1070023814
2147483648
1071987322
2684354560
1071909590
1073741824
1067970430
0
1071582016
2147483648
1072675687
1073741824
1072293998
1073741824
1072666171
0
1071666825
0
1071161530
2147483648
1071415628
0
1071470871
3221225472
1072026812
1073741824
1071866596
3221225472
1070602178
2147483648
1071309150
0
1070989049
3221225472
1066308080
0
1068385108
0
1071041792
2147483648
1072112844
3221225472
1069160739
0
1071469643
0
1067995512
0
1072024148
0
1070868489
3221225472
1071041870
2147483648
1072081731
0
1071888474
3221225472
1071776196
2684354560
1072045889
1610612736
1072462077
1610612736
1070418711
0
1063525312
0
1070618086
1073741824
1069594333
2147483648
1071405302
3221225472
1071142395
3221225472
1071288504
2147483648
1072373167
1610612736
1070893191
3221225472
1067569260
0
1070451737
2147483648
1071896434
3221225472
1072569455
2147483648
1066777120
0
1071817340
2684354560
1069572181
0
1072323867
2147483648
1070967287
3221225472
1070452125
2147483648
1069980258
0
1071793625
3221225472
1072592449
0
1071965349
1073741824
1069811823
2147483648
1072576184
2684354560
1071804291
1073741824
1072671098
2684354560
1069843859
0
1071998301
1073741824
1071030664
3221225472
1068819520
0
1070986009
3221225472
1072382569
3758096384
1070759002
3221225472
1071461100
1073741824
1072693247
2684354560
94
