Uvec
2226355706
1072341574
536870912
1072620193
536870912
1071204758
3221225472
1071959976
0
1072401021
3758096384
1072593669
1610612736
1066732252
0
1068912606
0
1070201086
0
1071775353
536870912
1068714586
0
1072499844
3758096384
1072492578
2684354560
1070034860
0
1071024912
1073741824
1070001610
2147483648
1071897448
3758096384
1068904620
0
1072245560
2147483648
1071159401
0
1072204347
2684354560
1072036315
2684354560
1071998987
1610612736
1071372415
1073741824
1069933987
2147483648
1069830473
2147483648
1071222200
3221225472
1071636001
2147483648
1072231346
2684354560
1071776051
2684354560
1071901003
2147483648
1070243489
0
1072137054
1610612736
1071693866
1073741824
1072049801
536870912
1072570791
3758096384
1071281560
2147483648
1071200251
0
1072378249
3758096384
1071702582
3758096384
1071964412
1610612736
1069956140
0
1072185828
1073741824
1070860407
2147483648
1072108764
2684354560
1072188607
1610612736
1072620108
3221225472
1071725610
1610612736
1072206087
3221225472
1070903621
1073741824
1072136968
0
1071860105
1610612736
1071602741
0
1070818516
2147483648
1072028879
2147483648
1072551205
0
1072448003
3758096384
1072608185
1073741824
1071740216
1610612736
1070821477
1073741824
1071085573
0
1071263870
1073741824
1071736249
3221225472
1071260955
0
1072429004
3758096384
1070233188
0
1068745614
0
1072648163
536870912
1072158881
2684354560
1071858546
536870912
1072314736
1610612736
1071635309
0
1069187103
0
1072643138
2684354560
1072314937
1610612736
1071187812
0
1070423081
2147483648
1070340966
0
1071765731
3221225472
1070548188
0
1071753350
0
1071763634
3221225472
1071873441
536870912
1069489886
0
1071583817
3221225472
1069779950
2147483648
1069069134
0
1071731804
2684354560
1069904033
2147483648
1069572799
0
1070770068
0
1070658950
1073741824
1071417949
1073741824
1071986574
1073741824
1071614390
3221225472
1071763002
3221225472
1072391145
1610612736
1072221949
1073741824
1071461100
1073741824
1072693247
2684354560
71
