Uvec
2226355706
1072128155
3758096384
1071206586
1073741824
1071728163
536870912
1071263890
3221225472
1071826209
3221225472
1071650798
2684354560
1070701462
2147483648
1071891089
1073741824
1072561628
1073741824
1071341099
2147483648
1068785017
0
1071746460
1073741824
1072534915
536870912
1070260912
0
1064269408
0
1071974211
2684354560
1071572007
2147483648
1072002604
536870912
1071802471
1073741824
1070283406
2147483648
1072545391
536870912
1070494689
0
1067634900
0
1071213806
0
1070778314
1073741824
1070560780
0
1070968332
0
1072151260
1610612736
1069964957
2147483648
1071788576
3221225472
1070391395
2147483648
1071552393
0
1071865607
2684354560
1072392167
536870912
1068944981
0
1071768445
1610612736
1069553322
0
1072500825
2684354560
1072289303
1073741824
1072455291
2684354560
1070954901
2147483648
1068829775
0
1064920240
0
1071047691
2147483648
1071979732
1073741824
1072487071
2684354560
1070341734
0
1072135809
0
1071695832
1610612736
1068534885
0
1067863692
0
1070349414
2147483648
1071678939
1610612736
1072108547
2147483648
1070638654
0
1072360610
1073741824
1070312588
2147483648
1068913237
0
1070344167
0
1071233631
0
1071351182
1073741824
1071429533
3221225472
1071342404
0
1069880506
2147483648
1070987158
3221225472
1071830382
3221225472
1071757694
3221225472
1069209608
0
1072661063
0
1068509178
0
1067997614
0
1072435263
0
1070688028
1073741824
1071548422
3221225472
1072453310
2684354560
1071615446
1073741824
1072302153
2684354560
1072456292
3221225472
1069975850
0
1072518676
2684354560
1069887318
2147483648
1069172658
0
1069909264
2147483648
1070809678
0
1068573994
0
1067698244
0
1072275039
2147483648
1071882820
3758096384
1072261641
2684354560
1070490891
0
1070276955
0
1072608441
1610612736
1071534501
2147483648
1069349119
0
1072357254
536870912
1071776043
1073741824
1070813077
2147483648
1072555450
3758096384
1071461100
1073741824
1072693247
2684354560
56
