Uvec
2226355706
1072258530
1610612736
1071878623
0
1072365360
2147483648
1072486145
2684354560
1071477439
0
1070979731
1073741824
1071092608
2147483648
1071288110
3221225472
1072057785
3221225472
1071742505
3758096384
1071236668
0
1071364450
3221225472
1071794645
1610612736
1071520790
3221225472
1072606728
0
1071655323
1073741824
1072291096
2147483648
1072410374
1073741824
1069636322
2147483648
1072187771
3221225472
1070988816
1073741824
1071717313
2147483648
1071815520
536870912
1070556145
0
1071883327
3221225472
1071861685
2147483648
1070007986
2147483648
1072254498
2684354560
1071836065
2684354560
1072381103
536870912
1068366888
0
1072668285
1610612736
1071257047
0
1071606061
3221225472
1066735672
0
1072386646
1073741824
1068981929
0
1072259961
3221225472
1072523909
3221225472
1069755696
2147483648
1068671199
0
1071838484
1610612736
1072165873
2684354560
1071658257
2147483648
1069857172
0
1071383405
0
1071972520
2684354560
1072255209
2684354560
1068749799
0
1067965372
0
1072062964
3758096384
1071039665
2147483648
1070652025
0
1072182204
2684354560
1071931934
536870912
1068710102
0
1072267328
3221225472
1071689241
1610612736
1071299491
1073741824
1071523058
3221225472
1067952760
0
1072359351
3758096384
1072456936
536870912
1071655043
2147483648
1072527482
1073741824
1071348569
1073741824
1070761673
0
1071646053
1610612736
1071440189
3221225472
1072339098
2147483648
1071786419
3221225472
1072487175
1073741824
1068565496
0
1071664030
0
1071984276
3221225472
1072369865
1610612736
1070139415
0
1071125195
2147483648
1071959125
2147483648
1071257031
0
1070688749
2147483648
1072023322
3221225472
1072582314
0
1072108668
1610612736
1071674974
3758096384
1071656416
0
1072636059
2147483648
1072651969
1610612736
1072011333
3221225472
1070699637
2147483648
1070279722
2147483648
1069563547
0
1071003011
1073741824
1071413522
3221225472
1072489977
2684354560
1071981415
1073741824
1072481981
1610612736
1071279974
3221225472
1071461100
1073741824
1072693247
2684354560
69
