Uvec
2226355706
1070719511
3221225472
1072607998
1610612736
1072372322
3221225472
1071446123
1073741824
1063784320
0
1069561812
0
1071435625
0
1072343725
2684354560
1071890472
3221225472
1072074742
1610612736
1072400374
536870912
1071513328
2147483648
1069583711
0
1071681524
3221225472
1072542233
2147483648
1066278912
0
1070468705
0
1071239465
1073741824
1065697376
0
1070752412
0
1072363540
1073741824
1070735918
1073741824
1070593359
2147483648
1068450296
0
1072683089
2147483648
1071191892
1073741824
1072213113
3221225472
1070777988
3221225472
1069589641
0
1071105653
2147483648
1071981550
3221225472
1071477119
0
1072510688
2147483648
1072613477
3221225472
1072658972
2147483648
1072278456
536870912
1070528935
2147483648
1069606043
0
1071018393
1073741824
1071651759
1073741824
1072539890
1073741824
1072296512
0
1071725442
536870912
1072282650
2147483648
1071930095
0
1072088114
0
1071609876
3221225472
1072504636
0
1072252373
3758096384
1071251121
1073741824
1069491563
0
1068685543
0
1070722332
0
1071015516
0
1072330513
1610612736
1072096163
0
1070801795
2147483648
1070463683
0
1070199139
0
1071287427
0
1069260357
0
1070511198
0
1069707449
0
1066590420
0
1072152895
2147483648
1071964992
2147483648
1072324229
536870912
1072076634
536870912
1071759954
2147483648
1071758177
2147483648
1069383972
0
1072289507
3221225472
1072138250
3221225472
1072590678
3758096384
1070746455
0
1069560051
0
1072336183
0
1068827640
0
1069544936
0
1072613704
3221225472
1069987445
0
1071266527
3221225472
1068128410
0
1072529193
2684354560
1072227078
0
1070177269
2147483648
1071906987
3221225472
1071794512
3758096384
1067536974
0
1071683608
1073741824
1072518610
536870912
1072667232
0
1072408197
536870912
1071861945
3221225472
1072272556
536870912
1071549357
3221225472
1068950659
0
1072420393
3758096384
1071461100
1073741824
1072693247
2684354560
1
