Uvec
2226355706
1072633911
3221225472
1071714099
2684354560
1072413265
3758096384
1071122205
0
1072446252
1073741824
1072283955
0
1070728444
1073741824
1072318167
1610612736
1071181011
2147483648
1071694431
3758096384
1072206165
2147483648
1071863248
536870912
1070209192
2147483648
1067424416
0
1072605196
2684354560
1071330958
2147483648
1070597160
1073741824
1072237405
1610612736
1072152644
2684354560
1071560250
0
1070334159
2147483648
1071512815
2147483648
1072453315
536870912
1072505534
3758096384
1072316755
536870912
1071682568
3758096384
1072503375
2684354560
1071954613
3758096384
1071666688
1073741824
1072429786
2684354560
1072616876
3221225472
1069928871
2147483648
1072098858
3758096384
1071120467
0
1066711564
0
1071634968
2147483648
1070962466
0
1070186662
2147483648
1072146772
2147483648
1070506035
2147483648
1071446580
0
1071530571
1073741824
1072293380
0
1071579269
2147483648
1071469180
1073741824
1071939940
1073741824
1069647267
0
1070807331
1073741824
1071081040
0
1069918104
0
1072159093
1073741824
1071916340
3221225472
1071551501
1073741824
1071533817
3221225472
1072145695
2684354560
1068120212
0
1066736528
0
1067744722
0
1071202685
0
1064746416
0
1071805760
3758096384
1070897049
1073741824
1072458340
0
1072394585
2147483648
1071090578
0
1068494242
0
1071901998
0
1072302552
0
1068621820
0
1071028685
2147483648
1070954632
2147483648
1072655540
1610612736
1071090971
1073741824
1072070825
536870912
1071368503
3221225472
1063698144
0
1071412738
2147483648
1071817009
536870912
1071587188
0
1070214205
0
1068174482
0
1071226489
2147483648
1070905392
3221225472
1070684584
2147483648
1071824484
1610612736
1070131726
2147483648
1071849148
536870912
1071070389
2147483648
1071217133
0
1072035593
0
1071873321
536870912
1071047801
2147483648
1072472662
2684354560
1072309284
536870912
1071923726
536870912
1069764110
0
1069841161
2147483648
1062999616
0
1071461100
1073741824
1072693247
2684354560
66
