Uvec
2226355706
1071541283
1073741824
1069521452
0
1071485803
3221225472
1071961954
3758096384
1071265207
1073741824
1068573769
0
1069782052
2147483648
1071743560
0
1072594699
1610612736
1070675515
2147483648
1072266461
1073741824
1072637755
3758096384
1070537942
2147483648
1068954573
0
1071929507
3221225472
1066470136
0
1070840276
2147483648
1072262506
0
1071502483
2147483648
1072015839
536870912
1065536792
0
1071671121
2147483648
1071879432
2684354560
1072174212
2147483648
1066397792
0
1069706005
0
1072537319
0
1072392577
3221225472
1071886989
2684354560
1071029359
3221225472
1072632056
2684354560
1072052260
0
1070290013
2147483648
1071167608
3221225472
1068150922
0
1072596820
1610612736
1071034467
2147483648
1071557253
0
1070699011
0
1068770189
0
1071674668
2684354560
1072381587
2684354560
1071512002
2147483648
1071093070
2147483648
1070137307
0
1070008716
0
1071641037
0
1071480651
2147483648
1071174993
1073741824
1072467419
1073741824
1072339576
3758096384
1070015389
2147483648
1071408150
0
1072043557
1610612736
1072493261
536870912
1067704520
0
1067288564
0
1071541922
3221225472
1066158520
0
1071818568
2147483648
1072692885
2147483648
1070380995
2147483648
1071916180
536870912
1071206948
0
1071281471
1073741824
1071965108
2684354560
1070135581
2147483648
1071594850
0
1071214419
2147483648
1069574728
2147483648
1070508737
2147483648
1071698081
3758096384
1071791407
3758096384
1072515369
2684354560
1072592841
1610612736
1067823270
0
1072599783
2684354560
1072109338
0
1072253643
1073741824
1071103012
3221225472
1072186212
0
1071912016
1073741824
1072243426
1610612736
1072551927
3758096384
1069474704
0
1071429838
2147483648
1072438171
3221225472
1070442499
0
1071316426
1073741824
1072227116
1073741824
1072286747
3221225472
1071910601
536870912
1071739486
0
1072205846
0
1070206006
0
1070726485
0
1072688908
3221225472
1071916053
2684354560
1071461100
1073741824
1072693247
2684354560
70
