Uvec
2226355706
1071057263
2147483648
1070658733
2147483648
1070892782
3221225472
1069508830
0
1070694600
3221225472
1072523564
2684354560
1071518262
0
1070571960
0
1072160731
536870912
1071809792
0
1070806945
3221225472
1071707474
536870912
1071910079
2147483648
1071714439
3758096384
1072335803
1610612736
1071804999
3221225472
1066138632
0
1071921067
0
1070683271
3221225472
1071916604
536870912
1071866230
536870912
1072212395
0
1072234357
3221225472
1072222437
536870912
1070994417
2147483648
1072508742
2684354560
1070884288
0
1068039082
0
1071955863
0
1071300898
3221225472
1071044641
3221225472
1072397914
2147483648
1069256182
0
1072589835
3758096384
1067186352
0
1072239214
1610612736
1071599163
1073741824
1071667208
536870912
1072551809
3221225472
1071692548
3758096384
1069418122
0
1072552875
536870912
1070897532
1073741824
1072500208
0
1072345902
3758096384
1071012305
2147483648
1065725400
0
1071952996
1073741824
1071421365
0
1069487630
0
1072386368
0
1072290236
0
1069762207
0
1071819109
1610612736
1069626337
0
1072138564
1610612736
1071794963
2684354560
1072343864
2684354560
1070985815
1073741824
1071503076
2147483648
1071512005
0
1069390618
0
1072500375
536870912
1071975300
536870912
1071030754
0
1071980504
1610612736
1070703944
2147483648
1069287088
0
1071097634
0
1072453217
1610612736
1072312868
536870912
1072677885
0
1070261789
2147483648
1072623347
1073741824
1070885882
3221225472
1070597396
1073741824
1071865914
1073741824
1072098167
3221225472
1072002030
3221225472
1071859142
3758096384
1071803471
3221225472
1069929902
2147483648
1068915907
0
1072441412
536870912
1072031782
1073741824
1071366917
3221225472
1072047479
3221225472
1071740523
3221225472
1070236734
0
1072389722
1610612736
1069984752
2147483648
1071723890
1610612736
1071462641
3221225472
1070999210
0
1071885211
0
1067918896
0
1071823467
3221225472
1070703142
2147483648
1071461100
1073741824
1072693247
2684354560
77
