Uvec
2226355706
1071485690
1073741824
1071651807
2684354560
1072687977
0
1072175316
1073741824
1070784328
2147483648
1071202079
2147483648
1069962395
0
1069983909
0
1071023708
1073741824
1068541621
0
1072677213
3221225472
1069215021
0
1068746997
0
1071545235
0
1069080900
0
1071593490
3221225472
1070089189
2147483648
1068663356
0
1070730948
3221225472
1071650230
3758096384
1072181933
536870912
1071123471
0
1070534335
0
1069269720
0
1070843385
1073741824
1068694903
0
1071994006
3221225472
1068467864
0
1072551237
1610612736
1072666593
3221225472
1072654618
2147483648
1072602683
0
1071564349
1073741824
1071729926
3758096384
1071262848
2147483648
1071518473
2147483648
1071884888
3758096384
1068998017
0
1070979165
0
1071820649
2147483648
1071808780
1610612736
1070907427
1073741824
1071796832
1610612736
1068010584
0
1072442135
1073741824
1070049324
0
1071583672
3221225472
1072300130
1610612736
1072424420
1073741824
1071662841
0
1071056438
1073741824
1070988511
2147483648
1069755982
0
1071233157
2147483648
1072444887
3221225472
1070477126
2147483648
1072387271
2684354560
1072407633
2684354560
1071804649
1610612736
1071977449
3758096384
1071947063
536870912
1071188960
1073741824
1072424386
0
1072487007
2147483648
1070794642
1073741824
1071838168
3221225472
1068674651
0
1072650794
1610612736
1071660798
536870912
1071880091
1610612736
1069839255
0
1072472958
536870912
1066201120
0
1072515335
3758096384
1072660372
3221225472
1071341629
1073741824
1070313904
0
1072041922
3221225472
1066018752
0
1071830828
2147483648
1070328878
2147483648
1070045682
0
1070948705
2147483648
1071443422
2147483648
1071996250
0
1072129879
3221225472
1071839556
3758096384
1068676731
0
1071330305
1073741824
1067842140
0
1072174601
0
1072033416
536870912
1070554045
0
1071879939
2147483648
1071615821
0
1071929126
2684354560
1071636968
3221225472
1066011440
0
1071461100
1073741824
1072693247
2684354560
83
