Uvec
2226355706
1071987197
0
1072362204
2684354560
1064692528
0
1069631988
0
1072393082
536870912
1067234260
0
1071347657
2147483648
1071888293
1073741824
1071509126
3221225472
1071837381
1610612736
1071487825
2147483648
1065739392
0
1071671800
1610612736
1069917258
0
1072235147
3221225472
1066000248
0
1072503445
536870912
1070701955
3221225472
1070904525
1073741824
1071403322
2147483648
1072687312
1610612736
1071726137
2147483648
1068441804
0
1071681692
3758096384
1069893990
2147483648
1071164633
2147483648
1072497744
536870912
1070680818
3221225472
1071521835
2147483648
1072383396
2147483648
1069925829
2147483648
1070908911
0
1072661993
1073741824
1072280095
2684354560
1071835011
3221225472
1070600253
2147483648
1072613031
536870912
1071674217
536870912
1072237319
1073741824
1070861285
0
1072370540
2684354560
1067086508
0
1068565163
0
1071339498
3221225472
1071043541
1073741824
1068170076
0
1072527057
0
1070988940
0
1070576427
2147483648
1069812492
0
1069000791
0
1068983552
0
1071611125
2147483648
1072270673
1073741824
1071875907
2684354560
1067955482
0
1071533719
1073741824
1067003512
0
1068331724
0
1067464500
0
1068575821
0
1070957017
2147483648
1072681347
3758096384
1072413117
536870912
1071424960
0
1072062005
1073741824
1072389468
536870912
1071666839
0
1072145139
0
1072605352
3758096384
1072472976
1610612736
1067629676
0
1071844233
2684354560
1072191836
1610612736
1070945249
3221225472
1072502771
3758096384
1072129053
1073741824
1072007167
2147483648
1071572113
1073741824
1070934379
0
1071991442
1610612736
1071648179
1610612736
1071563972
0
1071916241
536870912
1072195918
2684354560
1071038668
3221225472
1068683744
0
1071288800
0
1071395113
1073741824
1071692654
0
1072608242
2147483648
1071529433
2147483648
1071823653
3221225472
1071430992
3221225472
1066072624
0
1072190531
536870912
1072002202
0
1072435752
1610612736
1071461100
1073741824
1072693247
2684354560
85
