Uvec
2226355706
1071000949
0
1072162000
2684354560
1070136722
0
1071623997
3221225472
1071666085
1073741824
1071963375
1610612736
1071056594
1073741824
1071219817
3221225472
1071582903
0
1071445102
0
1072645958
1073741824
1072344162
536870912
1071596906
1073741824
1068603350
0
1072174789
1610612736
1067541056
0
1072504714
2684354560
1072624749
0
1072542811
3221225472
1069406491
0
1072594342
3221225472
1072548976
1073741824
1071918521
1610612736
1071947478
1073741824
1072223763
1610612736
1072603127
536870912
1070659759
0
1072457079
0
1072199988
1073741824
1069594275
2147483648
1071733023
3221225472
1072118217
3221225472
1072568577
1073741824
1071465637
3221225472
1072056238
1610612736
1071460569
1073741824
1072015387
2684354560
1072150300
3758096384
1071049457
2147483648
1071875226
2147483648
1070968069
1073741824
1071924855
536870912
1072039462
2684354560
1069295459
0
1072265842
1610612736
1072260711
1610612736
1071728445
3221225472
1072056162
3221225472
1070766752
0
1070885055
0
1070631350
2147483648
1072375294
3221225472
1072424925
1073741824
1070784677
0
1071602063
2147483648
1072079229
536870912
1072186450
536870912
1066380640
0
1072038749
2684354560
1067943208
0
1071341565
0
1067948184
0
1071453505
1073741824
1068571039
0
1072377813
2147483648
1070710609
2147483648
1071938769
536870912
1072063545
1073741824
1070929308
0
1070963314
1073741824
1072552916
1073741824
1071988351
2147483648
1070983837
2147483648
1071466875
0
1072145924
536870912
1070974843
3221225472
1071664067
1610612736
1069821938
0
1072078170
2147483648
1071733916
3758096384
1072299454
1073741824
1071444626
2147483648
1067575132
0
1068872966
0
1072169945
2147483648
1071643179
2147483648
1072215095
3221225472
1070151383
2147483648
1071723452
3758096384
1072017119
1073741824
1069686564
0
1071901314
2684354560
1072149180
3221225472
1066616112
0
1068134920
0
1069897453
2147483648
1071564493
0
1072401927
536870912
1071461100
1073741824
1072693247
2684354560
62
