Uvec
2226355706
1071490421
2147483648
1070626672
2147483648
1072447500
0
1072160004
3221225472
1069364108
0
1070103403
2147483648
1071365414
1073741824
1071933799
2684354560
1071961047
2684354560
1066202624
0
1072250159
3221225472
1071446698
3221225472
1070051522
0
1071168732
0
1071254889
1073741824
1070635327
2147483648
1070917271
1073741824
1069646781
2147483648
1072676468
536870912
1072138032
536870912
1072147023
2147483648
1071477658
2147483648
1072325421
0
1071951386
3758096384
1070824670
3221225472
1071689673
2684354560
1072642855
3758096384
1065869584
0
1072171021
3758096384
1072668873
0
1071761267
2147483648
1071911464
0
1072083888
536870912
1067702152
0
1067894774
0
1071705330
3221225472
1072640190
1073741824
1071230274
0
1072613203
2684354560
1069024526
0
1071757982
0
1071892438
1073741824
1072633796
3758096384
1071846713
536870912
1071683985
2684354560
1064550608
0
1068408218
0
1072017491
536870912
1071995430
1610612736
1070542342
2147483648
1070703600
1073741824
1072559890
2147483648
1071935991
2147483648
1072363063
1610612736
1069809041
2147483648
1070868335
3221225472
1072433637
2684354560
1072015051
2147483648
1071578162
1073741824
1072109096
1073741824
1071297935
3221225472
1070735881
3221225472
1072065598
2684354560
1071885670
1610612736
1072473963
1610612736
1071243203
3221225472
1068756453
0
1068178104
0
1070063473
2147483648
1071359206
2147483648
1071120172
3221225472
1071226196
0
1070970643
3221225472
1072264028
1610612736
1067403968
0
1070169426
0
1071907077
1610612736
1068875962
0
1069731836
0
1071080388
2147483648
1071061394
1073741824
1071722570
536870912
1071052293
3221225472
1071134661
1073741824
1072085148
0
1072232029
2684354560
1071786619
3221225472
1072142106
2684354560
1072122672
2147483648
1071955085
0
1071168798
2147483648
1071338275
2147483648
1070463408
2147483648
1071960042
2147483648
1068923192
0
1070268031
2147483648
1068920783
0
1071854148
3758096384
1071461100
1073741824
1072693247
2684354560
69
