Uvec
2226355706
1071973503
2684354560
1072304587
3758096384
1070953584
2147483648
1072165935
1610612736
1071608406
3221225472
1069169156
0
1070948037
0
1069970901
0
1066686616
0
1071268827
1073741824
1069587074
2147483648
1071779458
2684354560
1070049573
0
1067643702
0
1071758924
2684354560
1070656041
0
1071579519
0
1072022592
3221225472
1071001033
0
1068280142
0
1072373483
2147483648
1069815686
0
1072095247
2147483648
1070706005
1073741824
1066589796
0
1072657560
1073741824
1071925347
0
1068074868
0
1071679378
1073741824
1072328541
2684354560
1071254329
1073741824
1070485265
0
1065360624
0
1072390597
3758096384
1067491494
0
1072235809
1610612736
1069620856
0
1069965057
2147483648
1071009223
0
1071803266
0
1069747307
0
1071562522
3221225472
1072297819
3221225472
1070791242
3221225472
1069128071
0
1071953135
1073741824
1068332500
0
1071997632
536870912
1070307098
2147483648
1070681039
3221225472
1072268547
1610612736
1072282637
1073741824
1067033036
0
1072634167
536870912
1069273394
0
1072082323
0
1072502067
3221225472
1071938581
3758096384
1072649823
3758096384
1072557933
536870912
1066798240
0
1072058905
3758096384
1069993307
2147483648
1069706680
0
1071083912
3221225472
1069628089
0
1070670591
0
1071183282
2147483648
1072666772
536870912
1069003500
0
1072085879
1073741824
1071952817
2684354560
1071747245
536870912
1070744508
0
1071680917
1073741824
1071115498
0
1070560953
2147483648
1072672279
1610612736
1072580415
1073741824
1070573078
0
1072476596
3758096384
1072260511
1610612736
1071905204
2684354560
1072370842
3221225472
1071356042
0
1070045182
0
1072092434
3221225472
1068368762
0
1070674558
0
1069789073
2147483648
1070876025
1073741824
1072055536
1610612736
1071572848
2147483648
1072211455
536870912
1071717540
3221225472
1071962678
536870912
1072583773
1073741824
1071957554
2684354560
1071461100
1073741824
1072693247
2684354560
68
