Uvec
2226355706
1072279089
536870912
1070885383
0
1072247323
2684354560
1072019770
536870912
1068676929
0
1072056625
3221225472
1071527983
0
1071033040
0
1072066378
1073741824
1070178182
0
1071430246
3221225472
1072144022
3221225472
1071900660
2147483648
1072500646
1073741824
1072422875
2147483648
1072660947
536870912
1071836119
536870912
1070872761
3221225472
1067444652
0
1069037430
0
1072178601
1073741824
1070847452
0
1072590242
0
1072052232
0
1070278585
0
1072092953
0
1072643860
2147483648
1072297083
0
1069063603
0
1071655598
536870912
1072061764
536870912
1070751240
0
1071480764
1073741824
1069492658
0
1068909247
0
1070991606
0
1066295264
0
1070953479
0
1072339054
2147483648
1072557283
536870912
1072432496
2684354560
1072218556
1073741824
1072655380
3221225472
1070712934
0
1070301110
0
1071363825
3221225472
1071866323
2147483648
1072206615
2684354560
1071285452
3221225472
1071725094
0
1071796924
536870912
1070656470
1073741824
1067562890
0
1071445510
3221225472
1071774191
3758096384
1071223844
2147483648
1071770600
2684354560
1065401992
0
1070813579
1073741824
1070426353
2147483648
1070929886
0
1070831624
0
1069749763
2147483648
1069120939
0
1070331039
0
1065551008
0
1069776442
0
1071885358
0
1072160554
536870912
1072612643
2684354560
1072020093
1073741824
1072642657
536870912
1071288226
0
1068777993
0
1071055361
0
1072223258
0
1070902782
1073741824
1068117704
0
1072586548
3221225472
1067002468
0
1072431102
1610612736
1069925170
0
1072594494
2147483648
1072357742
1610612736
1072579820
0
1068555045
0
1070449664
2147483648
1070885627
0
1071818124
2684354560
1071340951
1073741824
1068473156
0
1072433800
1610612736
1071786261
0
1071000559
0
1072615056
1073741824
1070856193
1073741824
1071653882
0
1071948861
0
1071461100
1073741824
1072693247
2684354560
74
