Uvec
2226355706
1071722527
1610612736
1069766229
0
1071087815
2147483648
1070879618
0
1071638059
2147483648
1072216302
536870912
1072306936
2147483648
1072627681
1610612736
1070277396
2147483648
1070190615
0
1071689602
536870912
1071391150
3221225472
1070130031
2147483648
1071500693
0
1072219299
0
1068529880
0
1071798379
3221225472
1069592531
2147483648
1071886530
1610612736
1069630674
0
1069273963
0
1071186558
2147483648
1071729992
2147483648
1072032787
3758096384
1072182716
3758096384
1066890704
0
1070584939
2147483648
1071267779
2147483648
1072663654
536870912
1072681370
3758096384
1070984668
3221225472
1071112974
3221225472
1072137972
1610612736
1072415871
2684354560
1072603710
3758096384
1071862327
536870912
1066543116
0
1072037322
2147483648
1071864843
2684354560
1071896697
1610612736
1071182451
1073741824
1072637392
1610612736
1072040182
1610612736
1072678295
2684354560
1071712012
2147483648
1070926593
0
1072119618
0
1069583858
2147483648
1070990441
3221225472
1072366282
0
1070631151
3221225472
1072496298
3758096384
1070406060
0
1072027318
1610612736
1068683154
0
1070235909
2147483648
1071009656
1073741824
1070602992
1073741824
1070778052
2147483648
1072053372
1073741824
1072266568
2147483648
1071869286
3221225472
1072583064
2147483648
1071401699
3221225472
1072416539
1610612736
1072287253
2684354560
1071783022
2684354560
1071214418
1073741824
1071923125
3758096384
1071529160
2147483648
1072105994
536870912
1072480280
1610612736
1072307263
3221225472
1070882711
1073741824
1072045500
1073741824
1066800904
0
1072484547
2147483648
1070712213
3221225472
1071698758
1610612736
1072624513
2684354560
1071892181
3221225472
1072100962
536870912
1065584696
0
1069662152
0
1071137129
1073741824
1071015745
2147483648
1072361914
0
1072191234
3758096384
1071619878
2147483648
1071576507
2147483648
1072370938
2684354560
1071536515
3221225472
1072488498
3221225472
1072039219
3221225472
1066322232
0
1067317492
0
1072512111
2684354560
1071829368
536870912
1071461100
1073741824
1072693247
2684354560
32
