Uvec
2226355706
1070313231
0
1069400593
0
1070620073
2147483648
1071691147
1073741824
1071230287
2147483648
1072175838
2684354560
1072641777
3221225472
1071996302
0
1069481300
0
1071945774
3221225472
1067047404
0
1071714569
2147483648
1071037476
2147483648
1070873295
0
1071914526
1610612736
1067260276
0
1069906082
2147483648
1072047222
536870912
1070374403
0
1072162356
0
1070418486
2147483648
1072355232
2684354560
1072457243
0
1071117293
3221225472
1071036415
1073741824
1071963582
3758096384
1072006258
1073741824
1071490891
3221225472
1071099931
1073741824
1072297310
0
1069120764
0
1070875796
1073741824
1068525363
0
1072256123
2147483648
1072116317
2684354560
1072208179
536870912
1068606896
0
1071609769
0
1071184751
0
1070989928
2147483648
1070267891
2147483648
1071027986
1073741824
1071196463
3221225472
1070033873
2147483648
1072007054
3758096384
1072591605
3758096384
1071470322
3221225472
1071074392
2147483648
1071478350
3221225472
1070741961
2147483648
1071836286
2147483648
1063220096
0
1071884599
2147483648
1071657014
1610612736
1072193382
536870912
1072439119
3221225472
1072462182
2684354560
1071772856
3758096384
1072637926
2684354560
1072595792
2684354560
1071448294
3221225472
1072293510
0
1071813172
3758096384
1071029161
2147483648
1072423693
3758096384
1070383403
0
1069773216
0
1071178474
0
1070642709
0
1071371695
1073741824
1071776244
3221225472
1072467808
3221225472
1072179755
1610612736
1071540772
3221225472
1070501677
2147483648
1072459248
2684354560
1072680632
1610612736
1069846348
0
1072311590
1610612736
1072285255
536870912
1071723678
0
1071653818
3758096384
1072481560
3221225472
1071300468
1073741824
1071205337
0
1068670243
0
1071852054
536870912
1071243273
2147483648
1071925103
3758096384
1072220329
3221225472
1072342438
2684354560
1071877626
1073741824
1071003154
2147483648
1070641843
3221225472
1072002561
2147483648
1072538564
2684354560
1071755023
2147483648
1067849452
0
1071461100
1073741824
1072693247
2684354560
45
