Uvec
2226355706
1072494287
1610612736
1070078357
0
1070979371
1073741824
1072263051
1610612736
1071850958
0
1071846867
1073741824
1069193034
0
1072412528
2147483648
1071713273
1073741824
1070886390
1073741824
1067259532
0
1070880263
1073741824
1070559213
2147483648
1072588825
3221225472
1066623460
0
1070882221
3221225472
1072237446
1610612736
1071800361
2684354560
1071019430
2147483648
1072623017
1610612736
1071070394
0
1071979291
1610612736
1069687977
2147483648
1072291342
1610612736
1072497441
536870912
1071612549
1073741824
1069658795
0
1072363313
1073741824
1072512762
1073741824
1072655494
3221225472
1071685021
3758096384
1069189739
0
1069602769
0
1068139100
0
1071741848
3758096384
1072410992
0
1069704462
0
1072334763
2684354560
1071805978
1610612736
1071642345
0
1071759083
1073741824
1068100080
0
1071691830
1610612736
1071787803
3758096384
1071729653
0
1072649614
1610612736
1069886724
2147483648
1072265252
0
1072526216
1610612736
1071775576
1073741824
1072193359
3221225472
1069864187
0
1070159434
2147483648
1072661784
2147483648
1070943454
0
1071242518
2147483648
1072262416
2147483648
1072443874
3221225472
1069313826
0
1071711244
3221225472
1066438640
0
1071233828
0
1070866461
3221225472
1071537153
0
1070908090
0
1072229289
2147483648
1071550995
0
1071237886
0
1072384240
3758096384
1071683129
3221225472
1066793156
0
1072531075
2147483648
1072516011
1073741824
1067759798
0
1072260802
0
1071961937
1610612736
1072380758
3221225472
1072224529
3758096384
1071791010
1073741824
1066511172
0
1072552482
3758096384
1072166547
0
1072235688
3758096384
1068856650
0
1068495542
0
1070136847
2147483648
1072413981
0
1072396514
3221225472
1068709074
0
1072666276
1610612736
1066278176
0
1069194780
0
1071651949
0
1070677036
2147483648
1071889551
3758096384
1071750355
1073741824
1072122845
0
1070555725
0
1071461100
1073741824
1072693247
2684354560
67
