Uvec
2226355706
1071858894
0
1071999724
2147483648
1072085504
1073741824
1071804959
3221225472
1068584101
0
1072642061
2147483648
1069715240
0
1072602216
0
1070382746
0
1068659355
0
1072682945
1610612736
1071438910
2147483648
1071679090
1610612736
1071826469
1073741824
1070775788
0
1068515087
0
1071854324
3758096384
1072564817
3221225472
1069719033
0
1066778844
0
1071132323
2147483648
1067926154
0
1071621294
3221225472
1071173979
2147483648
1070902323
0
1071703394
0
1070410483
0
1072444777
0
1065930816
0
1072509133
3221225472
1071615158
1073741824
1072031013
3758096384
1070038721
2147483648
1072075727
1610612736
1072003017
3758096384
1072127556
2684354560
1066050880
0
1072292853
3221225472
1070314278
2147483648
1069610300
2147483648
1072128212
3758096384
1072043922
3221225472
1070661171
3221225472
1072522411
3758096384
1072376528
2147483648
1071859571
1610612736
1070236878
0
1072157397
3758096384
1072522034
2147483648
1071741338
0
1070719516
2147483648
1069001830
0
1071867679
536870912
1070769955
2147483648
1071713054
1073741824
1070055045
2147483648
1072482622
2147483648
1070031770
0
1072391746
3221225472
1071259172
2147483648
1072544382
3221225472
1071117389
3221225472
1070381611
0
1072457207
1610612736
1069504800
0
1072287939
1073741824
1071767447
2147483648
1071762494
536870912
1069776730
0
1068688402
0
1071881654
3221225472
1072541874
2684354560
1072554914
3758096384
1072014070
3758096384
1071047020
2147483648
1072480822
1073741824
1071771580
1610612736
1071912423
2684354560
1069497292
0
1071871531
3758096384
1070696507
0
1072631558
2147483648
1071843712
3758096384
1071998792
2684354560
1068796766
0
1071186204
2147483648
1071076411
3221225472
1071754430
1073741824
1069452947
0
1072628022
2147483648
1070920560
0
1070173469
2147483648
1072101270
1073741824
1072284845
3758096384
1072112879
0
1072556248
0
1071471815
0
1070010480
2147483648
1071461100
1073741824
1072693247
2684354560
22
