Uvec
2226355706
1071301107
1073741824
1072170101
2147483648
1071657956
3221225472
1072059959
1073741824
1068318188
0
1071421858
3221225472
1072541786
1073741824
1072112677
2147483648
1070493940
2147483648
1072129145
0
1072596895
536870912
1072404957
0
1069195410
0
1070942578
2147483648
1071950208
1610612736
1071445121
2147483648
1072349420
3221225472
1072580045
3221225472
1070223107
2147483648
1071935699
3221225472
1071825997
0
1069348498
0
1071414776
1073741824
1070918945
1073741824
1071080760
1073741824
1071858391
1610612736
1070129143
2147483648
1069924396
2147483648
1071650810
3758096384
1072110279
2684354560
1071620604
1073741824
1070592856
2147483648
1071090532
2147483648
1069894743
2147483648
1071637735
3221225472
1071800824
1610612736
1070672096
2147483648
1069747696
2147483648
1072560776
2147483648
1068102694
0
1070095870
2147483648
1071762036
0
1068700002
0
1069564394
2147483648
1071887085
0
1069632877
2147483648
1070805046
3221225472
1071681233
536870912
1070771573
1073741824
1072160940
3758096384
1071778165
3221225472
1072219841
2684354560
1070994920
1073741824
1072319519
2684354560
1071697968
1610612736
1072315248
3221225472
1070226259
0
1072174433
3758096384
1071534577
0
1070054992
2147483648
1071851786
1073741824
1072298991
2684354560
1071906704
1610612736
1072590097
2147483648
1072180018
1610612736
1066705788
0
1070500023
2147483648
1072256387
0
1071005753
0
1069126805
0
1071941655
536870912
1069894833
0
1069513129
0
1071500186
2147483648
1070850431
1073741824
1072559173
2684354560
1067738182
0
1071314517
1073741824
1072626501
1610612736
1070686964
1073741824
1071669072
2684354560
1071707757
0
1071819508
1073741824
1070855964
1073741824
1072079923
1610612736
1071910382
1073741824
1071976060
2147483648
1071344661
0
1072558518
1610612736
1072285274
3758096384
1070382880
0
1071742576
3221225472
1071476842
1073741824
1071814707
1073741824
1071818201
3221225472
1072530392
3221225472
1072692726
1610612736
1071017154
0
1071461100
1073741824
1072693247
2684354560
17
