Uvec
2226355706
1071990227
0
1066306704
0
1071140685
2147483648
1072489660
536870912
1072000347
3221225472
1071188886
2147483648
1072216766
3758096384
1064804016
0
1072267321
2684354560
1072589852
1073741824
1071922890
2147483648
1072467723
3758096384
1072607834
3221225472
1072003925
536870912
1071006563
2147483648
1072166688
1610612736
1071950149
2147483648
1071615210
2147483648
1070558307
0
1071790084
3758096384
1067862554
0
1072185873
3221225472
1065525448
0
1071969932
3221225472
1072480653
0
1071496695
2147483648
1071725815
536870912
1067917028
0
1069575268
2147483648
1071766831
3758096384
1065545256
0
1070840007
1073741824
1071695673
0
1071290654
3221225472
1072233423
2684354560
1071103647
3221225472
1071657444
0
1069051364
0
1072156423
1073741824
1069196211
0
1066723224
0
1071970725
3758096384
1069696765
2147483648
1068127688
0
1071909351
2147483648
1072514653
2147483648
1071695665
1073741824
1072645581
2147483648
1067486456
0
1068428366
0
1072448080
536870912
1064235136
0
1072121142
536870912
1071763431
1610612736
1071057889
1073741824
1072115822
2684354560
1069781715
2147483648
1072585058
3758096384
1071127134
1073741824
1068298888
0
1072144557
3758096384
1070898597
2147483648
1072278783
536870912
1071831661
0
1072082264
3758096384
1069524978
0
1070776122
1073741824
1070762021
1073741824
1071733088
536870912
1070925308
1073741824
1072017524
3221225472
1071054877
1073741824
1071847857
1073741824
1070779640
2147483648
1071570711
1073741824
1072584602
1610612736
1072034283
536870912
1072567093
3221225472
1065875768
0
1070920914
2147483648
1070995568
0
1072077797
2684354560
1069666439
2147483648
1070633291
3221225472
1071622755
0
1071100601
0
1072328803
0
1072649098
3221225472
1072472743
3221225472
1071112186
3221225472
1071027171
1073741824
1071052798
3221225472
1069872482
0
1071054490
2147483648
1070951166
0
1072155886
3221225472
1072091998
3758096384
1070907019
3221225472
1071461100
1073741824
1072693247
2684354560
96
