Uvec
2226355706
1071748089
2684354560
1069847447
2147483648
1069628852
0
1072142743
536870912
1071244168
3221225472
1071775975
2147483648
1070459899
2147483648
1072414109
3221225472
1070942360
3221225472
1072373620
1610612736
1071685473
3221225472
1070722836
0
1072339132
3221225472
1071110849
2147483648
1072307702
3221225472
1070607987
1073741824
1072108973
536870912
1069381607
0
1072129417
3221225472
1071504191
2147483648
1071202600
1073741824
1070880770
0
1067472260
0
1069478509
0
1072392573
3221225472
1072118619
1073741824
1072557220
1073741824
1071358049
3221225472
1070008367
0
1071665814
3758096384
1070951184
0
1071555969
3221225472
1072545156
1073741824
1071353938
3221225472
1070087008
0
1062220736
0
1072097931
3221225472
1066905104
0
1072623526
2684354560
1072438947
1610612736
1068568296
0
1069597402
0
1070085861
0
1070480364
2147483648
1068658058
0
1072267582
536870912
1071814956
1073741824
1071692204
1073741824
1070926204
0
1072295092
536870912
1071836399
2147483648
1069445920
0
1069883902
0
1068858596
0
1072561250
3758096384
1071843255
3221225472
1071812925
1073741824
1070949614
1073741824
1067042732
0
1072311384
0
1072555822
3758096384
1070803582
3221225472
1070017447
2147483648
1071249057
0
1069862061
0
1070761202
3221225472
1072056654
1610612736
1070676459
1073741824
1070769824
1073741824
1070373828
0
1071855154
1073741824
1070843787
3221225472
1071405191
1073741824
1072210946
1073741824
1072519808
1610612736
1072554156
3758096384
1070934772
2147483648
1072097614
2147483648
1064857728
0
1072134630
3758096384
1068841985
0
1070383946
0
1072590447
536870912
1071715863
1073741824
1069737228
2147483648
1072618852
0
1072615436
3221225472
1072434021
1073741824
1072665839
1610612736
1064160768
0
1071138767
2147483648
1070620499
2147483648
1070833128
2147483648
1070874351
1073741824
1071618663
3221225472
1071882573
1073741824
1070889669
3221225472
1072195023
2147483648
1071461100
1073741824
1072693247
2684354560
41
