Uvec
2226355706
1071848914
3758096384
1071774867
1610612736
1068922605
0
1072492946
2147483648
1072081640
2147483648
1072135707
2684354560
1071709633
536870912
1072156455
1610612736
1072546627
1073741824
1072083534
3221225472
1071991567
0
1072228972
3221225472
1071937674
3758096384
1072416976
2684354560
1071851904
0
1070275286
0
1069626698
2147483648
1071260127
2147483648
1072302911
1610612736
1072257873
0
1072325706
536870912
1069962070
0
1072517700
1610612736
1072361912
0
1072221559
3758096384
1072435977
536870912
1072639858
1073741824
1072092594
1073741824
1071768392
2147483648
1071736343
3221225472
1071964368
1610612736
1069293342
0
1071995539
3221225472
1072077192
2684354560
1070148152
2147483648
1071487024
2147483648
1072000271
3221225472
1072537459
1610612736
1070765797
1073741824
1071661950
3221225472
1071175768
2147483648
1072584471
2147483648
1071533387
1073741824
1071784536
2684354560
1068425326
0
1067622668
0
1072650040
3758096384
1072585933
2684354560
1071197817
0
1072430083
3221225472
1067896708
0
1071976456
3221225472
1071550078
2147483648
1067863894
0
1072619218
1073741824
1072643946
3221225472
1071731500
2684354560
1072288127
1073741824
1071791144
2147483648
1071970348
1610612736
1072425772
3758096384
1071450213
1073741824
1072404007
0
1070844956
1073741824
1072346782
0
1072657599
1073741824
1071999955
1073741824
1070179629
0
1070980544
2147483648
1070796820
0
1069947792
2147483648
1072340858
1610612736
1065489592
0
1071146517
1073741824
1072470045
1073741824
1070644767
1073741824
1069050072
0
1070944491
3221225472
1071928216
0
1069267438
0
1071723291
3221225472
1070855163
1073741824
1070893649
2147483648
1071688337
3758096384
1072035070
0
1070795037
1073741824
1071851672
1073741824
1072079599
1073741824
1071914554
3221225472
1065421656
0
1070887595
2147483648
1072442229
3221225472
1072173942
3758096384
1072689786
1073741824
1072504337
3758096384
1071525223
3221225472
1070922051
2147483648
1067901908
0
1071461100
1073741824
1072693247
2684354560
19
