Uvec
2226355706
1072560526
536870912
1070712521
1073741824
1071665003
2147483648
1072034964
536870912
1072630095
3221225472
1069707183
0
1072377928
1073741824
1071251655
1073741824
1065168656
0
1071367702
2147483648
1072066847
3758096384
1071362937
0
1072154445
3221225472
1072555196
1610612736
1071427928
0
1071171316
3221225472
1071481412
2147483648
1071393855
0
1067159428
0
1071860593
1610612736
1069064835
0
1072145526
0
1069582254
0
1071832562
536870912
1071296604
1073741824
1071583717
1073741824
1070936695
0
1071440537
1073741824
1069814142
0
1067192612
0
1072220074
3221225472
1068041804
0
1072337624
3758096384
1067295668
0
1068609431
0
1072241754
1610612736
1072302543
2684354560
1070896753
1073741824
1071766537
2147483648
1072687749
1610612736
1072412395
1610612736
1072135499
1610612736
1067329320
0
1071310171
0
1071168641
3221225472
1071632420
0
1071073839
3221225472
1071388592
1073741824
1070700471
1073741824
1067324992
0
1072236984
3758096384
1072468441
3221225472
1071532800
0
1071846695
2147483648
1071873598
2147483648
1071999222
0
1069971677
2147483648
1071690555
536870912
1072354462
2684354560
1070678998
3221225472
1071496158
0
1072169481
3758096384
1072209142
2684354560
1068835201
0
1072221467
1610612736
1069470110
0
1068099120
0
1071345711
0
1071616457
1073741824
1067170832
0
1072666222
2147483648
1072535802
2684354560
1066812256
0
1070712752
0
1069770547
0
1072107797
3221225472
1071169289
1073741824
1071363548
2147483648
1070635534
2147483648
1070836457
3221225472
1071879526
2147483648
1070949301
1073741824
1071775812
0
1070622136
2147483648
1065565488
0
1068714468
0
1071774571
536870912
1070083538
2147483648
1071891144
0
1072218204
2147483648
1071051295
2147483648
1070616197
3221225472
1071971784
2684354560
1071680710
2684354560
1071900815
2684354560
1072391376
3221225472
1070935757
2147483648
1067305332
0
1071461100
1073741824
1072693247
2684354560
16
