Uvec
2226355706
1067793480
0
1071297658
3221225472
1070995414
0
1072576574
2684354560
1069493174
0
1070778801
3221225472
1072284275
1073741824
1069852505
0
1071983143
3221225472
1071285222
3221225472
1072553582
3221225472
1067501870
0
1071792919
0
1072064322
2684354560
1072455023
2147483648
1070486167
0
1070791276
2147483648
1069332248
0
1070981633
2147483648
1066019368
0
1072078100
3221225472
1072324125
3758096384
1071649435
3221225472
1072058021
0
1072608935
536870912
1069004827
0
1071486579
0
1070559092
0
1072159168
2147483648
1071243711
2147483648
1070611993
3221225472
1072313777
536870912
1069663108
2147483648
1068316956
0
1067334412
0
1070433342
2147483648
1066948428
0
1069030471
0
1072174609
2684354560
1071962434
1610612736
1071660036
536870912
1072412673
2147483648
1059709952
0
1072500123
3221225472
1070833441
1073741824
1072445964
2147483648
1072100806
3758096384
1071918577
1073741824
1071973036
2147483648
1071853381
2147483648
1070385974
2147483648
1072007416
2684354560
1070904216
0
1072604986
1610612736
1070728143
1073741824
1070762624
0
1072132942
3758096384
1071099897
1073741824
1072424536
1610612736
1072611518
2684354560
1072669194
2684354560
1068462930
0
1068817261
0
1072115460
3758096384
1072490185
1073741824
1070634579
2147483648
1070562939
2147483648
1071792789
2147483648
1071705157
1073741824
1070686523
2147483648
1070700944
3221225472
1068919677
0
1072310558
2684354560
1071050379
0
1071797700
2684354560
1071436541
2147483648
1072561917
3758096384
1070658841
2147483648
1071186285
0
1071686171
3221225472
1071449015
0
1072091954
2147483648
1067726938
0
1069881600
2147483648
1071771611
2147483648
1069815284
0
1071700626
536870912
1063965312
0
1072552388
0
1068667837
0
1069899092
0
1069126683
0
1072287392
3758096384
1070278451
0
1071190105
3221225472
1070726823
3221225472
1072381541
2684354560
1070672339
1073741824
1071461100
1073741824
1072693247
2684354560
62
