Uvec
2226355706
1072429260
1073741824
1070802741
0
1071605552
3221225472
1071901019
3758096384
1070704521
1073741824
1072357761
1610612736
1071755738
2684354560
1070606225
1073741824
1072677861
3221225472
1072453361
1610612736
1070307399
0
1071923682
0
1072264309
1073741824
1069821483
0
1070712795
3221225472
1067667158
0
1072546741
1073741824
1071242988
3221225472
1071737931
2147483648
1070683598
3221225472
1070592456
0
1069329395
0
1072437431
3758096384
1068846400
0
1071901863
3758096384
1072273237
0
1069400342
0
1071125917
3221225472
1071812787
3758096384
1071150941
1073741824
1066182648
0
1071042910
2147483648
1070875629
0
1069817478
2147483648
1070348423
2147483648
1069910898
0
1067971966
0
1072457539
2147483648
1071570232
0
1067804948
0
1071316506
2147483648
1071351006
2147483648
1069838763
2147483648
1068869682
0
1068915409
0
1069862139
2147483648
1072580754
2147483648
1071794808
536870912
1071719402
536870912
1069678406
0
1071605065
3221225472
1072245765
3758096384
1069948743
0
1069008879
0
1070915664
1073741824
1070861597
2147483648
1072050402
536870912
1071359308
2147483648
1070028314
2147483648
1069834114
0
1071701950
2684354560
1072243338
1073741824
1068782609
0
1072572481
1073741824
1071799747
2684354560
1070964051
3221225472
1070292721
2147483648
1070952287
3221225472
1070367668
0
1071939218
2147483648
1070169604
2147483648
1072210047
0
1070779447
2147483648
1071998354
3221225472
1072411542
2147483648
1070260084
2147483648
1069417160
0
1065489312
0
1071931350
2147483648
1072592053
3758096384
1072390118
2684354560
1072182584
0
1072080170
2147483648
1072277818
0
1071169504
2147483648
1069643694
0
1069910322
2147483648
1072187544
3758096384
1072060560
2684354560
1072534790
0
1071691617
2684354560
1072324557
0
1072247747
3221225472
1071752468
536870912
1070636537
0
1072481162
536870912
1070656215
1073741824
1071132937
3221225472
1071461100
1073741824
1072693247
2684354560
14
