Uvec
2226355706
1069606901
2147483648
1070594520
2147483648
1071731121
0
1071644330
2147483648
1072489824
1610612736
1067546390
0
1069913983
2147483648
1069697689
2147483648
1071406968
2147483648
1071765238
536870912
1072091211
1610612736
1072593802
2684354560
1066740964
0
1072072844
1073741824
1072515116
2147483648
1072209947
1610612736
1071122192
2147483648
1072294528
3758096384
1069652709
2147483648
1068476054
0
1070984922
2147483648
1072561188
536870912
1068054926
0
1072507352
1610612736
1071584259
3221225472
1070105750
0
1069991553
0
1071917664
2147483648
1072148329
1610612736
1072088912
3221225472
1069058368
0
1068913933
0
1072387746
1610612736
1071714632
1610612736
1072140353
2684354560
1067499428
0
1071183162
0
1072438727
0
1072350625
1610612736
1072238430
1073741824
1072596500
1073741824
1071835377
1073741824
1072686284
2147483648
1071970668
1610612736
1072352553
2684354560
1069797710
0
1072644327
1610612736
1072351570
2684354560
1071778303
3221225472
1072642578
3221225472
1072251626
2147483648
1072210907
2684354560
1071271010
1073741824
1072170035
536870912
1070552950
0
1071666913
1073741824
1072663652
536870912
1072075029
536870912
1072552741
536870912
1072058788
1610612736
1069286715
0
1072050955
3221225472
1069766627
0
1071259669
2147483648
1072351752
0
1072663748
2147483648
1072485041
2684354560
1072472519
3758096384
1071400926
3221225472
1072147444
2684354560
1065951976
0
1070459399
0
1071432313
0
1072163421
2684354560
1063464672
0
1070621445
2147483648
1072099165
0
1071778782
2147483648
1071824187
3221225472
1072560566
2147483648
1071987888
2684354560
1069785874
2147483648
1072618705
3758096384
1071812537
2147483648
1065479176
0
1071702638
2147483648
1072376224
1073741824
1071851484
3221225472
1070467294
2147483648
1071719999
536870912
1072618695
1610612736
1072462837
3758096384
1072552785
0
1070148679
2147483648
1071961042
3221225472
1070202210
2147483648
1072331568
1073741824
1071403786
3221225472
1071461100
1073741824
1072693247
2684354560
49
