Uvec
2226355706
1071358655
2147483648
1071673194
1610612736
1070296149
2147483648
1071079752
2147483648
1071664550
536870912
1072653069
1073741824
1072609692
2147483648
1071883972
2147483648
1071795028
1610612736
1070812956
3221225472
1072051378
2147483648
1072242997
0
1071622390
1073741824
1069897094
0
1070947926
2147483648
1068786341
0
1072621658
1610612736
1071278693
0
1071920791
2147483648
1072471500
1073741824
1071854427
1073741824
1072607240
536870912
1072006858
1610612736
1071899902
3221225472
1071114054
3221225472
1072680726
2147483648
1071602953
0
1072676985
2684354560
1071866356
0
1069509509
0
1068053802
0
1072449762
2147483648
1072438596
1610612736
1067725824
0
1071814670
2684354560
1070562377
2147483648
1071601448
2147483648
1072013590
2684354560
1072055717
0
1070340994
0
1070323194
0
1072163659
1073741824
1071630816
2147483648
1071629937
2147483648
1070843868
2147483648
1071940214
2147483648
1072360984
1610612736
1067037412
0
1071868390
3221225472
1069928718
0
1072121596
2684354560
1070613914
3221225472
1070628192
2147483648
1070134291
2147483648
1072600632
0
1071709719
3221225472
1072152454
1610612736
1072342124
2684354560
1070938717
3221225472
1070611531
2147483648
1072047359
3221225472
1067134752
0
1071888137
1610612736
1072661444
3758096384
1072669038
0
1072540228
0
1069864286
0
1072374658
3758096384
1071321646
1073741824
1065303616
0
1070597338
1073741824
1071940807
0
1072515705
3221225472
1071283706
1073741824
1069509532
0
1071607855
3221225472
1071107934
2147483648
1072471375
536870912
1070781523
1073741824
1069578223
0
1071904112
2684354560
1072409468
1073741824
1071976742
2684354560
1072535734
1610612736
1072635770
0
1071839497
0
1072285164
2147483648
1071269918
3221225472
1071252731
0
1072066475
1610612736
1072690275
1610612736
1072200686
536870912
1070597374
2147483648
1072021849
2147483648
1070822252
3221225472
1072331765
2147483648
1071223359
0
1071016406
0
1071461100
1073741824
1072693247
2684354560
2
