Uvec
2226355706
1070892965
0
1069135561
0
1071573581
0
1072452879
1610612736
1069610159
2147483648
1072670358
3758096384
1066170264
0
1072171905
536870912
1071868405
536870912
1072672266
1073741824
1072390614
2684354560
1071535046
0
1067831732
0
1070752267
3221225472
1071278883
1073741824
1070674585
1073741824
1072635405
3758096384
1069940021
2147483648
1071634263
3221225472
1072059967
0
1072480078
3758096384
1072680007
3221225472
1071774090
1610612736
1072510317
536870912
1072644195
0
1070199730
0
1070727208
0
1071049645
0
1072535432
1073741824
1068536921
0
1072333980
1073741824
1070776746
0
1071213589
0
1072154369
536870912
1071737289
0
1069596428
2147483648
1072460127
1073741824
1072692309
1073741824
1072666557
3758096384
1070847462
2147483648
1071134502
1073741824
1070753738
3221225472
1070938390
2147483648
1070880496
0
1071648860
2147483648
1072082861
3221225472
1071455136
3221225472
1072632042
0
1071317521
0
1071750968
1073741824
1072252986
3221225472
1072581986
2147483648
1069941565
0
1072636576
3758096384
1072466462
1610612736
1072484650
3221225472
1072254646
1610612736
1071712808
536870912
1072286174
2147483648
1069993177
0
1070861422
2147483648
1071728085
2684354560
1070669485
2147483648
1072587706
2147483648
1072430483
1073741824
1070260562
2147483648
1071798500
3758096384
1070587369
2147483648
1072607459
536870912
1072402232
1073741824
1068619400
0
1071173581
1073741824
1071624289
0
1072236815
1073741824
1069716189
2147483648
1069030749
0
1072289318
2684354560
1071924586
1610612736
1067849376
0
1072401004
0
1072613760
1610612736
1068915701
0
1070971230
3221225472
1071691961
3758096384
1071170024
3221225472
1071728794
2684354560
1072670651
2684354560
1068476166
0
1072663552
1073741824
1071024411
3221225472
1072600362
1073741824
1072560275
0
1068222698
0
1068256356
0
1071303438
2147483648
1070275163
0
1072235130
2147483648
1071950629
536870912
1071461100
1073741824
1072693247
2684354560
89
