Uvec
2226355706
1072680793
1610612736
1072023361
536870912
1069792753
2147483648
1072238794
2684354560
1072475766
536870912
1071070745
2147483648
1070936044
0
1072161114
2147483648
1071847859
2684354560
1066356824
0
1071814626
1610612736
1071869667
0
1071367766
0
1071944738
536870912
1070296264
2147483648
1072518990
2147483648
1071370536
1073741824
1072447208
1610612736
1071436699
1073741824
1070167045
0
1072397888
536870912
1070392513
2147483648
1072152267
0
1070621130
2147483648
1070361704
0
1069839638
0
1072672223
1610612736
1071545727
3221225472
1071180984
3221225472
1070900668
3221225472
1072273179
1073741824
1071138327
1073741824
1071291041
1073741824
1070167741
2147483648
1069788529
0
1072627835
2147483648
1070447823
2147483648
1072503035
1610612736
1070742929
2147483648
1071725797
1073741824
1070173183
0
1071430327
0
1072520265
536870912
1070909042
0
1071855330
2684354560
1069876098
0
1072319765
1610612736
1071022102
1073741824
1069908470
2147483648
1072196241
3221225472
1072182067
1610612736
1072125163
536870912
1072176205
3221225472
1069443000
0
1071800881
1610612736
1072521492
3758096384
1069825843
2147483648
1069073004
0
1072413803
536870912
1070541568
0
1071536725
0
1071912305
3221225472
1071433457
3221225472
1070266883
0
1070804837
3221225472
1069944506
2147483648
1071738550
2147483648
1069637741
2147483648
1071555973
2147483648
1072202379
3758096384
1070892147
3221225472
1072055802
2147483648
1072128467
2147483648
1071659249
0
1072453902
2147483648
1072210637
1073741824
1070409611
0
1072653898
1610612736
1071766964
1610612736
1072259068
1610612736
1072443249
3758096384
1070198868
0
1072053535
536870912
1068127270
0
1072179923
3221225472
1072400738
1610612736
1071826125
1073741824
1069107231
0
1070229463
0
1072491094
1610612736
1071966753
3221225472
1071669197
2147483648
1072309947
3758096384
1069807697
0
1070246929
0
1071059672
2147483648
1072188964
1610612736
1071168810
3221225472
1071461100
1073741824
1072693247
2684354560
33
