Uvec
2226355706
1071908202
2684354560
1071705482
1610612736
1072395795
0
1070301023
0
1071162405
1073741824
1071578962
3221225472
1072290553
2147483648
1071333302
2147483648
1071661321
1610612736
1071253080
1073741824
1069400405
0
1071823515
3221225472
1072682858
1610612736
1071864484
0
1072656449
1610612736
1072227022
2684354560
1071609700
3221225472
1070603744
0
1070195803
0
1071774547
3758096384
1071773807
0
1072380441
2684354560
1071060606
3221225472
1072227168
3758096384
1072638874
3221225472
1071852910
1073741824
1071993179
3758096384
1072368954
1610612736
1072625942
1073741824
1072330054
1073741824
1070840731
3221225472
1068598946
0
1071833126
3758096384
1072586477
2684354560
1071851649
2684354560
1062641536
0
1070493312
2147483648
1070875978
0
1072589166
2147483648
1072676136
1073741824
1072129364
2684354560
1064120192
0
1071579225
2147483648
1067981828
0
1070710885
1073741824
1071632924
0
1069217456
0
1071793526
1610612736
1070836667
3221225472
1071975083
2147483648
1072491110
536870912
1069166446
0
1072687532
1610612736
1070380875
0
1072046620
3221225472
1072154068
0
1072460407
2147483648
1072247177
536870912
1072065471
3221225472
1071636805
1073741824
1070965744
1073741824
1070304644
2147483648
1071771208
2684354560
1072554028
3221225472
1068650413
0
1071955445
2684354560
1071554477
1073741824
1072341615
2147483648
1072684285
1073741824
1071937178
3221225472
1072574009
1073741824
1072572099
536870912
1071526793
2147483648
1071504816
3221225472
1071063531
3221225472
1069996745
0
1072281511
3221225472
1072615916
1610612736
1069681521
0
1065330688
0
1072436457
1073741824
1071937644
1073741824
1071256764
2147483648
1071910292
3758096384
1071558009
0
1072267695
2684354560
1071252199
2147483648
1072630889
3758096384
1071920456
1073741824
1072133859
2684354560
1072393676
3758096384
1072595683
0
1071833293
2684354560
1068183306
0
1072240030
2684354560
1068758141
0
1068380736
0
1070785265
3221225472
1071461100
1073741824
1072693247
2684354560
29
