Uvec
2226355706
1072126960
1610612736
1071960609
536870912
1067620820
0
1069347363
0
1071137937
2147483648
1071221024
2147483648
1072586250
3221225472
1070322179
0
1071939036
3221225472
1072306575
2147483648
1071935383
3758096384
1070727484
1073741824
1072082597
0
1070705692
0
1069555962
2147483648
1072024242
3758096384
1069687302
0
1072344170
536870912
1071534626
3221225472
1072017256
1073741824
1070905431
1073741824
1072077340
3758096384
1071021946
0
1071769413
2147483648
1072326644
1610612736
1072289650
0
1072156421
3221225472
1072535868
1610612736
1072408076
0
1072529071
2147483648
1070555492
2147483648
1065542984
0
1072588873
1073741824
1071870178
1073741824
1070869474
3221225472
1072202546
2684354560
1069443823
0
1071966093
3221225472
1071903276
2147483648
1072072649
1073741824
1071547000
3221225472
1069018301
0
1071311499
1073741824
1068881922
0
1065539480
0
1071051911
3221225472
1069470146
0
1071125656
1073741824
1071647314
1610612736
1070840682
3221225472
1071899094
3758096384
1070668851
0
1071890161
2147483648
1072339703
2684354560
1068626495
0
1072301333
2684354560
1071740212
2147483648
1070599206
1073741824
1072459571
3758096384
1072182884
2147483648
1068568530
0
1069496580
0
1072325401
3758096384
1071674551
2684354560
1072079324
1073741824
1071268835
3221225472
1072108594
2684354560
1070650440
3221225472
1072625849
0
1070265544
0
1071478161
3221225472
1069945106
0
1069979772
0
1072201392
3758096384
1071816384
2147483648
1071838291
0
1071595206
0
1070424925
0
1072484953
0
1072121624
1610612736
1072026891
3758096384
1071791806
0
1072061771
1610612736
1072246084
1610612736
1072196294
1073741824
1070511714
2147483648
1070791632
3221225472
1069907336
0
1072310720
3221225472
1071685929
3758096384
1071899264
1610612736
1070359764
2147483648
1070394813
2147483648
1070817892
0
1072339107
0
1072114391
536870912
1067863076
0
1072249007
1610612736
1071461100
1073741824
1072693247
2684354560
3
