Uvec
2226355706
1071686643
2684354560
1067863800
0
1070502076
2147483648
1071752537
1073741824
1068388848
0
1070504106
2147483648
1072021484
1073741824
1072014749
0
1070888780
3221225472
1069042203
0
1071719157
2684354560
1069490725
0
1071414886
1073741824
1069008531
0
1071449723
1073741824
1071109598
1073741824
1070494871
0
1072587684
3221225472
1070206003
2147483648
1071589152
2147483648
1072612663
2684354560
1070183011
0
1068011784
0
1072661112
536870912
1072450058
2147483648
1072008479
3221225472
1071319085
0
1071532994
1073741824
1072174618
2147483648
1072437280
1073741824
1071789071
2147483648
1071456863
3221225472
1072149352
3221225472
1071142314
1073741824
1071923408
0
1072546478
0
1072115312
3221225472
1071723402
536870912
1071305938
0
1072373653
536870912
1069982685
0
1072257094
0
1072038821
3758096384
1067045060
0
1072496824
2684354560
1069918620
0
1071236799
2147483648
1071686040
2684354560
1071578165
0
1072576613
2147483648
1071337210
3221225472
1069507535
0
1071291940
1073741824
1072027730
536870912
1072358731
536870912
1069809764
0
1072369841
536870912
1068602938
0
1071771676
536870912
1071898148
3221225472
1072121823
0
1070951732
2147483648
1072530300
1073741824
1072541914
1610612736
1072460584
536870912
1071784177
536870912
1072260956
3758096384
1067906846
0
1071384107
2147483648
1071279137
0
1071963141
3758096384
1071872329
0
1072691627
3758096384
1064031200
0
1072181091
2147483648
1072245710
2684354560
1070872521
1073741824
1071417089
0
1070597169
1073741824
1071376967
2147483648
1067501992
0
1070609083
3221225472
1071551045
2147483648
1068280842
0
1071683577
0
1069565892
0
1064575744
0
1071169454
3221225472
1071673212
1073741824
1067690656
0
1071447091
3221225472
1070395939
2147483648
1072408976
3221225472
1069908236
2147483648
1071411221
0
1071846079
536870912
1070930301
1073741824
1071132952
3221225472
1071461100
1073741824
1072693247
2684354560
90
