Uvec
2226355706
1069851503
2147483648
1071728412
1610612736
1070854806
3221225472
1071569565
2147483648
1071646210
2147483648
1072058127
2684354560
1072037266
536870912
1072474095
3221225472
1070917013
0
1072397581
3758096384
1070688102
2147483648
1071598283
2147483648
1071886495
2684354560
1071310737
3221225472
1072125516
536870912
1067564912
0
1072124838
3221225472
1072617867
536870912
1070758367
0
1071473272
3221225472
1070808517
2147483648
1066697324
0
1072362433
1073741824
1068642279
0
1070123677
2147483648
1070514005
2147483648
1068276546
0
1071196211
0
1072094223
3221225472
1069478278
0
1071278305
1073741824
1070074216
2147483648
1072297900
2147483648
1069555648
0
1072032995
536870912
1072537909
1073741824
1071800594
1610612736
1071119801
1073741824
1071959871
3758096384
1072666045
536870912
1071666080
2684354560
1072347863
536870912
1070573916
2147483648
1072145488
536870912
1072299992
2147483648
1071698174
1610612736
1072365620
3758096384
1072393676
3758096384
1066621724
0
1071683436
536870912
1071916904
3758096384
1068986015
0
1072109116
536870912
1071079640
2147483648
1071681990
1073741824
1072501575
536870912
1072150410
3758096384
1069593936
0
1070053918
0
1071052941
2147483648
1067841296
0
1070260806
2147483648
1071565825
1073741824
1071956294
3758096384
1072293348
3221225472
1072025381
0
1071464760
1073741824
1072619650
536870912
1072506806
2147483648
1072461402
1610612736
1070723632
1073741824
1070920280
3221225472
1071968316
1610612736
1071735802
1610612736
1071791653
2684354560
1072585492
1610612736
1071546090
3221225472
1071478874
1073741824
1071799028
536870912
1072485992
2684354560
1070827972
3221225472
1071849943
2684354560
1070960694
1073741824
1070474047
0
1071970983
2684354560
1070519858
2147483648
1071752429
0
1071900003
3758096384
1071857440
0
1071209813
1073741824
1070649391
2147483648
1072204038
0
1071659343
1073741824
1070632429
1073741824
1070581475
2147483648
1072411224
2147483648
1072452531
0
1072591600
1610612736
1071461100
1073741824
1072693247
2684354560
0
