Uvec
2226355706
1069525037
0
1070865475
2147483648
1067667464
0
1071559953
2147483648
1070771446
3221225472
1072286552
2147483648
1071224214
0
1071550010
3221225472
1072125450
0
1067603220
0
1070416976
0
1072274291
3221225472
1071921400
0
1072470492
1610612736
1071030176
2147483648
1071253467
0
1071249035
0
1069248873
0
1072678655
3221225472
1069549572
0
1072000000
2147483648
1072235963
1073741824
1072089748
2147483648
1072611334
1610612736
1071061542
0
1069574094
2147483648
1070634559
2147483648
1071564530
1073741824
1071907946
0
1070894529
1073741824
1072417852
2147483648
1072088890
1073741824
1072089076
3221225472
1070045487
2147483648
1072323536
1610612736
1070834779
3221225472
1071348208
2147483648
1072505126
3221225472
1071948846
3758096384
1070208794
0
1071839103
2147483648
1072323351
1610612736
1072492071
3758096384
1071748747
3221225472
1071962471
2147483648
1070403583
0
1072080919
2147483648
1068857218
0
1071557961
2147483648
1072281469
3758096384
1071180893
3221225472
1069161706
0
1067463980
0
1071630685
3221225472
1071233683
2147483648
1072280863
536870912
1072528353
536870912
1072447166
2684354560
1071313194
0
1066080688
0
1072358072
3221225472
1072516479
1610612736
1069793204
0
1072189234
1610612736
1067009288
0
1070627591
3221225472
1072408616
3758096384
1072511959
2684354560
1072005374
2684354560
1072070718
2147483648
1072089089
3758096384
1072483229
2147483648
1071359063
0
1071946412
2684354560
1067732132
0
1072417592
1073741824
1072526858
1073741824
1071657154
1073741824
1068359380
0
1069815676
2147483648
1070945658
3221225472
1071839818
2147483648
1071280926
2147483648
1072399408
3758096384
1072420471
1073741824
1070004109
2147483648
1071822850
1610612736
1072509473
0
1071319770
1073741824
1072170083
0
1065408016
0
1072360794
536870912
1072127816
1073741824
1071260126
0
1071362832
0
1060854784
0
1071246962
2147483648
1071033839
3221225472
1071461100
1073741824
1072693247
2684354560
68
