Uvec
2226355706
1070010703
2147483648
1070932753
3221225472
1070954141
2147483648
1071740471
2684354560
1071358513
2147483648
1072494970
536870912
1066463464
0
1072331220
2684354560
1070418619
0
1071947808
0
1072021052
3221225472
1072120986
536870912
1068389588
0
1072263341
536870912
1071731135
3758096384
1070834329
0
1072439632
536870912
1072457120
2684354560
1069764710
2147483648
1071347547
3221225472
1071817941
1610612736
1071472518
2147483648
1072239715
2684354560
1072394556
2684354560
1069880448
0
1071408025
1073741824
1072176247
2147483648
1069676116
0
1072692719
2684354560
1071817960
536870912
1071647753
2684354560
1072563536
0
1071693078
2684354560
1069854473
2147483648
1072546363
536870912
1072403240
536870912
1070842422
0
1071950498
1610612736
1072479870
3221225472
1071841058
1073741824
1070675952
0
1069572008
2147483648
1067495556
0
1072313735
1610612736
1072137223
3221225472
1071766856
0
1070869003
3221225472
1069091382
0
1072281560
3758096384
1071688486
0
1071811108
0
1072307338
0
1072086374
536870912
1071943017
2684354560
1071151647
1073741824
1070870884
1073741824
1069722111
2147483648
1068364640
0
1068199228
0
1072098659
3221225472
1069809946
0
1072120099
3758096384
1070276494
2147483648
1069718182
0
1068587412
0
1072485051
3758096384
1070671020
2147483648
1068697070
0
1072272652
2147483648
1072233813
536870912
1072475812
2684354560
1071345715
2147483648
1071959082
536870912
1067816454
0
1072126181
536870912
1070867324
0
1071661079
1610612736
1072263621
2147483648
1071436598
3221225472
1070242931
2147483648
1067737578
0
1068791369
0
1071901712
2147483648
1070881112
3221225472
1068929484
0
1072470509
3221225472
1070459913
0
1072682760
1610612736
1070759669
1073741824
1072551652
3758096384
1072524785
536870912
1072502143
536870912
1071913949
2147483648
1071975910
2684354560
1069776686
2147483648
1071569177
2147483648
1070748248
2147483648
1072408402
2147483648
1071461100
1073741824
1072693247
2684354560
85
