Uvec
2226355706
1072397856
0
1072624053
2684354560
1071692852
1073741824
1070956987
3221225472
1072572879
2147483648
1071772746
2684354560
1072239950
536870912
1072661603
1073741824
1072199355
3758096384
1072077951
2147483648
1071818478
0
1072500559
1610612736
1070865180
2147483648
1071996349
536870912
1070878378
3221225472
1071491159
0
1072586269
1073741824
1068796236
0
1068851533
0
1071703962
3221225472
1071780411
3758096384
1071537832
0
1071276098
2147483648
1071594356
3221225472
1070942845
3221225472
1071034173
3221225472
1071418403
1073741824
1071434455
1073741824
1072604329
536870912
1070926597
3221225472
1071002479
2147483648
1071843164
2147483648
1071576838
1073741824
1071888325
0
1071880412
2684354560
1072136155
2147483648
1069923568
0
1072689212
1073741824
1072178806
3758096384
1072060434
0
1072305699
3758096384
1072513224
536870912
1068717955
0
1070674383
0
1069895712
0
1072123821
0
1070258603
0
1067872234
0
1070618527
3221225472
1072538400
2147483648
1072434370
3221225472
1070627632
1073741824
1072533296
2684354560
1072029589
3221225472
1070614117
2147483648
1071865469
0
1070664442
3221225472
1071923136
2147483648
1072128195
0
1072188687
3758096384
1069467124
0
1070858835
2147483648
1067497730
0
1071720707
1073741824
1072143758
3758096384
1071513361
0
1071359803
3221225472
1070544519
2147483648
1070785501
1073741824
1072251952
2147483648
1068738857
0
1068636007
0
1069601338
0
1071910906
1073741824
1071134612
1073741824
1071888810
3758096384
1071066983
3221225472
1072052891
3221225472
1072215936
2147483648
1069294059
0
1069387383
0
1071610523
1073741824
1069586553
2147483648
1072009947
0
1072004842
3758096384
1067908464
0
1062346624
0
1070990921
0
1072480533
2147483648
1069875448
2147483648
1068194534
0
1072150700
3758096384
1071388485
1073741824
1062774592
0
1071648736
2684354560
1070093374
0
1064088032
0
1069729801
0
1071461100
1073741824
1072693247
2684354560
33
