Uvec
2226355706
1072392372
2684354560
1072116863
536870912
1071680825
2684354560
1065912040
0
1069792103
0
1071156330
0
1072028900
3758096384
1070656738
2147483648
1072531402
2147483648
1071558347
1073741824
1072357444
2147483648
1070787806
2147483648
1070876674
2147483648
1072275751
3758096384
1072361172
536870912
1071648678
2684354560
1071084991
3221225472
1069984890
0
1071947479
1073741824
1072175072
1610612736
1070757061
2147483648
1072481236
1073741824
1068626333
0
1071919211
2684354560
1070284247
2147483648
1070835435
2147483648
1071814311
1610612736
1071181924
2147483648
1072596348
3221225472
1072498965
2684354560
1071053459
3221225472
1072227161
3758096384
1072343625
1610612736
1072409586
3221225472
1072320600
2684354560
1072540024
0
1070810745
0
1070351497
0
1068755342
0
1071207364
3221225472
1070968807
1073741824
1071201926
0
1063910592
0
1072037377
1610612736
1072501636
536870912
1068714563
0
1071216936
2147483648
1071728715
3758096384
1072384672
0
1071778765
536870912
1072272776
3758096384
1072087047
2684354560
1069823969
0
1071746795
536870912
1072275497
3221225472
1070873869
2147483648
1071354037
1073741824
1072333322
2147483648
1072026404
2684354560
1072133892
3221225472
1071285002
3221225472
1070079164
2147483648
1071996524
3221225472
1068036642
0
1070992641
2147483648
1071911945
3221225472
1072063866
0
1072603450
2147483648
1070234306
0
1067945204
0
1069795902
2147483648
1071028021
2147483648
1071966250
2684354560
1072452458
2684354560
1072298757
3221225472
1069904346
2147483648
1069928542
0
1071789632
0
1072675508
3221225472
1070770244
3221225472
1072667497
536870912
1072570237
536870912
1072690785
3221225472
1071871425
3758096384
1071245638
3221225472
1071564518
3221225472
1070358784
2147483648
1072032873
0
1071756546
3758096384
1072275217
3758096384
1072030667
2147483648
1068982561
0
1071540152
0
1069683914
0
1071784907
2147483648
1071648580
3758096384
1071442288
2147483648
1069581178
2147483648
1071461100
1073741824
1072693247
2684354560
92
