Uvec
2226355706
1072131648
3758096384
1070606146
2147483648
1072013746
2684354560
1069759274
2147483648
1070932930
1073741824
1070658264
1073741824
1070031473
2147483648
1071698574
2684354560
1072473242
0
1072110288
1073741824
1062457472
0
1072345514
536870912
1071027209
0
1072155513
3758096384
1071768295
2147483648
1072615860
1073741824
1069665437
2147483648
1072167742
2147483648
1072288251
1073741824
1071620072
2147483648
1072298101
1073741824
1069567656
0
1072041399
3758096384
1072524226
3758096384
1066081760
0
1072064336
1610612736
1071933724
3221225472
1069384759
0
1071108612
3221225472
1070717893
2147483648
1071188684
3221225472
1072265282
2147483648
1071697273
3758096384
1071959158
0
1071669751
1073741824
1069841696
0
1068150202
0
1071940795
3758096384
1069978767
2147483648
1072376637
1610612736
1072049963
2684354560
1071777391
2684354560
1072402385
3221225472
1071936386
0
1072476368
1073741824
1071369316
1073741824
1072460991
1610612736
1071983367
536870912
1071971244
1610612736
1071038096
3221225472
1071039002
0
1068948329
0
1070901201
2147483648
1071821282
3758096384
1071828494
536870912
1072647426
3758096384
1072220710
2684354560
1072506993
2147483648
1069111802
0
1071748776
1610612736
1070684217
2147483648
1071674234
3221225472
1071227206
3221225472
1070327481
2147483648
1072165021
1610612736
1071685430
3758096384
1072305935
536870912
1071716813
2684354560
1069099361
0
1071111544
3221225472
1071317468
3221225472
1072544593
1073741824
1069808411
0
1071738730
3758096384
1071670471
1610612736
1070799253
2147483648
1072566709
2684354560
1070159464
0
1070690493
2147483648
1071810561
2147483648
1071957784
1610612736
1068236666
0
1070035625
2147483648
1072095518
536870912
1071850287
3221225472
1071224314
1073741824
1072123612
1073741824
1071197429
3221225472
1070074139
0
1071847403
3758096384
1072182749
3758096384
1072687334
1610612736
1072163035
2684354560
1069899135
0
1071880086
3758096384
1072212705
2147483648
1071717526
1610612736
1071871588
1610612736
1071461100
1073741824
1072693247
2684354560
63
