Uvec
2226355706
1072374952
3221225472
1072263094
536870912
1071379761
2147483648
1072442498
0
1072525281
536870912
1072171796
2684354560
1072135363
3221225472
1070285020
2147483648
1072045763
3758096384
1070055642
2147483648
1072241860
2147483648
1072412829
3221225472
1071889170
2147483648
1071264232
1073741824
1069252501
0
1072596117
536870912
1070926030
2147483648
1070848061
1073741824
1071608515
1073741824
1072520955
2147483648
1070992383
2147483648
1071605953
1073741824
1071138165
0
1072393430
536870912
1070371106
2147483648
1072564953
3758096384
1065023680
0
1071408392
0
1071562511
3221225472
1068893396
0
1069077755
0
1070131970
0
1071484795
3221225472
1072010898
1073741824
1072041214
2147483648
1072639655
3221225472
1071214985
2147483648
1072204700
536870912
1071545364
2147483648
1072431966
0
1066484936
0
1072617541
1073741824
1071676268
536870912
1069080141
0
1072542233
1610612736
1072337370
1610612736
1070864534
1073741824
1068762241
0
1072591042
3758096384
1072669403
3758096384
1072079625
1610612736
1072281037
2684354560
1072359181
1073741824
1068331096
0
1070815897
0
1069534551
0
1070351508
0
1072634715
536870912
1072199703
2684354560
1071300225
2147483648
1072161813
536870912
1072332476
3758096384
1069784015
2147483648
1071771630
1610612736
1070888438
2147483648
1072689175
1610612736
1069606753
2147483648
1071564223
3221225472
1071644967
1073741824
1069048758
0
1071265648
0
1071692491
3758096384
1072210789
1610612736
1070348500
0
1070749479
1073741824
1072157057
3758096384
1066341544
0
1070856370
3221225472
1067906940
0
1067785850
0
1072235545
2147483648
1070673582
2147483648
1071465911
3221225472
1070372850
2147483648
1072099179
536870912
1068617613
0
1072564438
0
1071878702
1610612736
1071988194
3221225472
1071820049
3221225472
1071699074
3221225472
1072692898
3758096384
1072438166
2684354560
1070777792
1073741824
1071975409
3221225472
1069600195
2147483648
1070994620
3221225472
1072517625
0
1071461100
1073741824
1072693247
2684354560
47
