Uvec
2226355706
1072006257
536870912
1068675596
0
1072277471
2147483648
1071418815
3221225472
1071867083
3758096384
1072496640
3221225472
1072602341
0
1069646140
2147483648
1072364753
2684354560
1071537649
2147483648
1071785363
1610612736
1072153205
1073741824
1070135268
2147483648
1072308608
2684354560
1072459967
536870912
1070588449
2147483648
1072470841
1073741824
1072664274
536870912
1072410309
2147483648
1071243077
0
1071586202
2147483648
1068116452
0
1070323173
0
1071875390
536870912
1072177688
536870912
1071442248
3221225472
1072366643
2147483648
1070888467
1073741824
1069177817
0
1069099042
0
1068087230
0
1072387955
2684354560
1071999002
1610612736
1072400653
2147483648
1070951612
3221225472
1068618406
0
1071859248
3758096384
1072424457
3221225472
1072333645
2147483648
1071411336
2147483648
1072277189
1610612736
1070769954
3221225472
1072176866
2684354560
1068924857
0
1071689254
3758096384
1072321780
1073741824
1071136747
1073741824
1071295240
2147483648
1069944372
2147483648
1072558930
2684354560
1072587387
1073741824
1068625954
0
1070719643
1073741824
1067856790
0
1068968010
0
1071739647
2684354560
1059784192
0
1071937828
1073741824
1071762700
0
1072321700
2147483648
1072001971
0
1071922787
536870912
1072229845
536870912
1072057415
0
1071751307
2147483648
1071442719
1073741824
1070254337
2147483648
1072453056
2684354560
1072348105
3758096384
1070168553
0
1070160761
0
1068729972
0
1068798737
0
1072679859
3221225472
1069765618
2147483648
1071571238
1073741824
1071649298
1610612736
1071835713
536870912
1070230027
2147483648
1068627024
0
1070719474
2147483648
1072103171
0
1072512570
1610612736
1071589035
0
1072624238
0
1071876482
0
1072530446
536870912
1071198613
1073741824
1071652248
3758096384
1070717415
1073741824
1072691137
536870912
1072006992
3758096384
1072054255
2147483648
1071656208
2147483648
1072624359
1073741824
1070711551
1073741824
1071729580
1073741824
1071333427
3221225472
1071461100
1073741824
1072693247
2684354560
61
