Uvec
2226355706
1066299008
0
1071797009
1073741824
1070847331
2147483648
1069706390
2147483648
1070509999
2147483648
1069950952
0
1072492798
536870912
1070218430
2147483648
1072525559
0
1068145080
0
1071716654
1610612736
1071571130
1073741824
1070228395
2147483648
1070559829
2147483648
1066534608
0
1066857960
0
1071759634
536870912
1071171884
1073741824
1071924483
1610612736
1072209499
1073741824
1068034974
0
1063823616
0
1070204245
2147483648
1070621557
1073741824
1070258866
0
1072664698
3758096384
1072091897
1073741824
1072313336
2147483648
1070169306
2147483648
1071767978
1610612736
1071734749
1610612736
1072164329
1073741824
1071757054
536870912
1070033186
0
1072613451
1610612736
1072076773
2147483648
1072299317
1610612736
1068452070
0
1072484217
3758096384
1072582611
536870912
1072621067
3221225472
1072562023
3221225472
1071777144
536870912
1071082783
2147483648
1070966608
2147483648
1072555513
0
1071224192
0
1070398926
0
1072321065
2147483648
1071792872
2684354560
1065783720
0
1072630504
3221225472
1070168060
2147483648
1071950225
0
1072058996
2684354560
1072392346
536870912
1070848834
0
1070005297
0
1072355308
0
1072489654
2147483648
1069592351
0
1071195780
2147483648
1071341796
1073741824
1072468192
1073741824
1067627336
0
1072013146
1610612736
1072252416
0
1071395123
1073741824
1072625143
2147483648
1069877744
2147483648
1066768600
0
1071691756
536870912
1071477141
2147483648
1070589493
0
1071405309
1073741824
1072459756
0
1072573381
536870912
1071304170
0
1071994152
1610612736
1071731113
2684354560
1072193393
536870912
1072094794
3758096384
1070574275
0
1070309611
2147483648
1072572923
1610612736
1072238618
3758096384
1070776223
0
1072032189
3758096384
1071790079
3758096384
1072163495
3221225472
1069370754
0
1072396944
3221225472
1071579655
1073741824
1071461756
1073741824
1072410075
3221225472
1072343081
3758096384
1071231232
3221225472
1072169823
2684354560
1071461100
1073741824
1072693247
2684354560
21
