Uvec
2226355706
1071982583
3758096384
1072210846
2147483648
1071873122
1073741824
1071279569
2147483648
1065404512
0
1071947064
0
1072426411
2147483648
1068886199
0
1071036420
1073741824
1069831630
2147483648
1072346912
536870912
1072195413
2147483648
1071899723
2684354560
1071141672
0
1072472894
1610612736
1069724281
2147483648
1072023466
1610612736
1072672797
536870912
1071619658
0
1072538967
0
1070529732
2147483648
1071800983
3758096384
1072156949
2684354560
1070726454
0
1070812526
0
1070493897
2147483648
1072459504
3221225472
1072505824
3758096384
1072366387
1073741824
1072635211
0
1071523890
3221225472
1071068526
0
1072243365
3758096384
1071467681
3221225472
1071850634
2684354560
1069911047
2147483648
1071242010
0
1071819589
1610612736
1071951450
1610612736
1072204732
2684354560
1071745713
0
1072334709
2684354560
1071067117
3221225472
1068503665
0
1071042219
2147483648
1071401893
3221225472
1071285027
3221225472
1068827564
0
1070160909
2147483648
1072434927
1073741824
1070296784
0
1070508483
2147483648
1072381671
0
1070909991
3221225472
1072348525
3758096384
1069848831
2147483648
1071270695
3221225472
1069638907
2147483648
1069362000
0
1068194912
0
1071082882
2147483648
1070562146
2147483648
1071662166
536870912
1071004543
2147483648
1072230440
3758096384
1072071608
3221225472
1071792598
3758096384
1071984773
1610612736
1069198614
0
1071731320
1073741824
1071471070
1073741824
1070528295
0
1069311347
0
1072378531
1610612736
1071919856
1610612736
1072524870
3221225472
1071576746
0
1070792403
0
1072553811
3221225472
1069877150
2147483648
1072439376
536870912
1071979705
2684354560
1072446722
1073741824
1071772496
2147483648
1067113732
0
1072460521
1610612736
1067547496
0
1071802453
1073741824
1071237547
0
1072234225
2147483648
1071932122
1610612736
1072572749
0
1071874177
1073741824
1070893186
3221225472
1068666135
0
1069831900
2147483648
1067853102
0
1071546433
3221225472
1071461100
1073741824
1072693247
2684354560
84
