Uvec
2226355706
1072402291
1073741824
1071240229
3221225472
1067671836
0
1071728798
1610612736
1070655335
0
1067615450
0
1071460533
1073741824
1070754247
3221225472
1065254384
0
1066525040
0
1071930488
2684354560
1065454752
0
1069175134
0
1070564995
0
1069100358
0
1072174354
2684354560
1071347283
1073741824
1071438570
3221225472
1072290422
2147483648
1071815366
3221225472
1071661700
3221225472
1068963739
0
1071769582
3221225472
1071130152
1073741824
1071221735
2147483648
1069073713
0
1072595690
3221225472
1072293435
3758096384
1069095052
0
1072631888
1610612736
1071035258
2147483648
1068597615
0
1072584410
0
1071152683
1073741824
1071213640
3221225472
1072022293
3758096384
1068636027
0
1070631794
0
1071584873
0
1070953855
1073741824
1072261964
0
1071717521
1073741824
1072338988
3758096384
1070268254
2147483648
1072653554
3758096384
1072622173
0
1067787058
0
1070567885
0
1071476584
0
1072026502
3221225472
1072628471
0
1070998536
1073741824
1071949565
1073741824
1072062790
1610612736
1068532868
0
1071664038
2147483648
1070119390
2147483648
1069844382
2147483648
1072655405
3758096384
1070030590
2147483648
1072369698
536870912
1070770031
3221225472
1070753288
1073741824
1070999706
3221225472
1072535763
3758096384
1070077614
0
1071979152
3221225472
1070819601
2147483648
1070767626
2147483648
1068640800
0
1070904383
1073741824
1070602214
2147483648
1069970036
2147483648
1071088898
3221225472
1070273737
0
1071422805
1073741824
1071395371
3221225472
1070090336
2147483648
1069822137
2147483648
1070851901
2147483648
1072582682
1610612736
1071835780
1073741824
1070966655
2147483648
1071826107
3758096384
1072266375
3221225472
1069570432
0
1071152188
0
1072573690
1073741824
1068725487
0
1072255701
1610612736
1067710800
0
1072179746
0
1070901427
2147483648
1069664756
0
1071959770
3758096384
1071455381
0
1064910576
0
1072255580
3221225472
1071461100
1073741824
1072693247
2684354560
62
