Uvec
2226355706
1072317594
3758096384
1071917910
1073741824
1071992335
536870912
1072685550
1610612736
1064513792
0
1070781696
2147483648
1070769288
3221225472
1071809578
3758096384
1068850240
0
1070257220
2147483648
1072202583
1610612736
1068455322
0
1071798399
2147483648
1070053783
2147483648
1072615584
2684354560
1072209991
3758096384
1072205095
2684354560
1071901717
2147483648
1071737699
1073741824
1071954757
0
1071151310
3221225472
1068680466
0
1068721611
0
1070994779
0
1071586696
2147483648
1071991316
1073741824
1069810904
2147483648
1071607355
1073741824
1070703748
1073741824
1070142224
0
1071811268
1073741824
1072660165
3758096384
1070234707
2147483648
1068788863
0
1071359501
2147483648
1071851924
1610612736
1071651871
536870912
1072430395
2684354560
1070561045
0
1066442620
0
1072583601
2684354560
1069983207
0
1068531138
0
1070985873
0
1069480738
0
1070762340
3221225472
1071612534
1073741824
1072208251
1073741824
1072352318
2684354560
1070716219
1073741824
1072174585
1610612736
1070659380
0
1071876158
1073741824
1072161924
1073741824
1070828263
2147483648
1069504667
0
1070901512
1073741824
1072533844
3221225472
1072543382
2147483648
1071722917
2147483648
1072328447
1610612736
1072234249
1073741824
1071599410
2147483648
1071998824
536870912
1071600618
0
1072233624
2147483648
1072080669
1610612736
1072454152
1610612736
1071865918
2147483648
1069143475
0
1072665708
3221225472
1071229230
0
1072279495
1073741824
1071679324
1610612736
1071982058
2684354560
1070888857
2147483648
1071988129
3221225472
1072380206
1073741824
1065923752
0
1065982944
0
1070131332
0
1072403454
2147483648
1069767556
0
1068013782
0
1072022382
3758096384
1071672444
3758096384
1071846559
3221225472
1071252494
0
1070345495
0
1072413040
536870912
1070536309
2147483648
1071903584
3758096384
1072013370
3758096384
1069745543
0
1069946898
2147483648
1072562985
2147483648
1072165396
3221225472
1067424768
0
1071461100
1073741824
1072693247
2684354560
87
