Uvec
2226355706
1064237472
0
1071454475
3221225472
1069377062
0
1072274672
2147483648
1071351343
0
1070694848
3221225472
1071731413
0
1070923831
3221225472
1071505892
0
1070340355
2147483648
1071973289
2147483648
1072031689
3758096384
1071040680
3221225472
1071927781
1610612736
1072170098
1610612736
1071779954
1073741824
1072354058
0
1071516241
2147483648
1072324100
2147483648
1070920476
1073741824
1070980951
3221225472
1070256246
0
1071132351
2147483648
1071237908
3221225472
1071888930
1610612736
1071751632
536870912
1072301419
1073741824
1071031406
3221225472
1072445848
2684354560
1070593425
2147483648
1072186372
2147483648
1069747754
2147483648
1069877308
0
1072240779
2147483648
1070792818
1073741824
1068951361
0
1071719427
0
1072644864
536870912
1071658961
2147483648
1070380996
0
1071632761
2147483648
1066224320
0
1071943147
2147483648
1072647560
536870912
1071737289
3758096384
1071727553
1073741824
1070722959
3221225472
1070414854
0
1072341273
536870912
1069245157
0
1072444408
0
1072486891
1073741824
1071467501
3221225472
1070701588
1073741824
1072092645
1073741824
1069769580
0
1068911503
0
1068837550
0
1069863184
0
1069219442
0
1070853654
0
1071161873
2147483648
1071340337
3221225472
1071998550
3758096384
1071828301
0
1067084340
0
1069984006
0
1067318624
0
1072358701
1073741824
1070595154
2147483648
1071978113
0
1072537998
3758096384
1071040579
0
1072685637
1073741824
1071414645
0
1072188067
2684354560
1071227412
3221225472
1071872571
0
1071850638
0
1071041798
1073741824
1070601929
0
1071819249
0
1072082573
0
1072228483
2684354560
1072048602
3758096384
1071076671
0
1071110205
2147483648
1071955717
1610612736
1071674309
1610612736
1069224063
0
1070039929
2147483648
1067878622
0
1071456945
2147483648
1068807724
0
1071137573
1073741824
1069690767
0
1070512720
0
1067846570
0
1071461100
1073741824
1072693247
2684354560
70
