Uvec
2226355706
1072252713
536870912
1072513212
2147483648
1072232830
1610612736
1071473208
3221225472
1072219274
0
1070393726
0
1072066537
2684354560
1072160364
3221225472
1072515916
3758096384
1071875775
1610612736
1072526232
2684354560
1072252372
0
1070578026
0
1064977904
0
1070390453
2147483648
1070048468
2147483648
1070654416
1073741824
1071810010
2147483648
1072688979
0
1071995396
0
1072018242
2147483648
1069680116
0
1072033285
3221225472
1071768545
2684354560
1072088524
3758096384
1067846946
0
1072497897
2684354560
1068239658
0
1072063257
1073741824
1072426223
3758096384
1069957802
0
1071755598
0
1072141916
0
1071942316
536870912
1068692430
0
1071592229
3221225472
1070747502
1073741824
1067964474
0
1071327690
2147483648
1069593935
2147483648
1071916135
3758096384
1071974439
3758096384
1065095584
0
1070773652
0
1069442092
0
1072374763
1610612736
1070594899
0
1072313873
1610612736
1071819814
3758096384
1070120988
0
1069773226
2147483648
1072246624
3758096384
1070820035
2147483648
1070988369
0
1072539388
2684354560
1070717752
1073741824
1071980799
2147483648
1069782310
2147483648
1070472131
2147483648
1071098530
1073741824
1071583176
3221225472
1071309507
1073741824
1072524196
1073741824
1072491533
2684354560
1065660784
0
1069956232
0
1072108722
1610612736
1072395896
536870912
1070841063
0
1071682226
2147483648
1069711161
0
1071761918
2147483648
1070429423
2147483648
1071696827
536870912
1071334035
3221225472
1071116981
2147483648
1072466451
3758096384
1071959996
0
1071439707
0
1072408611
2147483648
1070026038
2147483648
1071385889
3221225472
1071929430
3758096384
1066712228
0
1071651429
2147483648
1072267304
0
1072482818
3758096384
1072157621
2147483648
1071649328
3221225472
1072538803
3221225472
1072297870
1073741824
1071491110
2147483648
1071773759
1073741824
1072234294
3221225472
1072342841
1073741824
1070628659
1073741824
1071217682
2147483648
1072115779
1073741824
1071461100
1073741824
1072693247
2684354560
13
