Uvec
2226355706
1071242303
2147483648
1071824334
2684354560
1071398453
3221225472
1071420666
0
1071375688
1073741824
1070888309
0
1068463302
0
1072501837
0
1070472069
2147483648
1072078264
536870912
1072434367
2684354560
1072655038
3221225472
1072507211
3221225472
1070842450
2147483648
1070335430
2147483648
1071750638
0
1066773648
0
1071890975
3221225472
1071715936
1610612736
1072305337
2147483648
1070638036
2147483648
1072088759
0
1072318558
536870912
1072545866
1610612736
1071104821
3221225472
1072636217
1073741824
1072494991
1610612736
1072427851
2147483648
1066725024
0
1072282948
3758096384
1072166562
0
1071904701
1610612736
1071636322
2147483648
1072317346
2684354560
1070089811
2147483648
1072683875
0
1071009872
3221225472
1071915720
3221225472
1071515327
0
1072556439
2684354560
1067662298
0
1070099861
2147483648
1071045135
1073741824
1071443419
1073741824
1071108189
0
1070998163
0
1071627818
0
1072111715
3758096384
1072035706
536870912
1072392213
0
1064044672
0
1070074867
0
1072210543
2147483648
1072275431
1073741824
1070046930
2147483648
1071683715
3758096384
1071417228
2147483648
1072543014
2684354560
1072411125
2147483648
1071842059
536870912
1072064273
1073741824
1072241859
536870912
1070907495
1073741824
1070533748
2147483648
1070847135
2147483648
1072392009
1073741824
1072314318
536870912
1072068584
2147483648
1071043406
3221225472
1072328012
1610612736
1072532495
2684354560
1072003567
1073741824
1071039973
2147483648
1068287532
0
1071715368
0
1070760614
2147483648
1072336984
1073741824
1071752365
2684354560
1070553025
2147483648
1072623705
3758096384
1071825451
0
1071947393
2684354560
1065674856
0
1070814525
0
1068619993
0
1072082213
3758096384
1071068271
0
1071312621
0
1072029825
1073741824
1067079628
0
1068682591
0
1070711483
1073741824
1067844742
0
1071650942
536870912
1068052534
0
1069534170
0
1072280761
1073741824
1072453895
1610612736
1071461100
1073741824
1072693247
2684354560
54
