Uvec
2226355706
1071383938
0
1069100410
0
1072202569
2147483648
1071759216
536870912
1071830048
536870912
1072312215
0
1068046706
0
1071884469
3221225472
1071944051
536870912
1070013693
2147483648
1072157962
2684354560
1071029387
0
1071842985
2147483648
1070476067
2147483648
1071765031
1073741824
1071974999
2684354560
1072218530
3221225472
1072621663
1610612736
1072247247
0
1072365721
3221225472
1071992727
1073741824
1071498230
2147483648
1070067868
0
1071238354
2147483648
1072145083
1073741824
1071708554
2684354560
1069668828
0
1071725372
536870912
1071407525
0
1070327650
2147483648
1070969146
0
1072496152
2684354560
1071778925
3221225472
1070397930
2147483648
1072365944
3758096384
1069795129
0
1071612150
1073741824
1072669140
1610612736
1072469579
1610612736
1072191652
0
1071130591
1073741824
1071586743
1073741824
1072615872
1073741824
1070205719
2147483648
1069074780
0
1071639104
2147483648
1070737581
2147483648
1070938963
1073741824
1072603288
3758096384
1070687484
1073741824
1072059587
0
1068717942
0
1068804867
0
1069784445
0
1072368584
1073741824
1070652529
0
1070687064
3221225472
1072412299
0
1070554762
2147483648
1071270098
1073741824
1069492594
0
1071093320
1073741824
1071724701
536870912
1070908447
1073741824
1072341991
1073741824
1072406905
536870912
1071869959
3221225472
1068532232
0
1070181302
0
1071551243
1073741824
1072356315
2147483648
1072464628
2147483648
1070716893
2147483648
1069916733
0
1071243743
0
1072491034
3758096384
1070687158
0
1071877390
2147483648
1071292762
1073741824
1071127687
2147483648
1071348326
3221225472
1068888320
0
1072228418
2684354560
1071998344
1073741824
1071271034
1073741824
1071364043
2147483648
1069661690
2147483648
1071830518
1073741824
1070755787
3221225472
1066481340
0
1072155145
2684354560
1069991751
2147483648
1072319445
2147483648
1069907640
2147483648
1071734823
536870912
1072550582
3758096384
1066097216
0
1070746770
3221225472
1071461100
1073741824
1072693247
2684354560
81
