Uvec
2226355706
1072346917
3758096384
1072166601
3221225472
1071534673
1073741824
1071473976
1073741824
1066897564
0
1070153152
0
1066757944
0
1072564995
3758096384
1066337464
0
1071670760
2147483648
1072108113
0
1070974708
1073741824
1070756951
3221225472
1070283593
0
1071965337
0
1068464400
0
1071671741
2684354560
1070946862
3221225472
1070660463
2147483648
1070429671
0
1069863566
0
1070907987
3221225472
1070030488
2147483648
1071849690
536870912
1072062897
536870912
1070068927
0
1070235665
0
1071898684
3758096384
1072068494
2147483648
1071376146
0
1072576164
3221225472
1072081455
1610612736
1072271239
3221225472
1070926548
2147483648
1071743687
1073741824
1071950688
0
1072619026
3221225472
1071982561
2684354560
1065609088
0
1071895360
536870912
1072312921
3221225472
1069636988
0
1068695429
0
1071377574
0
1071687303
536870912
1072438329
1610612736
1063855776
0
1072616559
3221225472
1072633705
1073741824
1070173080
2147483648
1072186426
2684354560
1069759773
2147483648
1070998867
1073741824
1070812436
0
1068112616
0
1070729781
0
1066637388
0
1071903610
1073741824
1069124043
0
1071798271
2147483648
1068536507
0
1072681588
0
1071772481
1073741824
1072132591
1073741824
1071698277
3221225472
1070382856
2147483648
1070750285
0
1072103992
2684354560
1072246835
0
1072112791
1610612736
1070716621
0
1072262867
1073741824
1070980681
3221225472
1071712842
536870912
1071676842
2147483648
1072570518
536870912
1070059436
2147483648
1071756286
1073741824
1072150430
2147483648
1071338241
2147483648
1071001595
0
1071175876
1073741824
1071771958
2684354560
1068578599
0
1072574903
0
1070796959
2147483648
1071962110
536870912
1071969344
2147483648
1072260665
3758096384
1071454874
0
1071880155
3758096384
1072614921
2684354560
1072346517
1073741824
1067005348
0
1070423191
0
1072476169
3221225472
1071527715
0
1071483842
3221225472
1071461100
1073741824
1072693247
2684354560
78
