Uvec
2226355706
1072472723
2147483648
1071776517
2684354560
1071070582
0
1072141999
1073741824
1072181569
2147483648
1072152562
2147483648
1069098957
0
1071016466
1073741824
1066508772
0
1071731083
2684354560
1065775400
0
1068801942
0
1071211797
1073741824
1072567578
1610612736
1069342934
0
1072256503
3221225472
1072542921
3221225472
1070517533
0
1069982094
2147483648
1071460421
3221225472
1071496741
1073741824
1071180588
3221225472
1068740210
0
1066465756
0
1071669213
3758096384
1072635289
2147483648
1068553439
0
1072015656
536870912
1072514837
0
1070814269
3221225472
1070007602
2147483648
1072670169
0
1072310659
1073741824
1070947658
1073741824
1072421280
1073741824
1068605427
0
1071877035
2684354560
1072093197
1610612736
1071729358
2147483648
1071319502
3221225472
1068588142
0
1071934656
3221225472
1068669643
0
1071405759
1073741824
1072311407
3758096384
1071585075
0
1072329261
2147483648
1071678779
2147483648
1072444133
1073741824
1072119889
536870912
1072490031
1610612736
1072614254
2147483648
1071752328
3758096384
1072653914
3221225472
1072372445
2684354560
1071177106
1073741824
1070040349
0
1071987226
2147483648
1064581824
0
1070058797
2147483648
1071865228
3758096384
1072407191
1610612736
1072689381
2147483648
1072659535
0
1071795952
1073741824
1071863026
536870912
1069260894
0
1071998270
2684354560
1071742158
2147483648
1071295625
3221225472
1072285579
536870912
1072670817
536870912
1072538935
1610612736
1072574346
1610612736
1072573640
2147483648
1071767768
1073741824
1068615143
0
1072516370
3221225472
1071717011
1073741824
1071037607
0
1071692031
2684354560
1069835849
2147483648
1070078857
0
1071771926
2684354560
1072018998
536870912
1072495103
536870912
1070657442
0
1067331948
0
1071281311
0
1072068479
536870912
1070706251
2147483648
1071734356
1073741824
1070913340
0
1070925105
0
1069522958
0
1071861349
3221225472
1072650930
3221225472
1069857328
0
1071461100
1073741824
1072693247
2684354560
64
