Uvec
2226355706
1071029197
2147483648
1069636463
2147483648
1071556968
1073741824
1070983204
2147483648
1070312271
0
1070430936
0
1071612383
2147483648
1071055831
0
1067002568
0
1072285777
1610612736
1071840883
1610612736
1070034668
2147483648
1072071778
3758096384
1071662121
536870912
1069939640
2147483648
1072078777
1610612736
1071797926
3758096384
1071882583
536870912
1071861559
3758096384
1072088146
536870912
1072102306
2684354560
1071835954
3221225472
1071693927
3758096384
1072241965
2147483648
1070914035
2147483648
1071312103
0
1070653488
3221225472
1070983104
0
1071299419
0
1070868354
2147483648
1069235140
0
1069820385
0
1068620797
0
1071805899
1073741824
1071295560
3221225472
1069792672
0
1072068766
2147483648
1071354689
0
1070984440
0
1072160575
2147483648
1072286461
536870912
1069882081
0
1072389055
2684354560
1072664020
1073741824
1067697516
0
1072313163
536870912
1071106358
1073741824
1069830327
0
1070655803
1073741824
1072065198
3758096384
1071868728
2684354560
1070951597
2147483648
1071710870
1610612736
1071950504
0
1072443492
3758096384
1071894529
0
1071811331
1610612736
1072211929
2684354560
1068301402
0
1070777407
3221225472
1071440769
3221225472
1066662852
0
1072289102
0
1071270693
3221225472
1071924983
0
1072324324
536870912
1070948702
1073741824
1071198175
3221225472
1069982309
0
1072266642
3758096384
1072023207
2147483648
1071761880
0
1069577901
0
1070659180
0
1071721449
536870912
1071776180
1610612736
1071947298
536870912
1071133326
3221225472
1072355040
1610612736
1070861771
0
1067497940
0
1069657910
0
1070171432
2147483648
1072412626
1610612736
1072312263
2684354560
1072506940
0
1070738146
0
1072217400
1073741824
1069849661
2147483648
1071631909
3221225472
1066802132
0
1072546217
2147483648
1071361824
0
1067176856
0
1070941165
1073741824
1071630374
2147483648
1070853190
1073741824
1065394264
0
1071461100
1073741824
1072693247
2684354560
89
