Uvec
2226355706
1072572785
0
1070321441
2147483648
1068143978
0
1069887537
2147483648
1071983342
0
1072096517
3221225472
1072533455
536870912
1071271540
2147483648
1069784755
0
1071932971
2684354560
1071959403
2684354560
1071193113
2147483648
1070857202
0
1071832176
1073741824
1068771789
0
1071800973
0
1070802378
0
1072305806
2147483648
1072443307
536870912
1070020577
0
1071830514
1610612736
1072445667
536870912
1071447479
2147483648
1070179457
0
1069381228
0
1072062463
1073741824
1070514688
0
1067295968
0
1071459083
1073741824
1072455868
536870912
1070733655
1073741824
1068058820
0
1071689226
1073741824
1070808789
3221225472
1071742731
536870912
1071952737
536870912
1070806227
0
1070153092
0
1070921669
3221225472
1070730006
2147483648
1064611456
0
1070895929
0
1072653200
536870912
1071985338
2684354560
1067791918
0
1072408538
1610612736
1071616158
1073741824
1071016960
3221225472
1069704598
0
1070721109
0
1071419499
1073741824
1071146796
3221225472
1072516268
2684354560
1072459795
0
1071721204
2684354560
1071070905
2147483648
1071756366
1073741824
1072536211
3221225472
1069953113
2147483648
1071154621
3221225472
1070867041
1073741824
1071667028
3221225472
1069959753
2147483648
1071767985
2147483648
1070066329
2147483648
1069759903
0
1072555746
3221225472
1070979868
0
1068041682
0
1070439973
0
1071234991
1073741824
1072279407
3221225472
1069159290
0
1071708709
1073741824
1070198620
2147483648
1071446298
1073741824
1072155222
536870912
1071619526
2147483648
1072643515
1073741824
1066540708
0
1071207403
1073741824
1067714478
0
1068134096
0
1071932538
2684354560
1069770859
0
1072106069
2684354560
1069596629
0
1071114588
3221225472
1072138116
1073741824
1069982107
0
1072554483
3221225472
1069914942
0
1071757389
1073741824
1069118087
0
1072008259
1073741824
1070963037
3221225472
1071138918
3221225472
1071957398
536870912
1071461100
1073741824
1072693247
2684354560
84
