Uvec
2226355706
1068911117
0
1071231371
3221225472
1068744812
0
1072602836
2147483648
1072291455
536870912
1071936733
2684354560
1072489308
1073741824
1071814029
0
1070720203
3221225472
1071730782
1610612736
1072352822
0
1068801487
0
1071918095
1073741824
1071877086
536870912
1070153547
0
1061492736
0
1070144220
0
1072508627
3758096384
1069374649
0
1072484745
2684354560
1071402761
1073741824
1071825724
1610612736
1072013607
2684354560
1071819651
2684354560
1071837420
3758096384
1072146211
1073741824
1070508641
0
1071004598
3221225472
1065513880
0
1070394521
2147483648
1072156661
0
1069917897
2147483648
1071568654
2147483648
1071966863
2684354560
1072093663
3758096384
1072266190
1610612736
1072625898
3221225472
1071561251
3221225472
1069713440
0
1072259425
536870912
1069638107
0
1069648202
0
1072386879
2147483648
1072086991
2684354560
1071415778
1073741824
1071785620
1073741824
1072321577
536870912
1071266287
3221225472
1072520005
2684354560
1070369864
2147483648
1072048263
1073741824
1070659229
2147483648
1071191812
2147483648
1071409931
2147483648
1071575252
0
1071445171
0
1072149418
1073741824
1067670508
0
1071870216
536870912
1072399671
3221225472
1070825488
3221225472
1071532451
0
1070949329
0
1072313907
2684354560
1072563365
1610612736
1070902750
0
1072604811
1073741824
1072299429
2684354560
1072099204
3221225472
1069062362
0
1069352943
0
1072143296
1610612736
1068401798
0
1072380053
1073741824
1067969066
0
1071792726
2684354560
1069647141
0
1072139978
2147483648
1071962202
536870912
1072020709
3758096384
1072176955
1610612736
1072385465
3221225472
1071865324
1073741824
1068903634
0
1070227878
0
1071660866
2147483648
1067064424
0
1071941259
3758096384
1069427525
0
1072681636
1610612736
1072139136
3221225472
1071169619
2147483648
1069631604
2147483648
1072001912
0
1071857188
2147483648
1072466651
2684354560
1072293772
3221225472
1071838177
3758096384
1071461100
1073741824
1072693247
2684354560
79
