Uvec
2226355706
1070155723
2147483648
1072094863
1610612736
1069653119
2147483648
1069517104
0
1070647948
3221225472
1071754500
1073741824
1068677889
0
1072406780
3758096384
1070881827
3221225472
1071133446
0
1069332851
0
1069658172
0
1071144330
1073741824
1071128692
0
1068930647
0
1072623444
0
1070988557
2147483648
1072133914
1073741824
1071637677
1073741824
1069063574
0
1071095084
1073741824
1070693698
1073741824
1069449017
0
1069110753
0
1072227217
2684354560
1072171823
2684354560
1070182255
0
1072323261
2147483648
1071865243
3221225472
1069173949
0
1072322813
1073741824
1071159146
0
1071693706
0
1072503202
2147483648
1067090140
0
1066491624
0
1068999938
0
1071154406
0
1072094785
2684354560
1072070313
2147483648
1072070334
536870912
1072099508
3221225472
1072302407
2147483648
1071998562
2684354560
1072327130
2684354560
1069959841
2147483648
1071874214
2684354560
1072577756
2684354560
1070242191
2147483648
1069205636
0
1070427447
0
1069394496
0
1072236980
2684354560
1069753798
2147483648
1071971918
0
1069800596
0
1070755955
0
1070615316
0
1072286756
3221225472
1071427303
0
1071964935
536870912
1069953130
2147483648
1071520313
3221225472
1072184804
3221225472
1068765527
0
1072692503
3758096384
1071456727
3221225472
1066431244
0
1071905244
1073741824
1072529520
1610612736
1067310072
0
1071846347
0
1072664159
2684354560
1072619664
1610612736
1071819268
1610612736
1069744880
2147483648
1067321804
0
1070384123
2147483648
1069798380
2147483648
1069501777
0
1065219920
0
1071659494
3221225472
1071939013
2147483648
1072437702
0
1071748257
2684354560
1072433147
536870912
1069858070
2147483648
1071880092
3758096384
1070754597
0
1071994172
0
1072122573
1073741824
1071935272
3221225472
1071215347
3221225472
1068969995
0
1070347551
2147483648
1072272477
2147483648
1068523124
0
1070929753
1073741824
1071461100
1073741824
1072693247
2684354560
5
