Uvec
2226355706
1070079146
2147483648
1072449462
1073741824
1070888512
3221225472
1072622055
3221225472
1071514819
1073741824
1071952415
3758096384
1071232112
3221225472
1071071630
0
1071742133
0
1072556546
0
1071058014
0
1064042656
0
1071702432
2147483648
1072583294
2684354560
1071128210
0
1071102149
2147483648
1069062584
0
1071946743
1610612736
1071729601
2684354560
1069200226
0
1069091550
0
1072034021
536870912
1071707362
3758096384
1069075919
0
1071919567
3221225472
1072127923
2147483648
1069088180
0
1072434273
536870912
1072613292
3758096384
1071077013
3221225472
1071685686
0
1071296713
2147483648
1072331097
2147483648
1072342278
0
1071662449
536870912
1072122691
2147483648
1070909357
3221225472
1067843626
0
1069286170
0
1071579616
1073741824
1070085004
0
1070662106
2147483648
1072346487
2684354560
1072144828
2684354560
1072585404
2684354560
1066733372
0
1071491443
2147483648
1070960766
1073741824
1072310869
0
1071567542
3221225472
1071209616
1073741824
1072002949
536870912
1071956073
2147483648
1070228970
2147483648
1071276713
3221225472
1071516700
1073741824
1071267717
1073741824
1072380974
3221225472
1072497888
3221225472
1072675845
3758096384
1069317262
0
1070959338
1073741824
1071921955
2684354560
1070517358
2147483648
1072663060
2684354560
1070876556
3221225472
1068598437
0
1069519841
0
1071370614
1073741824
1071771760
3758096384
1072349353
2684354560
1072574905
3221225472
1071696282
1610612736
1071741769
536870912
1069190995
0
1071781196
536870912
1072603631
3221225472
1071873886
0
1072320822
3758096384
1070950300
3221225472
1069246633
0
1070217183
0
1072461616
536870912
1070376483
2147483648
1072231945
536870912
1072394574
0
1071156029
0
1070904272
0
1072591033
1610612736
1068881998
0
1071449068
1073741824
1069196914
0
1071270458
2147483648
1059322880
0
1072539550
2684354560
1068515556
0
1070045969
0
1071565532
2147483648
1071461100
1073741824
1072693247
2684354560
44
