Uvec
2226355706
1071546489
0
1070048190
0
1069938606
2147483648
1070718396
1073741824
1071546050
2147483648
1071983393
0
1072166415
1610612736
1071959532
3758096384
1070527448
2147483648
1071493744
1073741824
1069849309
2147483648
1071894920
1073741824
1070965402
3221225472
1071752542
0
1072176059
3221225472
1071558267
2147483648
1071805432
1073741824
1072251952
3758096384
1071072147
0
1072119955
2684354560
1072488887
2684354560
1067826294
0
1071935367
1610612736
1072652694
536870912
1071520043
0
1071466733
2147483648
1071987791
2147483648
1071015643
1073741824
1072672206
3221225472
1070162855
0
1072319538
1610612736
1071149523
2147483648
1070017075
0
1072681744
1073741824
1071518569
2147483648
1070710095
1073741824
1072636525
3758096384
1069721290
2147483648
1072607027
536870912
1067519090
0
1069459785
0
1071333790
0
1072192330
3758096384
1070674049
3221225472
1072668800
3758096384
1072380511
2684354560
1071943734
1073741824
1072023860
3758096384
1071702219
2684354560
1070630091
0
1068698847
0
1072180123
536870912
1071132400
3221225472
1072194965
1073741824
1063056576
0
1071388106
2147483648
1071180433
3221225472
1071968822
1073741824
1072366336
2147483648
1071239698
3221225472
1070986186
2147483648
1070910537
3221225472
1072269181
3221225472
1072578597
0
1071933335
3758096384
1071953228
2147483648
1072202466
536870912
1071663080
3758096384
1070339724
0
1070878626
3221225472
1072368542
536870912
1072055931
3221225472
1072390797
1610612736
1071594049
3221225472
1072465499
1610612736
1071286030
3221225472
1071427808
3221225472
1071974026
1610612736
1071534899
2147483648
1069519579
0
1071379747
3221225472
1072463929
3221225472
1072401312
2147483648
1072034257
2684354560
1071807867
0
1072175703
3221225472
1072115504
2147483648
1072121858
3758096384
1070691580
3221225472
1070313029
2147483648
1071023113
3221225472
1070715971
0
1072384813
1073741824
1070823849
1073741824
1068562564
0
1069610163
2147483648
1070478721
2147483648
1072202414
1073741824
1071461100
1073741824
1072693247
2684354560
6
