Uvec
2226355706
1071375546
0
1070939498
0
1072679574
3758096384
1068660906
0
1071206486
0
1070817240
0
1072581108
536870912
1072535825
2147483648
1071366446
3221225472
1071858756
536870912
1071794317
1073741824
1070334302
0
1071580035
0
1071278656
1073741824
1068182386
0
1070705065
2147483648
1071089859
1073741824
1071840986
3221225472
1072151311
1073741824
1072039995
536870912
1070851988
0
1072510363
2684354560
1069337656
0
1071894601
3758096384
1071941854
2684354560
1071093573
1073741824
1066039592
0
1071803295
2147483648
1070943258
1073741824
1070194993
2147483648
1071166847
2147483648
1071653523
3221225472
1071646643
1610612736
1067057156
0
1072087892
1073741824
1067304728
0
1071982751
2147483648
1072117851
3758096384
1070709164
0
1071343872
3221225472
1069726678
0
1072614383
1610612736
1072672823
3221225472
1071381892
1073741824
1070579795
2147483648
1072645567
3758096384
1070810953
1073741824
1071645770
0
1072656646
1073741824
1072386539
2684354560
1070969475
3221225472
1071890564
2684354560
1070720790
3221225472
1072037953
536870912
1069956248
2147483648
1067738508
0
1072286331
1610612736
1072576685
1073741824
1069095229
0
1072171616
536870912
1072473407
536870912
1066415944
0
1072254748
2684354560
1071335350
3221225472
1071621990
0
1070704711
3221225472
1071752413
3758096384
1072504376
1610612736
1071043803
0
1072176270
3221225472
1072253132
2147483648
1069655619
2147483648
1072193079
1610612736
1072008308
1073741824
1071247185
3221225472
1070841039
1073741824
1071542451
0
1072638457
1073741824
1071488123
1073741824
1070653385
2147483648
1072447757
1610612736
1071459256
3221225472
1072079006
1073741824
1071768475
2684354560
1070226168
2147483648
1070189455
0
1071975427
1610612736
1070401197
0
1072091155
1610612736
1070450155
2147483648
1068205100
0
1070836556
2147483648
1069114327
0
1071791055
0
1065171536
0
1069172991
0
1071633367
3221225472
1071015441
2147483648
1071461100
1073741824
1072693247
2684354560
10
