Uvec
2226355706
1067222944
0
1071644289
3221225472
1071661811
1610612736
1070173244
2147483648
1072656217
0
1070905045
2147483648
1070748612
1073741824
1070881339
2147483648
1071046824
3221225472
1069868499
0
1070071494
0
1071782950
0
1071599283
3221225472
1072086386
536870912
1071746416
536870912
1071739152
2147483648
1071024122
1073741824
1070723381
2147483648
1071602431
1073741824
1070957499
3221225472
1071215829
1073741824
1071778075
1610612736
1072093696
3758096384
1072313187
1073741824
1071802592
2684354560
1072387059
1073741824
1072238299
1610612736
1072526010
2684354560
1072092490
2147483648
1070840494
0
1068767917
0
1069857585
2147483648
1071791719
1073741824
1070564622
0
1072605569
1610612736
1070668042
2147483648
1069732013
2147483648
1070570041
0
1069155729
0
1070981928
0
1072168476
2147483648
1072369210
3221225472
1071305333
0
1071765731
2147483648
1071227886
0
1072632413
2147483648
1070383618
0
1072029972
536870912
1070383827
2147483648
1071222667
1073741824
1071486048
0
1072604973
3758096384
1071651688
0
1070125811
2147483648
1070876337
0
1071208861
0
1071335175
1073741824
1072176416
536870912
1071808595
536870912
1066847392
0
1072338480
1610612736
1071818073
2684354560
1072021453
1610612736
1072466283
3758096384
1071755624
2147483648
1071011591
3221225472
1072611070
1073741824
1068803072
0
1071661957
1073741824
1072521341
2147483648
1072398986
1073741824
1071049650
1073741824
1072365315
3221225472
1072359639
1610612736
1071955150
1610612736
1071471372
1073741824
1072356085
1073741824
1069082638
0
1068043620
0
1072076424
3758096384
1069640506
0
1070559546
0
1072490962
1073741824
1071717689
2684354560
1071045644
1073741824
1072191597
2147483648
1067077920
0
1072671916
3758096384
1072050546
0
1071775563
1073741824
1071609769
2147483648
1070992400
0
1068702774
0
1072275956
2684354560
1072612654
3758096384
1067659308
0
1072162338
3758096384
1070448055
2147483648
1071461100
1073741824
1072693247
2684354560
15
