Uvec
2226355706
1071635280
0
1071811623
1073741824
1067124572
0
1071941855
3221225472
1070302406
2147483648
1072127458
536870912
1072680575
3221225472
1066187632
0
1071504304
3221225472
1072496378
1073741824
1072400342
3221225472
1072554974
2147483648
1072527372
1610612736
1070594436
2147483648
1070153347
0
1071802598
2684354560
1071853349
0
1071259654
1073741824
1072580616
3221225472
1067412516
0
1067873108
0
1071895179
1610612736
1072473700
1073741824
1071422112
1073741824
1071861725
3221225472
1071602390
2147483648
1072139676
2147483648
1070711545
1073741824
1068983700
0
1071060644
1073741824
1069954906
2147483648
1071830945
2684354560
1067467684
0
1072296441
2684354560
1072410434
1073741824
1071147756
3221225472
1072111253
2684354560
1071831341
1073741824
1072582431
1610612736
1068552152
0
1070816329
2147483648
1069922308
0
1071700549
0
1072406595
536870912
1069279212
0
1071735569
2147483648
1071708374
0
1071690891
2684354560
1072067226
1073741824
1071814953
2147483648
1072078146
2147483648
1068490820
0
1072596133
536870912
1072159760
1610612736
1072111314
2684354560
1069811610
2147483648
1071934041
1073741824
1071947376
3221225472
1072397848
2684354560
1069582212
0
1069604173
0
1070531069
0
1071341694
1073741824
1072374213
3758096384
1070930498
0
1070242957
2147483648
1072532570
3221225472
1071806734
536870912
1067770848
0
1070703537
1073741824
1069360660
0
1068647863
0
1071301323
3221225472
1071474803
1073741824
1072196296
3221225472
1071617273
1073741824
1072434708
536870912
1067348384
0
1071881767
1073741824
1071720471
2684354560
1069701543
0
1072476122
536870912
1069833329
2147483648
1071047133
1073741824
1071916597
1073741824
1069895232
0
1068787349
0
1072608782
2147483648
1072394668
1073741824
1071060468
3221225472
1070430578
0
1072684303
0
1072650812
3221225472
1070568720
0
1071509749
3221225472
1072054800
1073741824
1071768304
1610612736
1072438949
2147483648
1071461100
1073741824
1072693247
2684354560
24
