Uvec
2226355706
1071925091
2684354560
1071019343
3221225472
1070526887
0
1071454232
3221225472
1071718211
2684354560
1072425243
3221225472
1070678731
3221225472
1069524500
0
1072589703
3221225472
1070118881
2147483648
1070801645
2147483648
1070981738
2147483648
1068726097
0
1070951567
3221225472
1072428698
3221225472
1071415898
3221225472
1071923591
536870912
1068230752
0
1071766590
1610612736
1071747548
1073741824
1072330685
3221225472
1072272570
1610612736
1071194867
1073741824
1069561444
2147483648
1071399325
3221225472
1072027110
536870912
1070529168
2147483648
1071382011
0
1071917064
1610612736
1071868999
0
1071518109
0
1071645091
3758096384
1071309714
3221225472
1070320715
2147483648
1072457876
0
1071851581
536870912
1072133696
2684354560
1070929242
0
1063207616
0
1071978457
0
1071329332
0
1069539281
0
1072116530
2147483648
1070371821
2147483648
1071322198
2147483648
1071451558
3221225472
1072387529
536870912
1072021431
1610612736
1072353252
2684354560
1070401749
0
1071934511
1073741824
1072609048
2147483648
1069847760
2147483648
1071402670
0
1072055543
3221225472
1070780853
3221225472
1071903608
536870912
1071792625
3758096384
1072179960
536870912
1071073498
0
1070939104
3221225472
1071942255
536870912
1072683198
0
1072192374
3221225472
1069406263
0
1069924737
2147483648
1071760286
3758096384
1072690452
0
1071454344
3221225472
1072055032
536870912
1071680808
2684354560
1069281494
0
1071427142
1073741824
1071880574
1610612736
1071887358
1610612736
1071548906
1073741824
1071179132
0
1070976050
3221225472
1072192122
1610612736
1071599561
3221225472
1070656536
0
1072024295
2684354560
1072457297
0
1071186377
3221225472
1071836283
1610612736
1072560679
536870912
1071696284
1610612736
1071956170
2684354560
1071168253
2147483648
1071804872
2684354560
1071820053
1610612736
1072177553
2147483648
1071900230
2147483648
1069965687
2147483648
1068848861
0
1067030412
0
1072074693
2147483648
1071855247
3221225472
1071461100
1073741824
1072693247
2684354560
74
