Uvec
2226355706
1070943513
3221225472
1072176673
2147483648
1072120904
3758096384
1072134540
2147483648
1072144595
3758096384
1072361586
0
1072349761
3758096384
1072689248
2147483648
1071993737
0
1071778782
1610612736
1072626022
536870912
1066716500
0
1071821496
536870912
1071022932
2147483648
1071973246
536870912
1070977941
1073741824
1067502666
0
1071423104
1073741824
1072618079
1073741824
1071495019
1073741824
1071813601
1610612736
1071794985
536870912
1070196667
0
1072567993
1073741824
1071753502
3758096384
1071117280
1073741824
1072273674
2684354560
1072671253
3758096384
1070617384
2147483648
1072208780
2147483648
1072182485
3221225472
1072364681
3758096384
1071586775
0
1071753043
3221225472
1071161486
3221225472
1071833421
1073741824
1071278062
3221225472
1072277364
2147483648
1066503040
0
1071429860
2147483648
1071732581
2147483648
1071238689
3221225472
1068676001
0
1072574257
3758096384
1071647916
536870912
1071202586
1073741824
1071279749
1073741824
1071292927
0
1065925696
0
1072689376
536870912
1072316659
1610612736
1072281920
1610612736
1071794417
0
1071534252
0
1070690814
3221225472
1069013978
0
1072667401
3758096384
1069426958
0
1069646056
2147483648
1069915771
0
1067918714
0
1072197522
1610612736
1068658519
0
1072691450
1610612736
1069754465
2147483648
1071232299
2147483648
1072572776
1610612736
1072005678
2684354560
1072128702
1073741824
1072377044
1610612736
1069524242
0
1071652800
3758096384
1069277689
0
1070946159
3221225472
1068831371
0
1072091315
1073741824
1069953529
2147483648
1072054572
3221225472
1072459471
1073741824
1071905594
0
1070256900
0
1071680748
3758096384
1071120899
1073741824
1071650140
2147483648
1070083465
2147483648
1070789601
2147483648
1071884672
1610612736
1072520574
2684354560
1072349898
1073741824
1072014486
3221225472
1070361590
2147483648
1070710638
2147483648
1067997364
0
1072014644
0
1070627388
2147483648
1072589925
0
1071557481
1073741824
1070814903
0
1071461100
1073741824
1072693247
2684354560
22
