Uvec
2226355706
1072416319
3758096384
1071268744
3221225472
1070290402
0
1069540166
0
1072305692
1073741824
1071016039
2147483648
1071974442
536870912
1069661863
0
1071419766
3221225472
1071833481
1073741824
1070973927
0
1072400252
536870912
1072366609
1610612736
1070085040
0
1069656336
0
1071992357
1073741824
1070686367
0
1072664428
536870912
1067144280
0
1071635146
3221225472
1072252596
2147483648
1069324837
0
1071946342
3758096384
1068917639
0
1070358144
2147483648
1071973560
3758096384
1071750397
536870912
1071998005
3758096384
1070068565
2147483648
1070068315
0
1072079274
3758096384
1072268114
3221225472
1072225788
3758096384
1072438638
2684354560
1071912814
536870912
1071851117
2147483648
1072593687
536870912
1072000164
3221225472
1069280688
0
1071973039
0
1070721880
2147483648
1072208527
2684354560
1071732937
1073741824
1068965229
0
1069546102
0
1072289354
1610612736
1070675254
0
1072281672
1610612736
1071524965
0
1072110830
3758096384
1071330158
2147483648
1072471256
0
1069809231
0
1072012116
1073741824
1070403198
0
1070911214
0
1071087814
3221225472
1071331646
1073741824
1072426926
3221225472
1070388353
0
1071897022
1073741824
1068364818
0
1070744181
0
1072497848
536870912
1071045884
2147483648
1070211960
2147483648
1070899162
3221225472
1072414106
3758096384
1069242608
0
1072354636
0
1069562665
2147483648
1071921207
2684354560
1072686688
536870912
1071645523
3221225472
1071708820
1073741824
1072131359
2684354560
1071253413
2147483648
1065685912
0
1071098211
0
1071488366
0
1071588853
3221225472
1072210134
2147483648
1071579367
2147483648
1071438218
1073741824
1071797698
2147483648
1071891774
3221225472
1072337603
3758096384
1072587812
2684354560
1072095343
3221225472
1067113228
0
1071585658
1073741824
1070631803
2147483648
1070968496
0
1070215722
2147483648
1071748868
3221225472
1071356541
0
1072351610
3221225472
1072264867
3221225472
1071461100
1073741824
1072693247
2684354560
5
