Uvec
2226355706
1071237628
2147483648
1071275573
1073741824
1070930741
2147483648
1072514352
2684354560
1068343332
0
1070797826
0
1072196249
2147483648
1071242067
3221225472
1071995795
1610612736
1071694950
2684354560
1071881762
536870912
1072524160
2147483648
1072130694
0
1072264969
3221225472
1071052760
2147483648
1072307358
0
1071327106
1073741824
1072565701
2684354560
1071146914
2147483648
1072397333
2684354560
1066387232
0
1070987065
3221225472
1071032340
2147483648
1071344057
3221225472
1072684058
3221225472
1066215392
0
1070342321
0
1069990947
2147483648
1069052805
0
1071502981
3221225472
1072387421
0
1071675979
1073741824
1070236120
2147483648
1072148601
2684354560
1072467600
0
1071045554
1073741824
1072207515
3221225472
1072524783
2147483648
1072167514
3758096384
1064094496
0
1071974659
0
1071479705
1073741824
1071963693
0
1070211095
0
1071956986
2147483648
1071288439
1073741824
1071113740
0
1068081908
0
1070888289
2147483648
1068797305
0
1069984107
0
1071834347
536870912
1072055540
2147483648
1072409396
2684354560
1071361619
0
1067688318
0
1072468174
3221225472
1071777818
536870912
1070299388
0
1072442654
2684354560
1068251700
0
1070927081
3221225472
1069154562
0
1072347303
0
1072283689
2147483648
1072072171
2147483648
1070165502
0
1072185824
2684354560
1071785996
536870912
1071228067
0
1072441192
0
1069755125
0
1072378052
2147483648
1071655870
536870912
1072405625
3758096384
1071809714
3758096384
1071334248
3221225472
1071658996
1073741824
1066612160
0
1071014367
2147483648
1069853754
0
1068648562
0
1072430115
1073741824
1072418599
1073741824
1070469075
2147483648
1069291008
0
1072667297
536870912
1068680876
0
1071081106
1073741824
1070627762
3221225472
1072136309
2684354560
1071705380
0
1071913723
1073741824
1071916343
3221225472
1072299230
0
1071935614
3758096384
1069839877
0
1069948272
2147483648
1071461100
1073741824
1072693247
2684354560
9
