Uvec
2226355706
1072325073
2147483648
1070176601
2147483648
1067964410
0
1071686764
536870912
1071699112
2147483648
1072575259
2147483648
1071509707
2147483648
1071049084
3221225472
1072039169
3758096384
1071186173
3221225472
1071971314
0
1070111492
2147483648
1071770005
3221225472
1071077908
2147483648
1072534455
3221225472
1071513747
0
1071728053
1073741824
1072263494
1610612736
1071925286
1073741824
1072518149
1610612736
1072032936
2684354560
1068507413
0
1070745137
1073741824
1071577822
2147483648
1070600040
3221225472
1072346552
0
1072568362
1073741824
1072573423
3221225472
1071384392
0
1071304010
0
1071938808
1610612736
1068211698
0
1069842228
0
1072032587
3758096384
1070971705
2147483648
1072031757
1610612736
1072171534
2147483648
1070710616
2147483648
1069251080
0
1071411916
3221225472
1072505606
3221225472
1071865266
3758096384
1071911367
536870912
1068619169
0
1072157643
3758096384
1069662361
2147483648
1072233007
3758096384
1071378773
0
1068398444
0
1071409524
0
1072096376
0
1070567026
2147483648
1070461776
0
1070467655
0
1071894830
0
1072388802
2684354560
1069293370
0
1070542325
0
1072129223
2684354560
1071909347
1073741824
1072201639
1073741824
1069454913
0
1069226110
0
1071688891
0
1072123956
1610612736
1072445042
3758096384
1071588287
1073741824
1072539427
2684354560
1071809901
3758096384
1069722714
0
1072179586
536870912
1072545325
3758096384
1071652702
1610612736
1070373218
2147483648
1072213459
1073741824
1070696429
3221225472
1072272785
2684354560
1071408961
0
1068419720
0
1072035808
2147483648
1070640434
2147483648
1070894793
0
1072171545
3221225472
1072546003
1073741824
1072354654
2147483648
1071987973
0
1071927547
3221225472
1071340885
1073741824
1072030501
1610612736
1072249745
0
1071454386
1073741824
1068960429
0
1071113048
3221225472
1069806688
2147483648
1071715063
536870912
1069920622
2147483648
1072050217
1073741824
1072081070
536870912
1071461100
1073741824
1072693247
2684354560
54
