Uvec
2226355706
1070083697
2147483648
1072019798
1073741824
1071784731
3758096384
1072147654
3221225472
1071672790
1073741824
1072138893
2147483648
1071903922
2684354560
1066474304
0
1068593815
0
1070017850
0
1071014219
0
1071851464
1610612736
1069796651
0
1071741899
0
1072364173
536870912
1072490297
2684354560
1070193402
2147483648
1071933434
2147483648
1070903763
3221225472
1072567293
536870912
1071494099
3221225472
1071132892
3221225472
1072203609
0
1071846634
2147483648
1072506765
0
1072310055
1073741824
1072528762
536870912
1071996141
3758096384
1068726616
0
1072623299
3221225472
1072245651
3221225472
1071800434
2147483648
1072489329
2684354560
1072150623
1610612736
1072383630
2684354560
1069691979
2147483648
1072296819
3221225472
1071712100
536870912
1071856790
1610612736
1069078226
0
1071948438
3758096384
1072680978
3221225472
1067649286
0
1070780555
1073741824
1072067087
2684354560
1067272144
0
1069360086
0
1071843188
2684354560
1071704066
2684354560
1070924909
1073741824
1071850439
2147483648
1067880046
0
1070772211
3221225472
1068388054
0
1071405383
3221225472
1072451075
3221225472
1072091730
1610612736
1070473226
2147483648
1071922311
2147483648
1070630329
2147483648
1071201860
2147483648
1068511411
0
1066458052
0
1071828242
3758096384
1070399434
2147483648
1071325329
3221225472
1072250581
0
1071029179
1073741824
1071250902
2147483648
1072587285
536870912
1071123079
2147483648
1070443313
0
1072409844
0
1071798718
3758096384
1072228936
3758096384
1071680159
3221225472
1071487745
2147483648
1071628087
1073741824
1072412345
2147483648
1072361570
1073741824
1071965271
1610612736
1071744086
3221225472
1069675996
0
1071105517
1073741824
1072498257
3221225472
1072363260
3221225472
1071582402
1073741824
1070844809
3221225472
1072582809
1610612736
1072519685
1610612736
1072228983
0
1072022506
2147483648
1071700668
2147483648
1072274280
0
1070316181
0
1071733759
2147483648
1067807962
0
1071212097
2147483648
1071461100
1073741824
1072693247
2684354560
27
