Uvec
2226355706
1071760513
0
1072409436
536870912
1068541570
0
1072550623
1073741824
1071646041
2147483648
1070270578
0
1072578931
0
1071805355
0
1072148153
0
1071706207
1610612736
1070570313
0
1069633850
2147483648
1072290365
3221225472
1071397442
2147483648
1072641804
3758096384
1072284665
1073741824
1068553485
0
1070997405
3221225472
1069824123
0
1072003950
2147483648
1071506931
0
1072285167
3221225472
1072628891
536870912
1072061733
3758096384
1069527438
0
1067987048
0
1072616093
0
1072243989
1610612736
1070733909
3221225472
1070191749
2147483648
1072293051
1610612736
1071176040
1073741824
1072298418
2147483648
1067471512
0
1072411347
0
1071374529
2147483648
1071843245
1610612736
1069193597
0
1070104511
0
1071538338
3221225472
1072126458
1073741824
1071640200
1073741824
1071999632
0
1071569002
1073741824
1072399431
536870912
1072248725
2147483648
1072444772
536870912
1071637616
0
1072089875
536870912
1070040625
2147483648
1071728718
1610612736
1071705436
2147483648
1070461914
2147483648
1072399342
0
1070189171
0
1072029408
0
1072284361
536870912
1064732432
0
1072585500
2684354560
1072422780
2684354560
1069790557
0
1067773638
0
1072556479
2147483648
1071818652
0
1072540852
2147483648
1071000497
1073741824
1072346691
2147483648
1069896813
0
1068644054
0
1071033079
3221225472
1072080202
3221225472
1072030634
3758096384
1071802856
2147483648
1070520661
0
1068540080
0
1071126038
1073741824
1071944850
3758096384
1069912721
2147483648
1071576637
3221225472
1071433003
0
1069601179
2147483648
1071140417
2147483648
1069846128
0
1069918433
0
1071087923
2147483648
1071836444
2147483648
1070755451
1073741824
1070575115
2147483648
1071815189
536870912
1068277860
0
1070818022
0
1072300602
0
1069775000
2147483648
1072415687
536870912
1072337358
0
1072338165
3758096384
1072549870
1073741824
1072367667
1610612736
1071461100
1073741824
1072693247
2684354560
67
