Uvec
2226355706
1072251417
3221225472
1071976301
1610612736
1071593667
3221225472
1072230096
536870912
1072555440
3221225472
1070630653
2147483648
1072585377
536870912
1072528422
3758096384
1071439074
2147483648
1071090374
2147483648
1070712025
2147483648
1069582457
0
1071712828
1073741824
1071350761
3221225472
1071044166
0
1071137407
0
1070367895
2147483648
1072562794
2147483648
1069708210
2147483648
1071440833
3221225472
1072266281
2147483648
1071636847
3221225472
1063768960
0
1071946030
0
1071192872
1073741824
1070965337
2147483648
1070621922
3221225472
1072101971
3221225472
1072066569
2147483648
1071808936
3221225472
1072006063
536870912
1072586404
1073741824
1071399748
3221225472
1070158336
0
1071654532
3221225472
1069638614
0
1071512017
3221225472
1067587670
0
1070390500
0
1070621745
1073741824
1069805005
2147483648
1071025941
2147483648
1072570060
2684354560
1069016850
0
1072123521
1610612736
1071756377
2684354560
1070382849
2147483648
1071645660
2684354560
1072138173
0
1072660786
0
1072091991
1073741824
1071782712
3758096384
1070916204
2147483648
1072596015
1073741824
1071179348
3221225472
1071860776
1610612736
1072364180
1073741824
1071808829
1610612736
1071979162
2684354560
1071992274
536870912
1072284167
2147483648
1070835603
2147483648
1072426835
2684354560
1070407622
2147483648
1072286934
2147483648
1072577892
3758096384
1071463960
2147483648
1069478731
0
1070940744
2147483648
1068744845
0
1072188663
536870912
1071018549
1073741824
1072688991
1073741824
1072087505
2147483648
1072617781
3758096384
1071502508
3221225472
1072089660
2684354560
1070641126
3221225472
1072636575
3758096384
1070920685
3221225472
1072195081
2147483648
1072542525
2684354560
1067010428
0
1072266419
3221225472
1072261152
3221225472
1068919390
0
1071768285
3758096384
1071999335
2684354560
1071659025
1610612736
1071068169
1073741824
1070454250
2147483648
1070063774
0
1071778005
1610612736
1072304679
1610612736
1069801667
2147483648
1071579252
1073741824
1071767256
1610612736
1072424958
3758096384
1071461100
1073741824
1072693247
2684354560
49
