Uvec
2226355706
1069492092
0
1069740430
0
1070800117
2147483648
1072521290
2147483648
1072134561
1073741824
1071997452
2684354560
1072433795
1610612736
1072594866
2684354560
1072430545
2684354560
1071499072
2147483648
1069801499
2147483648
1072077812
2684354560
1069953997
2147483648
1071899275
2684354560
1071304509
3221225472
1069904014
0
1071064982
3221225472
1072452569
3221225472
1070599908
3221225472
1072492389
3221225472
1072585657
1073741824
1072511162
2147483648
1072644250
0
1070630016
2147483648
1072132932
3221225472
1069747807
0
1067961268
0
1072009696
1610612736
1067681248
0
1071615016
2147483648
1069784262
0
1070726600
1073741824
1071969819
3758096384
1072366282
2684354560
1069780972
0
1070917123
3221225472
1072213845
2147483648
1068862471
0
1069900061
2147483648
1066270208
0
1068077386
0
1067282740
0
1072583615
3221225472
1071888988
536870912
1071508011
1073741824
1068992186
0
1070896776
3221225472
1072557257
0
1072008697
1073741824
1065917776
0
1071001168
1073741824
1072037891
3758096384
1069580317
0
1070599440
3221225472
1071005418
3221225472
1070346765
0
1069238787
0
1072581455
2147483648
1071923701
2684354560
1067820990
0
1071164070
0
1071641600
0
1071940941
3221225472
1072682705
536870912
1071128267
3221225472
1068555783
0
1071885159
536870912
1069763209
2147483648
1069725102
2147483648
1070562921
0
1072408330
1073741824
1071053047
0
1071957881
536870912
1070678856
1073741824
1071085046
1073741824
1071878278
0
1071814354
1073741824
1072393058
2684354560
1072325943
3758096384
1072661913
536870912
1069561780
0
1072572236
3221225472
1070872987
1073741824
1071732651
536870912
1071935468
3221225472
1072025764
1610612736
1072491178
3758096384
1072627049
3758096384
1072504432
3758096384
1072477412
1073741824
1072172442
3221225472
1072581568
2147483648
1069750718
2147483648
1072439098
536870912
1066647944
0
1071685814
3758096384
1072209491
3221225472
1072008497
536870912
1071461100
1073741824
1072693247
2684354560
47
