Uvec
2226355706
1071048826
2147483648
1071353627
2147483648
1072169197
2684354560
1072189602
1610612736
1070655946
2147483648
1066898072
0
1069630772
2147483648
1070887154
3221225472
1072375340
3221225472
1071717916
2147483648
1072551413
1073741824
1072156117
1073741824
1067135620
0
1071461066
2147483648
1072541938
0
1071628170
1073741824
1069688912
2147483648
1072263045
3221225472
1069581140
2147483648
1072197672
2147483648
1066462320
0
1072171473
536870912
1069851114
0
1071364537
3221225472
1071787593
3221225472
1065138608
0
1069210767
0
1071827172
2147483648
1068558470
0
1068465810
0
1071785680
1610612736
1067803898
0
1070000650
2147483648
1071124539
1073741824
1071742725
2147483648
1069673974
2147483648
1072447765
3221225472
1065290816
0
1070652556
3221225472
1071277399
2147483648
1072428498
0
1066435972
0
1071326499
3221225472
1070879905
0
1066937012
0
1069651744
2147483648
1072378887
1073741824
1070968096
2147483648
1071642726
3221225472
1071766457
0
1071776520
3221225472
1071345449
3221225472
1071660344
2684354560
1072314019
3758096384
1069715303
0
1070972941
0
1072640829
3758096384
1070982261
0
1072293002
3221225472
1072153027
536870912
1071977512
3758096384
1071673425
3221225472
1070917704
2147483648
1070882467
2147483648
1072072520
3221225472
1070670098
2147483648
1072204825
3221225472
1072608346
2147483648
1071690718
1073741824
1071684739
1610612736
1071753517
2684354560
1071519408
3221225472
1071440839
3221225472
1072409026
1610612736
1070432779
2147483648
1071767178
1073741824
1070601109
1073741824
1072358077
536870912
1071688485
536870912
1072136217
1610612736
1072263023
3221225472
1071460529
2147483648
1068940068
0
1071748908
2684354560
1070785657
2147483648
1070698228
3221225472
1071498166
0
1072461334
3758096384
1066021568
0
1071039227
0
1072351564
3758096384
1071740147
0
1071811658
2147483648
1072615475
2684354560
1068951425
0
1072109683
3758096384
1071757100
2147483648
1070793124
0
1071461100
1073741824
1072693247
2684354560
72
