Uvec
2226355706
1072456210
1073741824
1072129917
1610612736
1072160777
3221225472
1071710589
2147483648
1072248323
3758096384
1070030184
0
1072577312
3758096384
1071879972
0
1072490673
1610612736
1071398445
3221225472
1070729174
0
1071019412
2147483648
1070819268
0
1071527574
0
1072544018
0
1070825828
3221225472
1071650072
536870912
1070988166
3221225472
1070665382
3221225472
1067547940
0
1071346344
3221225472
1066234176
0
1071492631
0
1064720864
0
1071595746
0
1069379603
0
1071876873
1073741824
1070000368
2147483648
1072009742
1073741824
1072527370
2684354560
1070694060
2147483648
1071052410
3221225472
1072092568
1610612736
1071086157
3221225472
1071348126
1073741824
1069185126
0
1072265242
2147483648
1072665601
1610612736
1071914821
2147483648
1072181402
3221225472
1067599564
0
1070795076
2147483648
1071632634
2147483648
1072210011
536870912
1072016368
1610612736
1071644927
3758096384
1072610116
536870912
1069925275
2147483648
1071983822
3758096384
1069448640
0
1072326680
0
1072371830
0
1071080381
2147483648
1071696006
3221225472
1071909082
3221225472
1070252988
2147483648
1065803048
0
1072591363
3221225472
1068555651
0
1069838891
0
1071869804
3758096384
1066582468
0
1069729869
0
1071295143
1073741824
1068503648
0
1070931546
1073741824
1072193594
3221225472
1068117182
0
1067653602
0
1072621531
536870912
1071820528
3758096384
1071089920
3221225472
1071019144
3221225472
1071979504
1073741824
1071936193
0
1072005385
0
1071337656
1073741824
1070989017
0
1071395880
3221225472
1068405254
0
1070328508
0
1071818983
2147483648
1071794941
1610612736
1072264974
1610612736
1071273514
0
1072168316
1073741824
1072290018
1073741824
1069217093
0
1069916068
2147483648
1072667412
2684354560
1069664102
2147483648
1072691740
2684354560
1072673574
3758096384
1068978421
0
1071036044
3221225472
1072021317
0
1071507966
3221225472
1071494168
1073741824
1071461100
1073741824
1072693247
2684354560
16
