Uvec
2226355706
1071503056
1073741824
1072409320
3221225472
1070763615
1073741824
1069544412
0
1071786496
0
1071688101
3221225472
1071415309
1073741824
1071612101
3221225472
1071889196
1610612736
1072507182
3221225472
1071668689
0
1072691208
0
1072522952
536870912
1072574664
3221225472
1070260303
2147483648
1072357019
3758096384
1072614736
0
1071577553
0
1069200014
0
1071430915
0
1070908172
0
1071921213
1610612736
1069834889
2147483648
1072167513
1610612736
1072074993
2684354560
1070653807
1073741824
1072088652
2684354560
1067029984
0
1070724545
2147483648
1069448687
0
1071643872
2147483648
1070981748
2147483648
1068412860
0
1072430496
2684354560
1069053400
0
1069703968
0
1072223046
2147483648
1070123850
0
1068273948
0
1070776255
2147483648
1071800240
3758096384
1064765584
0
1071528899
0
1072327653
3221225472
1067054308
0
1068861817
0
1070694024
3221225472
1072468590
0
1072291032
2147483648
1071425944
0
1069963990
0
1070192219
0
1071942808
536870912
1068526450
0
1072160503
3221225472
1066592456
0
1070118955
2147483648
1069627047
2147483648
1072639134
536870912
1072427606
0
1070998875
0
1071300744
0
1071929409
0
1068410952
0
1070946251
3221225472
1072250162
2684354560
1072636492
2147483648
1068483388
0
1071808302
3221225472
1069954254
0
1070618507
3221225472
1068140520
0
1072184569
0
1071610112
2147483648
1071942408
1073741824
1072061259
3758096384
1071109468
3221225472
1072333804
1073741824
1070485543
0
1071471457
3221225472
1072621696
1610612736
1072062652
3758096384
1071879700
2147483648
1070981535
0
1071778684
0
1072404162
2147483648
1070444691
0
1070869668
2147483648
1072541019
536870912
1068639809
0
1071632865
0
1066606448
0
1067715564
0
1072569978
2147483648
1069629077
0
1071272091
2147483648
1072108549
3758096384
1071668630
1073741824
1071461100
1073741824
1072693247
2684354560
63
