Uvec
2226355706
1070776717
2147483648
1072501977
3758096384
1069160334
0
1071250647
2147483648
1071069884
0
1070971531
2147483648
1071412569
0
1071150778
1073741824
1072127786
1073741824
1070425283
2147483648
1068716857
0
1071419390
2147483648
1070797542
3221225472
1071751295
1610612736
1068164772
0
1071562680
2147483648
1071235798
3221225472
1072039571
3758096384
1070519764
2147483648
1071573555
1073741824
1072084191
536870912
1070426953
0
1068327392
0
1071592807
3221225472
1067916722
0
1070861720
0
1072112893
3758096384
1071144508
1073741824
1072550079
1073741824
1072250014
0
1072126154
3221225472
1072446886
3221225472
1072525209
2684354560
1068689793
0
1067577978
0
1070285435
0
1069815906
2147483648
1072579158
2684354560
1070042047
0
1070893816
1073741824
1070069559
0
1072652513
0
1067488232
0
1069723147
0
1072081991
0
1072534637
2684354560
1072150966
0
1071119772
3221225472
1071615402
1073741824
1072635339
2684354560
1069889286
2147483648
1072189022
2684354560
1072693156
3758096384
1071331218
0
1069771476
2147483648
1072263095
1073741824
1070279506
2147483648
1071848152
3221225472
1069605205
2147483648
1071398440
1073741824
1068312450
0
1071286219
0
1072033958
0
1072319488
1610612736
1071644835
3221225472
1070761590
3221225472
1069518911
0
1072552844
536870912
1072324844
3758096384
1070478793
2147483648
1069850098
2147483648
1071561486
0
1071748062
3758096384
1071834854
0
1070165657
2147483648
1071885386
1073741824
1072493762
3758096384
1072398330
536870912
1071072196
1073741824
1072109087
3221225472
1072664957
1610612736
1071160909
3221225472
1072670682
536870912
1070692008
2147483648
1069564752
0
1071949007
536870912
1069785673
2147483648
1066874612
0
1072522300
3758096384
1071826989
3758096384
1071869737
2684354560
1070663318
0
1072527892
1610612736
1071428056
0
1072588992
1073741824
1071315752
0
1072045515
0
1072300986
1610612736
1071461100
1073741824
1072693247
2684354560
29
