Uvec
2226355706
1069646372
0
1072181465
536870912
1069559271
0
1071645458
536870912
1071321160
3221225472
1070859137
1073741824
1068562351
0
1070221623
0
1069061739
0
1068939058
0
1072449638
0
1071325202
0
1071973934
2684354560
1072619601
0
1070671299
1073741824
1071789310
0
1072453581
3758096384
1072447333
2147483648
1072623428
1610612736
1072227234
0
1072687589
536870912
1072470152
0
1071895915
2684354560
1071912420
1073741824
1072236207
2684354560
1071981079
1610612736
1069557133
0
1072108199
3221225472
1070777160
0
1070726790
2147483648
1070163877
2147483648
1072140896
3758096384
1071780035
1073741824
1068539358
0
1068131816
0
1068952307
0
1072124006
2684354560
1070628187
0
1072353979
3758096384
1071672801
2684354560
1072279950
2684354560
1072329341
0
1071870597
536870912
1069151942
0
1070869580
2147483648
1069772120
2147483648
1070663052
3221225472
1071751149
2147483648
1072489127
3758096384
1070247277
0
1071700835
3221225472
1072565497
0
1070495207
0
1070782310
1073741824
1071302020
1073741824
1072295592
2684354560
1067489294
0
1072045802
2684354560
1071691811
536870912
1071461383
3221225472
1072446339
0
1072668236
536870912
1071806294
0
1071116478
3221225472
1070019648
2147483648
1065791936
0
1072383409
536870912
1072658442
1073741824
1069982436
0
1071513832
2147483648
1070500476
0
1071324301
2147483648
1072053423
0
1072003750
2147483648
1072134717
3758096384
1069586485
0
1072671026
536870912
1070666684
0
1071028566
3221225472
1072334490
2147483648
1071205380
1073741824
1070924100
3221225472
1071499515
3221225472
1071743299
2147483648
1071759243
536870912
1071397728
1073741824
1072678464
1073741824
1070091639
2147483648
1071670324
0
1071259397
2147483648
1068733669
0
1070044011
2147483648
1071441602
1073741824
1070976456
1073741824
1071355541
2147483648
1071769865
3221225472
1071635000
3221225472
1070789446
0
1071461100
1073741824
1072693247
2684354560
96
