Uvec
2226355706
1069930654
2147483648
1071637364
2147483648
1071846184
536870912
1069847410
2147483648
1071843902
3221225472
1071691873
1073741824
1071171418
2147483648
1071725055
536870912
1070907308
3221225472
1070581845
0
1072517902
1610612736
1071737917
1610612736
1072420628
2147483648
1071702153
1073741824
1072009433
3758096384
1071066346
3221225472
1072166288
2684354560
1072467557
2684354560
1066609912
0
1071207580
2147483648
1071367483
0
1072395333
1073741824
1068775150
0
1072285321
0
1072668406
1073741824
1071972956
2147483648
1070023091
2147483648
1071755089
2684354560
1070103991
0
1072589172
536870912
1066096936
0
1068696064
0
1072271480
2147483648
1072118821
2147483648
1072306247
0
1071647012
536870912
1071419071
2147483648
1071775038
2147483648
1071177817
1073741824
1071129695
0
1072190474
2684354560
1071976323
1073741824
1071052080
1073741824
1070846276
0
1070296558
2147483648
1071979430
2684354560
1071998376
0
1069367091
0
1072186382
536870912
1070720353
0
1068812741
0
1072418642
1610612736
1072685436
3758096384
1072463109
1073741824
1064749808
0
1072262415
3758096384
1071534001
2147483648
1072512812
0
1070890683
1073741824
1071413319
0
1072304894
2147483648
1072270119
3758096384
1072099901
2147483648
1069653517
2147483648
1070897415
3221225472
1072009727
0
1070873287
1073741824
1071593499
0
1072185586
3221225472
1068833434
0
1066187232
0
1068321490
0
1072118341
2684354560
1066300352
0
1072568792
3758096384
1060948224
0
1071873648
1073741824
1072565455
0
1071513730
2147483648
1071200123
1073741824
1072237764
2147483648
1072411790
0
1071728419
1073741824
1070861701
1073741824
1072315740
2684354560
1072287635
3221225472
1071921666
3758096384
1070753311
3221225472
1068267488
0
1071527233
3221225472
1072629765
2684354560
1071850136
3758096384
1072267628
3221225472
1067882856
0
1070609545
1073741824
1070715198
0
1069779557
0
1071403679
0
1071461100
1073741824
1072693247
2684354560
55
