Uvec
2226355706
1069990016
2147483648
1071396925
2147483648
1060988416
0
1070894790
2147483648
1072663224
2147483648
1072518731
536870912
1069688965
2147483648
1072019539
1073741824
1072190941
2147483648
1072639599
1073741824
1071741949
0
1071899311
3221225472
1069869839
2147483648
1070629163
1073741824
1071388490
3221225472
1070091805
2147483648
1069702290
0
1071007446
1073741824
1070999252
3221225472
1070307192
0
1070061596
0
1069561872
2147483648
1072206615
0
1072012478
3221225472
1072535474
1610612736
1072363505
1610612736
1072225773
3221225472
1072188051
3758096384
1072152290
2147483648
1071498646
1073741824
1071097917
0
1068630942
0
1071781579
2147483648
1072269792
1610612736
1071199296
3221225472
1072468000
1073741824
1071337352
1073741824
1072373650
2147483648
1072203409
3221225472
1071933609
2147483648
1072616018
536870912
1072095944
0
1072206692
536870912
1072577319
536870912
1072692839
0
1070834352
2147483648
1071961380
1610612736
1071606972
3221225472
1072076248
2147483648
1072190979
1073741824
1071306275
1073741824
1070294135
0
1070615288
3221225472
1072476907
1073741824
1070668407
2147483648
1071806553
3221225472
1072115216
1610612736
1072297962
2147483648
1070866642
3221225472
1072332124
1610612736
1069247586
0
1072204585
1073741824
1071998347
2147483648
1071061657
2147483648
1070369690
0
1070891401
2147483648
1072286145
3221225472
1070837295
1073741824
1071406119
3221225472
1069248935
0
1066289704
0
1071140016
0
1071494403
0
1071820911
2684354560
1070011723
2147483648
1071434242
2147483648
1071861644
3221225472
1072195860
3758096384
1072010398
3758096384
1071834749
1610612736
1072328441
1073741824
1072660738
1073741824
1072080589
1073741824
1070529461
2147483648
1071719276
2684354560
1070782985
1073741824
1067679210
0
1072378113
2147483648
1069502193
0
1072151967
1610612736
1071778599
2684354560
1071451415
0
1072630180
2684354560
1070867671
2147483648
1068581192
0
1071691935
536870912
1070765595
3221225472
1072554339
3221225472
1071461100
1073741824
1072693247
2684354560
3
