Uvec
2226355706
1072065978
3221225472
1072557740
0
1071920803
2684354560
1072565955
3221225472
1070882332
0
1072680476
2684354560
1071726318
3758096384
1068632404
0
1070969000
3221225472
1066186752
0
1072223050
3221225472
1070346205
2147483648
1071030413
1073741824
1071949141
536870912
1068667298
0
1070763180
3221225472
1069747066
2147483648
1071068292
1073741824
1072302663
0
1072424354
536870912
1069080776
0
1068340870
0
1071448686
2147483648
1067684808
0
1072539411
1610612736
1071359564
2147483648
1071998715
1073741824
1070213940
0
1071399298
2147483648
1069887469
2147483648
1065064944
0
1071747477
1610612736
1069575768
2147483648
1070906101
3221225472
1070659007
3221225472
1072454310
2147483648
1071372013
3221225472
1070748715
1073741824
1070477819
0
1071536254
0
1069606537
0
1069789662
2147483648
1070320485
0
1072539498
2147483648
1071086055
3221225472
1069459717
0
1068574128
0
1071227041
3221225472
1071949821
1610612736
1071912947
3221225472
1072507757
2147483648
1071575326
3221225472
1072478052
536870912
1072096092
1610612736
1068441234
0
1064386688
0
1072657031
1610612736
1072371132
1610612736
1072109287
3758096384
1072076663
3758096384
1072100879
3221225472
1072618981
3758096384
1071210258
3221225472
1072008657
1610612736
1072413901
1610612736
1067427728
0
1068561944
0
1072266708
536870912
1071782830
1610612736
1069544478
0
1071936612
536870912
1072577049
1073741824
1071171394
0
1071235443
1073741824
1071798890
536870912
1070659247
2147483648
1070862572
1073741824
1072067878
0
1072109048
0
1071578695
0
1071513715
0
1071191329
1073741824
1072110309
1073741824
1071775505
2147483648
1070272883
2147483648
1070803062
3221225472
1072180227
536870912
1071990853
3758096384
1067466654
0
1071048630
0
1071214102
3221225472
1072038309
3221225472
1071647439
2684354560
1069877152
0
1072039106
0
1070387856
2147483648
1069538859
0
1072012975
1073741824
1071461100
1073741824
1072693247
2684354560
41
