Uvec
2226355706
1072375359
3221225472
1071504453
1073741824
1071695186
2684354560
1071870752
2147483648
1071960645
2684354560
1072317591
2147483648
1067493276
0
1069551353
2147483648
1071907093
1610612736
1072370374
2147483648
1072348712
2684354560
1072453841
536870912
1072451865
1610612736
1071775689
536870912
1071742183
3221225472
1072515344
3221225472
1072391604
2147483648
1072690992
3758096384
1072211530
1073741824
1072545470
3758096384
1072528594
0
1072445628
2684354560
1072503899
3758096384
1071490592
2147483648
1071176914
3221225472
1072561447
1073741824
1071029012
2147483648
1072671311
3758096384
1072660081
3758096384
1072659344
2147483648
1069632068
2147483648
1072271498
3758096384
1072658836
2147483648
1071863281
3758096384
1071905172
3221225472
1070812497
0
1072216557
1610612736
1071533399
1073741824
1072480694
3221225472
1070637519
2147483648
1065783264
0
1072649916
1073741824
1067970892
0
1071701041
0
1072392750
1610612736
1072219843
3221225472
1070655173
2147483648
1069067040
0
1067882264
0
1071214367
2147483648
1069913872
2147483648
1070114619
0
1069557319
0
1072519686
0
1072424094
2684354560
1072104998
1073741824
1071909624
3221225472
1071431490
2147483648
1072080707
0
1071344024
2147483648
1071977930
1073741824
1072541533
3221225472
1070808891
3221225472
1072406248
2147483648
1071161788
0
1072416016
3758096384
1072238716
3221225472
1072576898
1073741824
1071842049
3758096384
1072336942
536870912
1070774642
1073741824
1071263201
1073741824
1072293258
3221225472
1068407714
0
1072600346
3758096384
1070094206
2147483648
1071859434
0
1071809675
1610612736
1072413563
2147483648
1069222165
0
1071782500
3758096384
1072554418
2147483648
1069580320
2147483648
1070279863
0
1071681423
2684354560
1071767264
0
1072558420
3758096384
1069559469
0
1072399938
536870912
1071348723
1073741824
1071768771
2684354560
1072181848
2147483648
1070196243
2147483648
1069665176
2147483648
1071030083
1073741824
1067913588
0
1072346899
3221225472
1071212815
3221225472
1071461100
1073741824
1072693247
2684354560
63
