Uvec
2226355706
1071413527
3221225472
1072166219
3758096384
1072509306
1610612736
1071702107
0
1068592471
0
1072508415
2147483648
1069977779
0
1069963957
0
1071016632
3221225472
1071356995
3221225472
1071992726
2147483648
1072134412
3758096384
1068736564
0
1071791303
536870912
1070981198
1073741824
1072193852
0
1070915688
2147483648
1071088604
0
1072220362
2147483648
1071967526
2684354560
1068782954
0
1071960258
536870912
1071547645
2147483648
1072330116
3758096384
1072027115
3221225472
1072085796
3221225472
1069952629
2147483648
1072125987
3221225472
1072155753
3758096384
1072039703
1610612736
1065782752
0
1069436127
0
1071699642
0
1072578835
2684354560
1071084386
2147483648
1068747746
0
1071853585
1610612736
1072198205
2147483648
1072573461
3221225472
1072355798
2684354560
1071156114
0
1069574104
2147483648
1068295120
0
1072143235
1073741824
1071658915
2147483648
1071231016
1073741824
1070852198
1073741824
1067658436
0
1070707685
1073741824
1071781041
1610612736
1071179264
0
1068766473
0
1072444064
0
1070749419
0
1065701712
0
1072145673
536870912
1071118065
3221225472
1070317715
2147483648
1072269744
1073741824
1072472923
3758096384
1072171627
0
1069504966
0
1070667635
2147483648
1072070517
0
1071416007
0
1072424818
3758096384
1070946194
3221225472
1071834263
536870912
1072685407
1073741824
1070974284
3221225472
1071875036
3221225472
1072496208
2147483648
1072265551
0
1069998045
2147483648
1071474373
3221225472
1072537251
2147483648
1072086000
3221225472
1071826890
1610612736
1072026079
536870912
1068634182
0
1072044484
2147483648
1071165729
3221225472
1072530289
3758096384
1070223430
0
1072464507
3221225472
1067506598
0
1071595973
0
1072085567
1073741824
1068969987
0
1070743740
2147483648
1071527239
0
1072296158
0
1071176513
2147483648
1072486065
2684354560
1071768352
1073741824
1071601419
0
1071087099
3221225472
1070510218
0
1071461100
1073741824
1072693247
2684354560
4
