Uvec
2226355706
1072190974
3758096384
1072649511
2147483648
1071715553
536870912
1072543378
2684354560
1071035148
0
1072552062
1610612736
1072645266
0
1072369722
2147483648
1071683150
3758096384
1072053102
2147483648
1067610636
0
1072361945
2684354560
1071124753
3221225472
1072188946
3221225472
1070696637
2147483648
1072375872
3758096384
1069952990
0
1071630113
3221225472
1071690890
3758096384
1071428110
1073741824
1069906525
2147483648
1072584219
2147483648
1071115487
3221225472
1068684227
0
1071090112
1073741824
1071350672
1073741824
1069743982
0
1072524635
1073741824
1071899150
2684354560
1071401910
0
1072212810
3758096384
1069370883
0
1070176760
0
1069878826
0
1071509588
2147483648
1070616159
2147483648
1067673004
0
1072345310
0
1070233197
0
1072313653
0
1069578736
0
1071941690
0
1071897666
1073741824
1068578955
0
1070252952
0
1069540407
0
1071811118
3221225472
1071530708
3221225472
1072560557
2147483648
1070903399
2147483648
1069741705
2147483648
1071970112
2147483648
1070213520
2147483648
1065282592
0
1072088329
0
1069852310
0
1071939462
0
1068942701
0
1068713744
0
1071721384
536870912
1072606836
2684354560
1070355964
2147483648
1070534513
0
1071835742
536870912
1071173003
0
1068390990
0
1072126085
1073741824
1071150878
3221225472
1070498526
0
1072601255
2684354560
1071450908
0
1071825744
0
1070894467
0
1070640064
1073741824
1071870153
3221225472
1072189677
2147483648
1072268404
2684354560
1070276231
0
1071275447
2147483648
1071367415
3221225472
1070628948
0
1071007792
1073741824
1071915296
2684354560
1071531068
0
1070857771
3221225472
1072585887
2684354560
1070983830
3221225472
1070782940
2147483648
1071666699
3221225472
1070619661
1073741824
1071287654
1073741824
1071784635
3758096384
1072320627
3758096384
1072528695
1073741824
1071843614
1610612736
1068877144
0
1071098922
1073741824
1068561013
0
1071461100
1073741824
1072693247
2684354560
89
