Uvec
2226355706
1070686651
0
1071311513
0
1068913704
0
1070729026
1073741824
1072635706
1610612736
1070855134
2147483648
1072126173
3758096384
1071253696
3221225472
1071663401
2147483648
1070689521
1073741824
1072201181
536870912
1071118347
3221225472
1070431415
0
1071083926
2147483648
1070773980
2147483648
1071992778
536870912
1071139433
0
1071735141
3758096384
1072320720
1610612736
1072501025
0
1072018775
536870912
1072437375
0
1072350214
1073741824
1069805489
0
1069529898
0
1072303495
0
1072119527
1610612736
1069459404
0
1071622789
0
1071685434
0
1072413833
1073741824
1068923369
0
1072353359
536870912
1069497403
0
1072193971
3758096384
1071702208
536870912
1072668274
2147483648
1071751188
1610612736
1066903112
0
1072046755
1610612736
1072087794
0
1070913313
2147483648
1069765511
2147483648
1072088487
536870912
1072352627
1073741824
1072083705
0
1071786809
3221225472
1072433492
3221225472
1072083056
1073741824
1069947351
2147483648
1072575416
1073741824
1071886263
2684354560
1070691953
1073741824
1072653525
0
1072547892
536870912
1072529363
1073741824
1072550409
3758096384
1069582088
0
1071767223
3758096384
1070395308
2147483648
1071674665
0
1068962419
0
1070169714
2147483648
1071204577
1073741824
1070247548
2147483648
1072061700
2684354560
1071295838
3221225472
1068144968
0
1072015507
3221225472
1071046935
1073741824
1072263744
1073741824
1070807700
1073741824
1071795424
1073741824
1069385825
0
1070819644
3221225472
1071294148
1073741824
1067575986
0
1070841484
2147483648
1070743361
0
1071751562
536870912
1072580972
0
1072196049
1073741824
1067675928
0
1071859782
0
1070136771
0
1072361584
0
1068573786
0
1072470025
536870912
1072215987
1073741824
1071429324
2147483648
1069594948
2147483648
1068105726
0
1072214239
3758096384
1068792873
0
1072000116
3221225472
1069985320
2147483648
1072298928
3758096384
1071783451
536870912
1071461100
1073741824
1072693247
2684354560
32
