Uvec
2226355706
1071923477
3221225472
1072652118
3221225472
1071223929
0
1071647541
2684354560
1067470042
0
1070683345
2147483648
1072602588
3221225472
1072230078
3221225472
1072036071
1610612736
1068540251
0
1071494673
2147483648
1071660392
0
1071805204
1073741824
1069638702
0
1070912998
3221225472
1072615831
3221225472
1071559448
0
1067478756
0
1068453572
0
1071422781
3221225472
1072655360
3758096384
1068832051
0
1072128894
1073741824
1071967089
536870912
1070103437
2147483648
1072620016
3758096384
1072214373
2684354560
1070009142
2147483648
1070154591
2147483648
1072515766
2684354560
1070490391
2147483648
1071112633
3221225472
1072637539
3758096384
1072374627
2684354560
1065687080
0
1068734971
0
1071835581
2684354560
1072276720
1610612736
1072257477
1073741824
1070391229
2147483648
1071822616
1610612736
1071501943
1073741824
1071043995
1073741824
1071176942
1073741824
1072486514
1610612736
1069910546
0
1071775369
1610612736
1071220671
1073741824
1071295378
1073741824
1069989521
0
1072473593
1073741824
1071625860
3221225472
1072177178
0
1071413739
2147483648
1072194745
3221225472
1072098248
1073741824
1071817819
536870912
1071661499
2147483648
1071649918
3758096384
1072404269
3758096384
1071631760
0
1070743421
2147483648
1072250145
536870912
1072376656
0
1069925638
0
1068412596
0
1071218803
0
1072053562
1610612736
1071965048
536870912
1071946222
0
1072035244
2684354560
1071691214
1610612736
1067926712
0
1072042748
3221225472
1070796302
3221225472
1070662981
2147483648
1070792907
3221225472
1072186704
1073741824
1071000444
1073741824
1070532318
2147483648
1070675330
3221225472
1072010089
1073741824
1072605626
536870912
1072095211
0
1072455386
536870912
1065935032
0
1072314552
1073741824
1072291715
1073741824
1072379804
2147483648
1070425680
0
1068176578
0
1068799708
0
1072277972
3221225472
1072042790
3221225472
1071088326
2147483648
1072282710
0
1072104189
2684354560
1072046501
1073741824
1071461100
1073741824
1072693247
2684354560
17
