Uvec
2226355706
1071999558
2147483648
1070699121
2147483648
1072614039
3758096384
1072566277
1073741824
1067081048
0
1070991590
0
1071788186
3221225472
1072329875
536870912
1071760408
3221225472
1071704293
2684354560
1071040429
2147483648
1071847809
2684354560
1071781293
2147483648
1071819617
3221225472
1071659421
2147483648
1070921062
0
1072230372
1073741824
1071508567
2147483648
1070782948
2147483648
1072623594
3221225472
1072119979
3221225472
1072126982
1610612736
1072137069
0
1071594707
1073741824
1072062499
2684354560
1072180484
1073741824
1071837839
0
1072423597
1073741824
1072238285
2684354560
1071132435
3221225472
1066416292
0
1068842963
0
1070686608
0
1072032532
2684354560
1069957373
0
1071456409
0
1072025794
536870912
1071722184
2684354560
1070756608
3221225472
1067071096
0
1071840591
2684354560
1070792784
3221225472
1070413191
0
1069931191
2147483648
1072406656
1610612736
1072666778
1610612736
1072370829
0
1071807491
1610612736
1072185232
0
1072002098
1610612736
1072086930
1073741824
1071942914
2684354560
1071099660
3221225472
1067950986
0
1071544949
1073741824
1071801105
1073741824
1068796224
0
1070857758
3221225472
1072676037
536870912
1071949698
3221225472
1069627625
2147483648
1072394744
3758096384
1072010835
536870912
1070399428
0
1072054711
2147483648
1072284337
3758096384
1072102635
2684354560
1070709989
2147483648
1072503291
2147483648
1071753077
3221225472
1072592209
2684354560
1072193997
3221225472
1068665576
0
1070077203
2147483648
1072601341
1610612736
1070527002
0
1070759636
2147483648
1071944790
2147483648
1071908957
2684354560
1070975916
2147483648
1072629009
2147483648
1071746979
536870912
1072673007
2147483648
1072292820
536870912
1070965497
2147483648
1069844871
0
1072005753
2684354560
1072119159
3221225472
1072150933
2147483648
1071529795
1073741824
1071440036
1073741824
1072556400
0
1072638607
1073741824
1071577420
1073741824
1070401191
0
1071285638
0
1072251075
2147483648
1071162354
3221225472
1071461100
1073741824
1072693247
2684354560
65
