Uvec
2226355706
1072352976
3758096384
1071573226
0
1067727406
0
1072325492
2684354560
1071097339
3221225472
1072128395
2684354560
1071798916
0
1072203025
3221225472
1072635481
3221225472
1070513905
0
1071970188
2147483648
1067350136
0
1069277026
0
1071295842
2147483648
1071987874
2147483648
1070849264
2147483648
1072597036
1073741824
1069513520
0
1070605623
3221225472
1072510762
2684354560
1071947869
3758096384
1072351123
1610612736
1071999594
0
1071435197
3221225472
1071074106
0
1072000556
2147483648
1072662561
2147483648
1068062730
0
1072489800
2147483648
1072115664
3758096384
1072527460
536870912
1072232851
3221225472
1071737654
2147483648
1069945898
0
1070674354
1073741824
1068527648
0
1070816698
1073741824
1072681933
1610612736
1067431024
0
1070834568
2147483648
1070438381
0
1070964629
3221225472
1070093492
2147483648
1071956730
0
1072549047
3758096384
1071998723
3221225472
1071856224
0
1072302564
3758096384
1072392000
0
1067353960
0
1071246207
1073741824
1069741116
0
1072623176
3221225472
1071979951
3221225472
1072245321
2684354560
1072327293
3758096384
1072547499
0
1070740242
0
1071279782
0
1072490430
1610612736
1071664771
3758096384
1072378434
3221225472
1071424858
3221225472
1071436341
0
1071291168
1073741824
1071885686
2147483648
1071845164
1610612736
1068916460
0
1071003523
0
1069800067
0
1072106182
536870912
1072402638
1073741824
1069950650
0
1071822548
0
1070767411
3221225472
1068911783
0
1072504414
3221225472
1072210311
3221225472
1072306935
1610612736
1071729034
536870912
1072657274
0
1072263530
2147483648
1072194940
3758096384
1072064362
0
1071642807
2147483648
1071997826
536870912
1072383919
3758096384
1071960842
2684354560
1072549296
2684354560
1072379000
2147483648
1072257856
536870912
1072372429
1073741824
1072066225
2684354560
1072047775
1610612736
1070793829
3221225472
1072123564
1610612736
1071456173
0
1071411151
0
1071461100
1073741824
1072693247
2684354560
60
