Uvec
2226355706
1069243130
0
1071918158
2147483648
1067766106
0
1072144623
3221225472
1070423230
0
1072377890
3758096384
1069124376
0
1068582878
0
1071978092
0
1068585761
0
1072083819
3221225472
1072020332
536870912
1072046786
3758096384
1071505027
3221225472
1072019196
2684354560
1072518109
536870912
1071524470
0
1071677273
0
1072339554
1610612736
1071983824
1073741824
1063979712
0
1070241648
2147483648
1072253628
1610612736
1070939479
3221225472
1070791131
3221225472
1071511422
3221225472
1072433407
0
1070008213
0
1071744698
3221225472
1071291994
1073741824
1068495202
0
1070607533
0
1067711770
0
1071565701
3221225472
1072513995
3221225472
1071714217
3221225472
1072163657
536870912
1068224548
0
1072657605
2147483648
1071811853
3758096384
1069394370
0
1072323789
536870912
1072315694
2147483648
1068771577
0
1071651877
1073741824
1072684097
1073741824
1072130725
2684354560
1069071947
0
1072284343
3758096384
1072565750
3758096384
1069118540
0
1068640734
0
1072386405
0
1071956040
3758096384
1071898425
1073741824
1071331775
1073741824
1071765200
0
1072457440
1073741824
1071294857
3221225472
1072255144
3758096384
1072219319
3758096384
1070123771
0
1072275026
3758096384
1071125684
1073741824
1072492900
0
1070575106
2147483648
1069726695
2147483648
1070411960
0
1069533899
0
1069876275
0
1071780783
2684354560
1071280981
3221225472
1072141143
2147483648
1070755162
0
1072606054
0
1070679728
1073741824
1072086392
1610612736
1072628801
2684354560
1072025516
0
1069627813
0
1070581598
2147483648
1071030452
0
1072226410
3221225472
1071580306
2147483648
1068851270
0
1070491827
2147483648
1072496548
2147483648
1069832973
0
1069874410
0
1071907512
3221225472
1071749648
1073741824
1070114386
2147483648
1072015078
3221225472
1068245348
0
1069843009
2147483648
1072372402
2684354560
1069440219
0
1071270451
0
1071461100
1073741824
1072693247
2684354560
46
