Uvec
2226355706
1072625496
1610612736
1070864322
3221225472
1072615575
536870912
1070695482
2147483648
1071696877
2147483648
1072308665
536870912
1069712849
2147483648
1072575175
0
1072603457
3221225472
1070270621
0
1071515416
0
1070524052
0
1071808037
536870912
1071600934
3221225472
1068734769
0
1070035171
2147483648
1070571155
2147483648
1072177973
2684354560
1072394057
1073741824
1070532378
0
1072689053
536870912
1072617603
2684354560
1071794530
2684354560
1070635769
2147483648
1070519555
2147483648
1071785366
3758096384
1071930670
2147483648
1072123353
3221225472
1071146389
2147483648
1072146700
3758096384
1072270726
2684354560
1069195619
0
1072417950
3221225472
1070180247
2147483648
1071915396
2684354560
1070826630
1073741824
1072646902
2147483648
1059898880
0
1068827472
0
1072444680
3758096384
1071283918
0
1072298715
3758096384
1068802465
0
1071287938
1073741824
1072061382
2147483648
1071445185
2147483648
1071692264
536870912
1072689493
536870912
1072162834
1073741824
1071251641
2147483648
1072351643
3758096384
1071720850
3758096384
1071344140
0
1071881983
536870912
1071051526
3221225472
1071607237
2147483648
1070564509
0
1070332527
0
1070730583
0
1071190915
0
1072343939
3758096384
1072129496
2684354560
1071443221
3221225472
1071667623
536870912
1072304930
2684354560
1069792618
0
1071290918
0
1072140422
3221225472
1072641049
2147483648
1072375799
1073741824
1072566615
2684354560
1072685186
2684354560
1069783817
0
1071228881
0
1068872438
0
1066852188
0
1072635449
2147483648
1072284120
1610612736
1070031570
2147483648
1072555073
0
1071028967
3221225472
1071347328
3221225472
1072617877
1610612736
1069783218
2147483648
1069524326
0
1072004990
3758096384
1072653669
536870912
1069908085
0
1071945419
1073741824
1070515474
2147483648
1072286692
1610612736
1071088306
3221225472
1071753171
1610612736
1072003868
3221225472
1071173805
1073741824
1071851407
3221225472
1071402292
1073741824
1071289354
2147483648
1071461100
1073741824
1072693247
2684354560
22
