Uvec
2226355706
1069591850
0
1072260921
0
1070032555
0
1071202411
0
1072274346
1073741824
1072166011
0
1071754330
1610612736
1072002565
1610612736
1070845010
2147483648
1070243763
0
1072607818
1610612736
1071514634
2147483648
1072546200
536870912
1067732686
0
1070692071
3221225472
1071646011
0
1072511541
3758096384
1071872483
2147483648
1071534989
3221225472
1071242066
0
1071727919
2684354560
1070782330
0
1070509601
2147483648
1069437717
0
1069761871
2147483648
1071903127
2147483648
1070644440
3221225472
1071652811
3221225472
1071215820
0
1072042528
3758096384
1072569612
1073741824
1072163664
1610612736
1071969409
1073741824
1072181502
3221225472
1071996723
536870912
1069092237
0
1071692398
2147483648
1071785414
536870912
1071520606
3221225472
1071795685
1610612736
1071263456
3221225472
1070584798
2147483648
1070329743
2147483648
1072565362
3221225472
1072204647
2684354560
1072259211
2684354560
1072209183
2684354560
1071924377
0
1071821391
0
1071664086
2147483648
1067071244
0
1072464762
3221225472
1072118331
1073741824
1072103699
1610612736
1072249368
2147483648
1070284336
2147483648
1072610432
1073741824
1069730275
0
1072071596
2684354560
1072436904
2147483648
1071344672
3221225472
1071175127
3221225472
1071964412
2147483648
1069677984
2147483648
1072302633
3221225472
1071763537
3221225472
1072417776
1073741824
1071068280
1073741824
1069794701
0
1072553104
3221225472
1072502258
3758096384
1069129303
0
1070021539
0
1070637547
2147483648
1070917104
2147483648
1072120033
3221225472
1072620488
536870912
1070755145
1073741824
1069578470
2147483648
1071974670
1073741824
1070996556
1073741824
1072224653
1073741824
1072191940
1073741824
1066624600
0
1072552455
1610612736
1071082687
1073741824
1070800482
0
1072198364
1610612736
1068978638
0
1071758258
1610612736
1069145137
0
1072362414
3221225472
1069827980
2147483648
1071953995
2684354560
1071037245
0
1071961721
1073741824
1072668965
2684354560
1072597704
3221225472
1071461100
1073741824
1072693247
2684354560
38
