Uvec
2226355706
1072668580
3758096384
1071749887
1073741824
1070441537
0
1067841332
0
1072364494
2147483648
1070386749
2147483648
1072108369
3758096384
1069694036
2147483648
1072496210
2684354560
1070412353
2147483648
1072433894
2684354560
1069676416
0
1070625000
0
1070869853
2147483648
1072474587
2684354560
1072290276
536870912
1072453963
1610612736
1072630899
1610612736
1070741260
3221225472
1072614250
3758096384
1072559615
2684354560
1072385703
1610612736
1071858308
536870912
1071138925
0
1072247695
1073741824
1071221788
0
1071106082
2147483648
1071090696
3221225472
1071970127
3758096384
1070208972
0
1072319171
0
1067760162
0
1070445642
2147483648
1072099115
3758096384
1070396683
2147483648
1066808692
0
1071974913
1073741824
1066343424
0
1071510157
3221225472
1071474281
3221225472
1070253627
0
1069932502
2147483648
1071707749
536870912
1071884867
1073741824
1072612951
1073741824
1070913251
3221225472
1070236265
0
1071784690
1073741824
1071829780
3758096384
1072242301
1073741824
1069062542
0
1071898837
2147483648
1072562669
0
1070598219
2147483648
1071875199
0
1072075175
2147483648
1071701132
1610612736
1072214223
1073741824
1072001658
536870912
1072518159
2684354560
1070547075
0
1066837660
0
1071060289
1073741824
1072648500
1610612736
1071662001
1073741824
1072600779
1073741824
1072474030
2684354560
1072018967
1073741824
1072562893
1610612736
1069705176
2147483648
1070927228
1073741824
1071216450
0
1069920761
2147483648
1072359773
0
1070671295
1073741824
1071930366
2147483648
1068266416
0
1071483403
3221225472
1071962427
2684354560
1070805539
3221225472
1071218008
0
1071928191
0
1072323709
3221225472
1070609422
1073741824
1071047336
3221225472
1070543182
2147483648
1071663037
1610612736
1071537543
3221225472
1071840265
1610612736
1072690796
2684354560
1071649354
2684354560
1071960343
0
1072602239
3221225472
1067820702
0
1072215776
2147483648
1072216691
0
1069811315
2147483648
1068685396
0
1071461100
1073741824
1072693247
2684354560
66
