Uvec
2226355706
1072600928
2147483648
1071811558
3221225472
1071708375
3758096384
1072616530
2684354560
1070944543
1073741824
1072217574
2684354560
1071240045
0
1072410186
1610612736
1071726489
536870912
1072274016
1073741824
1072387625
536870912
1069267415
0
1071110619
1073741824
1072376911
2147483648
1068126842
0
1072451516
3221225472
1071852000
3758096384
1071317722
3221225472
1072437500
2684354560
1072356827
2147483648
1069005197
0
1065238608
0
1067312780
0
1071747334
2684354560
1070596549
0
1069968981
2147483648
1069896908
2147483648
1071655576
1073741824
1072091914
536870912
1068589341
0
1072281192
3758096384
1071969949
0
1069761471
2147483648
1070615391
3221225472
1071841875
1073741824
1071041279
2147483648
1070814471
2147483648
1072521262
1610612736
1072321818
0
1070059116
0
1069592550
2147483648
1070998225
2147483648
1071134077
2147483648
1072536080
536870912
1072024041
536870912
1070288684
0
1066770152
0
1071235675
3221225472
1070230456
0
1069459718
0
1071161430
2147483648
1071861623
0
1071006138
1073741824
1070097563
2147483648
1069633220
0
1071353497
1073741824
1072421092
1610612736
1070966837
0
1071665302
2684354560
1072127803
1073741824
1071784968
3758096384
1072076910
3221225472
1071375188
2147483648
1071984218
0
1071708537
3758096384
1072251786
1073741824
1071863232
3758096384
1070203475
0
1071895888
536870912
1072512848
536870912
1071775909
0
1071536224
2147483648
1071884254
2147483648
1071993817
3221225472
1068553842
0
1072067912
0
1072452596
3758096384
1069288867
0
1072312915
536870912
1072499263
0
1071063676
1073741824
1071741502
536870912
1071020713
3221225472
1071445330
0
1072160753
2147483648
1070902057
2147483648
1068628146
0
1069632521
2147483648
1070128317
0
1072510196
1073741824
1071301153
2147483648
1071956564
2147483648
1071618047
2147483648
1072657689
3758096384
1072588702
536870912
1070750909
2147483648
1071789547
1073741824
1069201933
0
1071461100
1073741824
1072693247
2684354560
24
