Uvec
2226355706
1072095993
0
1072097172
1073741824
1070935446
1073741824
1070927878
1073741824
1070670906
1073741824
1072445536
0
1068468450
0
1069857014
0
1072173879
0
1071510737
0
1072180541
1610612736
1072319408
0
1071525734
1073741824
1072290102
0
1071665946
1610612736
1070637479
0
1072318742
536870912
1071820927
3758096384
1071617971
0
1072341913
536870912
1071897980
3758096384
1071930978
1073741824
1071857569
0
1069969244
2147483648
1072093534
3758096384
1072436454
536870912
1070973057
0
1072235588
2684354560
1070722238
2147483648
1072635007
0
1072659668
3221225472
1071264600
3221225472
1071184868
1073741824
1069929450
0
1072441999
3221225472
1071172967
2147483648
1071642723
1073741824
1071781538
3221225472
1071115013
0
1071605329
3221225472
1071383355
1073741824
1072022726
3221225472
1070403719
2147483648
1072141467
536870912
1072673810
3758096384
1068602872
0
1072071090
1610612736
1072292787
536870912
1071836311
3221225472
1072661558
3758096384
1068517369
0
1072197005
2684354560
1071832991
2147483648
1070193050
0
1070925340
1073741824
1072629159
2684354560
1072481415
1610612736
1071834809
3221225472
1068809915
0
1069615840
2147483648
1071882984
2684354560
1069454780
0
1072384352
2684354560
1072396383
3221225472
1072420165
2147483648
1071043734
3221225472
1070110558
2147483648
1069753995
0
1071627240
2147483648
1070645149
2147483648
1069951473
0
1071849882
1610612736
1070086742
2147483648
1068212440
0
1069222753
0
1071520980
1073741824
1070096223
0
1072026776
3758096384
1070121776
2147483648
1070862974
2147483648
1071788686
1610612736
1070682885
0
1070299442
0
1070936081
2147483648
1072104487
2147483648
1071211230
3221225472
1071739161
536870912
1072179600
1610612736
1071641051
3221225472
1072180220
2147483648
1072277285
1610612736
1068765796
0
1072231927
536870912
1070659851
2147483648
1071951096
2684354560
1072629393
2684354560
1071747713
536870912
1071815549
2684354560
1071461100
1073741824
1072693247
2684354560
35
