Uvec
2226355706
1071480294
1073741824
1072306410
3758096384
1071642910
3221225472
1071583224
0
1071537037
1073741824
1072139709
2147483648
1072577216
2147483648
1066577104
0
1071669062
1610612736
1070344194
2147483648
1072543293
1610612736
1072492579
2684354560
1072467104
1610612736
1071286902
2147483648
1070577173
0
1072263444
0
1071899750
1610612736
1071168279
3221225472
1071746514
3758096384
1072506338
1073741824
1068105744
0
1072643609
0
1070641012
2147483648
1071433662
2147483648
1072577251
536870912
1068741585
0
1071248985
3221225472
1072061966
1610612736
1071540579
0
1071915725
3758096384
1067406856
0
1070261524
0
1070087728
0
1068477136
0
1071700508
536870912
1072080945
1073741824
1072050685
1073741824
1072407689
2684354560
1072044591
2684354560
1071895089
536870912
1071250445
1073741824
1071165864
2147483648
1072650314
3758096384
1067951176
0
1072531458
1073741824
1071371412
1073741824
1072531069
536870912
1065428968
0
1072459222
3221225472
1071957471
3221225472
1071558237
2147483648
1069306591
0
1072125951
3221225472
1072044032
2684354560
1071363184
3221225472
1071604787
0
1072444895
0
1070065224
2147483648
1069797489
0
1072410476
0
1072104953
0
1072203185
1610612736
1072151562
3221225472
1070091518
0
1071350700
1073741824
1070021623
2147483648
1069228101
0
1069869995
0
1072094193
536870912
1069465129
0
1071536939
1073741824
1072456907
536870912
1072545798
2147483648
1071499100
1073741824
1071086521
1073741824
1072601180
3758096384
1068833899
0
1072144248
1610612736
1071669745
2147483648
1070846503
2147483648
1071961287
0
1071347761
2147483648
1072127800
1610612736
1070722077
1073741824
1071290136
3221225472
1070716890
0
1069788468
0
1070667166
2147483648
1066141400
0
1071790809
3221225472
1070925622
3221225472
1072269048
3758096384
1072013588
0
1072585379
0
1068583814
0
1071320613
2147483648
1071835387
2684354560
1070728495
3221225472
1071461100
1073741824
1072693247
2684354560
91
