Uvec
2226355706
1069651916
0
1072181112
0
1072283325
1610612736
1071206415
3221225472
1072421283
3758096384
1069814832
2147483648
1072381651
536870912
1072201059
3221225472
1071739028
3758096384
1071596459
0
1072666965
1610612736
1066889896
0
1068948057
0
1071118122
3221225472
1069014783
0
1072398557
1073741824
1072633163
2147483648
1072261833
2147483648
1071016040
0
1072675697
0
1069261457
0
1071774168
536870912
1069987741
2147483648
1069510781
0
1070327181
0
1070544682
2147483648
1072625999
0
1070923878
0
1070750753
1073741824
1069595001
2147483648
1072327604
1610612736
1072493038
2684354560
1071759531
2147483648
1070630890
2147483648
1069896959
2147483648
1072477604
1073741824
1071928827
2147483648
1070643406
0
1070060100
2147483648
1071245817
0
1071979283
3221225472
1071840858
3758096384
1071392980
0
1071083924
0
1072101253
1073741824
1071350885
2147483648
1072060995
2684354560
1071879956
2147483648
1071608541
1073741824
1072355779
1073741824
1067236288
0
1072380210
2684354560
1072450548
1073741824
1072165672
2684354560
1068423418
0
1071348463
0
1071830293
1610612736
1072190091
2147483648
1071916887
3758096384
1071061514
3221225472
1071947986
0
1070459340
2147483648
1072319954
2147483648
1071823030
2147483648
1069869609
2147483648
1070695321
2147483648
1071582875
1073741824
1071806861
0
1067017076
0
1072124801
1610612736
1069896496
2147483648
1071171266
1073741824
1067489152
0
1072100141
3221225472
1072250871
2684354560
1072032855
2684354560
1068810879
0
1071685296
3758096384
1069801931
0
1071330552
0
1069310951
0
1067514762
0
1072348034
3758096384
1071286404
2147483648
1072633734
536870912
1072091712
3758096384
1071963564
3758096384
1071477534
3221225472
1069302899
0
1071759511
3758096384
1070812506
2147483648
1071704762
536870912
1071621553
1073741824
1072644881
1610612736
1072521081
3758096384
1072633780
0
1071610096
2147483648
1072421561
1073741824
1071461100
1073741824
1072693247
2684354560
62
