Uvec
2226355706
1070790721
1073741824
1072576512
536870912
1071268611
1073741824
1071015426
2147483648
1071814028
2684354560
1070075039
2147483648
1071080945
3221225472
1071989543
1073741824
1072316695
2147483648
1069460439
0
1071900905
3221225472
1067373640
0
1072687346
0
1071860093
2684354560
1069440856
0
1070844512
2147483648
1072139693
536870912
1069576747
0
1069846574
2147483648
1072299041
2684354560
1070371743
0
1071666346
3758096384
1072326893
2147483648
1072231289
2147483648
1070915401
1073741824
1072254082
2147483648
1071950637
1610612736
1070645218
2147483648
1071435877
0
1067976864
0
1071061154
2147483648
1071757663
0
1071823479
1073741824
1070596548
3221225472
1072649837
1610612736
1070461637
2147483648
1071789922
536870912
1072124085
2684354560
1071939518
1073741824
1072169313
2147483648
1071145725
0
1070556723
2147483648
1072516768
2684354560
1070247835
0
1070801563
0
1071282890
2147483648
1072470928
2147483648
1071721483
2147483648
1071935606
3758096384
1070193979
2147483648
1071472012
1073741824
1072477512
2684354560
1070998216
3221225472
1072369663
0
1070767148
1073741824
1070716053
0
1069626915
0
1071550222
0
1072098427
0
1072146034
0
1072013906
1610612736
1070708004
2147483648
1071726470
2684354560
1070210468
2147483648
1068516838
0
1072655944
3221225472
1072120660
1610612736
1072049006
1073741824
1072394329
1073741824
1072240054
3758096384
1072088346
2147483648
1071708861
536870912
1072414700
3758096384
1072610800
2684354560
1071324993
0
1070544059
2147483648
1071986672
1610612736
1071948450
2147483648
1069386305
0
1072226959
1610612736
1071717471
0
1071982477
536870912
1072298930
3221225472
1070568637
0
1072553061
1073741824
1072444565
2147483648
1071968861
2684354560
1069920202
2147483648
1072083040
1073741824
1072168738
0
1071979777
1073741824
1070767586
0
1071669746
0
1072141903
1610612736
1071846862
3221225472
1071844597
536870912
1072132369
3221225472
1070311460
0
1071461100
1073741824
1072693247
2684354560
17
