Uvec
2226355706
1071715925
2684354560
1072527613
2147483648
1068698928
0
1072161998
1610612736
1072557478
1610612736
1072480098
536870912
1071747246
2684354560
1070942656
1073741824
1070816792
1073741824
1071539648
2147483648
1072444527
1073741824
1069672746
2147483648
1072450018
0
1070931968
1073741824
1072037712
3758096384
1072241591
1073741824
1070860757
1073741824
1071432091
0
1072292185
0
1071290522
1073741824
1072255165
0
1066815144
0
1072012068
3758096384
1072561708
3758096384
1071257544
1073741824
1071895828
2684354560
1072656550
1610612736
1071005656
2147483648
1067724598
0
1069931341
0
1069093647
0
1067521902
0
1069046973
0
1072016117
3758096384
1068815690
0
1071114107
2147483648
1071001544
3221225472
1071647710
0
1072143743
0
1062432320
0
1071657978
2684354560
1067356364
0
1072378841
3758096384
1065785736
0
1072112516
536870912
1072058518
0
1068862108
0
1069858366
2147483648
1070893548
2147483648
1072240900
2684354560
1072235887
2147483648
1069302500
0
1071158505
3221225472
1069890046
0
1072589571
0
1070652006
2147483648
1072662594
1610612736
1072509658
0
1072312284
0
1071649199
3758096384
1069803131
2147483648
1071803724
0
1071645763
1610612736
1070229276
2147483648
1071676125
2147483648
1069082336
0
1065337680
0
1071543441
3221225472
1071978760
3758096384
1071047419
2147483648
1071341533
0
1072463144
2147483648
1072441665
536870912
1069827618
0
1071647325
2147483648
1069041292
0
1066476800
0
1072140620
2684354560
1071054663
3221225472
1068278928
0
1072013048
2147483648
1068704485
0
1071984984
0
1072004401
2684354560
1070415047
0
1071021947
0
1064392944
0
1070880328
0
1071942569
2147483648
1070871163
0
1069869185
0
1071054032
3221225472
1069582880
0
1072176391
3758096384
1071438049
2147483648
1071813090
1610612736
1071660331
1610612736
1071946250
0
1071461100
1073741824
1072693247
2684354560
7
