Uvec
2226355706
1071517301
3221225472
1072169773
3758096384
1071884577
1610612736
1070456983
2147483648
1072121426
0
1071160204
3221225472
1070350298
2147483648
1071950577
2147483648
1071264333
2147483648
1069842361
2147483648
1072055433
0
1069537295
0
1068246376
0
1071037034
1073741824
1071658846
3221225472
1070513763
2147483648
1069717131
2147483648
1069514733
0
1071490983
0
1071780308
3221225472
1070603867
1073741824
1072220051
0
1070293279
0
1070306761
2147483648
1072663792
0
1071940696
536870912
1072531841
536870912
1072415496
536870912
1072065984
2147483648
1072668521
2684354560
1072232959
536870912
1072397992
2147483648
1067936276
0
1070734098
1073741824
1068200984
0
1068621459
0
1071541246
1073741824
1072233944
1610612736
1070845160
0
1069543362
0
1072610111
2684354560
1071169448
1073741824
1072387484
0
1071803380
0
1071748248
0
1071646022
3758096384
1068557254
0
1070823897
0
1072168060
1610612736
1070908855
1073741824
1072540511
3758096384
1071720583
3758096384
1071265504
1073741824
1071340201
2147483648
1072059662
2684354560
1071269709
3221225472
1071976573
3758096384
1071265360
3221225472
1072111214
1610612736
1072596320
0
1069828584
2147483648
1068551346
0
1070896121
2147483648
1070750982
2147483648
1072547749
536870912
1071720063
3221225472
1070393522
0
1072463840
3221225472
1068813118
0
1070593014
0
1072029233
0
1072303040
2684354560
1072204845
536870912
1061792640
0
1072388768
1610612736
1071185506
1073741824
1071706731
1610612736
1071524719
3221225472
1071068807
0
1069975035
0
1072143979
3758096384
1072471488
3758096384
1071219424
0
1072186390
1073741824
1068651360
0
1072508320
1610612736
1071722818
2684354560
1072263252
3758096384
1071739517
3758096384
1072558361
3221225472
1071049020
1073741824
1066648992
0
1071754930
1073741824
1070812222
1073741824
1070103923
0
1072598094
3221225472
1072543669
1610612736
1070162976
2147483648
1071461100
1073741824
1072693247
2684354560
15
