Uvec
2226355706
1070386271
0
1069857467
2147483648
1071111684
1073741824
1071195793
3221225472
1070077177
2147483648
1068412656
0
1072117282
1610612736
1069062214
0
1071911941
3221225472
1072658099
2147483648
1070433943
0
1069791406
2147483648
1072211433
2684354560
1072306834
2147483648
1071849111
3221225472
1072256503
2147483648
1070204223
0
1069775178
0
1072539485
1073741824
1068568465
0
1072409879
0
1072046943
1073741824
1072440539
1610612736
1072154986
1073741824
1072225832
1610612736
1072485901
3758096384
1072460290
1610612736
1071971042
0
1072251013
2684354560
1072196680
1610612736
1072559533
3758096384
1070837627
3221225472
1069652879
2147483648
1071870305
1610612736
1072361036
2684354560
1068481480
0
1070073142
0
1071706224
536870912
1072182000
3221225472
1071990212
1610612736
1070701426
0
1072271903
0
1072280414
0
1070753174
2147483648
1072183540
3221225472
1068641023
0
1070786869
1073741824
1070524726
2147483648
1072478887
536870912
1070695569
2147483648
1068365326
0
1071097792
2147483648
1071851911
3221225472
1072161990
1073741824
1067933696
0
1072304573
536870912
1069318025
0
1070831549
1073741824
1070664587
0
1071900226
3221225472
1069413434
0
1072667330
0
1071922491
2147483648
1071206384
0
1070842916
1073741824
1070632698
2147483648
1072261559
536870912
1068172378
0
1070470173
2147483648
1071985252
2147483648
1072129247
3758096384
1070407142
0
1071333764
1073741824
1069859258
2147483648
1072134701
2684354560
1072437994
3221225472
1071419278
3221225472
1071953337
2147483648
1070352546
2147483648
1071606666
2147483648
1072544176
3758096384
1072368527
2684354560
1071008542
1073741824
1071860744
1610612736
1072382273
0
1070081673
2147483648
1072485785
0
1068271500
0
1072348421
3758096384
1072577276
0
1070111057
2147483648
1072682562
1610612736
1069429546
0
1071657505
0
1071498529
3221225472
1070876097
0
1071659140
3758096384
1069856484
2147483648
1071461100
1073741824
1072693247
2684354560
41
