Uvec
2226355706
1070525044
2147483648
1072435451
2147483648
1070113680
2147483648
1072106382
536870912
1069808662
2147483648
1071362624
1073741824
1067170140
0
1071709945
1610612736
1072099631
1073741824
1069913751
0
1072071963
1610612736
1070332348
0
1071477278
2147483648
1072136440
3758096384
1072289618
0
1068866361
0
1072087861
1073741824
1071381299
2147483648
1071780363
2684354560
1071533707
0
1072031331
1073741824
1066627852
0
1072157940
1073741824
1072575436
3758096384
1072689079
2147483648
1071994038
1073741824
1071458749
1073741824
1072018518
1073741824
1067619966
0
1071415891
2147483648
1069780941
2147483648
1072525406
0
1071323403
1073741824
1072339243
536870912
1070580344
2147483648
1070995699
3221225472
1072648191
3221225472
1072401036
3221225472
1071780464
536870912
1072171179
2684354560
1071398898
1073741824
1070627471
0
1070624493
1073741824
1069060863
0
1072116034
3758096384
1072142336
2684354560
1072331625
0
1071301403
2147483648
1068622750
0
1072094712
2684354560
1071754123
2147483648
1070051626
2147483648
1072652572
1073741824
1070607518
0
1070393746
2147483648
1071243326
2147483648
1069677360
0
1070167007
2147483648
1068720690
0
1072666241
0
1069685414
0
1070446578
0
1072580521
2147483648
1071943270
0
1069964650
0
1072410975
536870912
1072290716
1073741824
1070271325
0
1072413352
0
1067305704
0
1072146415
1073741824
1072312465
1073741824
1070726021
3221225472
1071696260
3221225472
1072499543
1610612736
1068444980
0
1069916956
0
1070708755
1073741824
1071315318
1073741824
1071574222
2147483648
1062311552
0
1070252033
0
1072034224
1073741824
1071988152
3221225472
1071536424
1073741824
1069553664
2147483648
1072454954
1073741824
1072045294
0
1071834552
3758096384
1072560686
0
1071617547
0
1069561642
2147483648
1072097645
0
1072203994
536870912
1071404611
0
1071767430
1073741824
1071075467
1073741824
1070449409
2147483648
1071461100
1073741824
1072693247
2684354560
23
