Uvec
2226355706
1071273091
3221225472
1070006794
2147483648
1071510066
3221225472
1072364806
3221225472
1071955249
3758096384
1071976329
536870912
1069832907
2147483648
1072079782
2684354560
1067778644
0
1070950656
2147483648
1071881349
3758096384
1068283574
0
1070959788
1073741824
1071748167
2147483648
1068916017
0
1072409875
3758096384
1072502355
536870912
1071760085
2684354560
1071267099
2147483648
1069478574
0
1071929943
2147483648
1072133235
2684354560
1072315221
536870912
1071922969
3758096384
1071222873
1073741824
1072446433
2684354560
1072047924
536870912
1072046441
0
1072262964
1073741824
1072026776
3221225472
1071769013
0
1071745842
2147483648
1072612938
1610612736
1072429408
2684354560
1068650234
0
1072439453
3758096384
1071881023
536870912
1071141426
2147483648
1072403956
1073741824
1072307247
2684354560
1067410188
0
1071176521
2147483648
1068712152
0
1072091516
1073741824
1072367449
3221225472
1071734143
3221225472
1070541338
0
1070557254
0
1071519771
3221225472
1070312377
0
1071230969
1073741824
1071502827
0
1071040111
1073741824
1072258651
2684354560
1072086972
1610612736
1070314892
0
1072245359
3758096384
1072603196
1073741824
1070316275
2147483648
1072605326
1610612736
1071987650
2147483648
1070786298
2147483648
1072258784
1610612736
1070923832
0
1071854349
1610612736
1069359123
0
1071837270
3221225472
1071688215
1073741824
1071247053
3221225472
1072344036
3221225472
1072072051
1610612736
1071751999
2684354560
1071748961
3221225472
1070756973
1073741824
1072560262
536870912
1072534897
536870912
1071756885
1073741824
1071536875
1073741824
1067694030
0
1072620808
2684354560
1072014596
2147483648
1067710040
0
1072207785
3221225472
1071857975
1073741824
1071885474
3758096384
1072582926
1610612736
1070652054
1073741824
1072664320
1610612736
1071462302
1073741824
1072540139
3758096384
1069940653
0
1071302864
0
1069868223
0
1071736957
3221225472
1068514786
0
1071641306
3221225472
1070165541
0
1069810654
2147483648
1071461100
1073741824
1072693247
2684354560
77
