Uvec
2226355706
1071779156
3221225472
1071518627
2147483648
1071779566
2147483648
1071042359
0
1071645537
2147483648
1071480014
0
1072383057
2684354560
1070379639
2147483648
1069969273
2147483648
1071669872
1073741824
1072003390
2684354560
1071958418
2147483648
1071648987
0
1072100123
3221225472
1071681208
1073741824
1071694386
3221225472
1069230435
0
1069626258
0
1072133959
3221225472
1072413526
3221225472
1072394248
2147483648
1072486043
3758096384
1071416793
2147483648
1071360296
3221225472
1070897469
1073741824
1069465116
0
1071638189
1073741824
1072225106
1073741824
1072488164
0
1069940369
2147483648
1070903889
0
1072024470
2684354560
1070437508
2147483648
1071204154
3221225472
1068878646
0
1072071399
1073741824
1072068192
1073741824
1072238069
1073741824
1072382975
3758096384
1071768044
3758096384
1070464630
2147483648
1069905841
2147483648
1071984304
2147483648
1072378842
3221225472
1070623923
1073741824
1071639319
2147483648
1071931318
2147483648
1072342306
3758096384
1070571035
0
1071590289
2147483648
1071954136
0
1071251363
3221225472
1072127092
3758096384
1072066906
2684354560
1070853040
1073741824
1069553748
2147483648
1069927065
2147483648
1070904565
3221225472
1071642270
1073741824
1068720294
0
1071813058
2684354560
1068024478
0
1072649972
3221225472
1071342005
0
1070081694
0
1070873766
3221225472
1072513484
1073741824
1069876854
0
1072542946
1073741824
1068414668
0
1071688075
2147483648
1070641948
2147483648
1071666636
536870912
1071569943
3221225472
1071968121
0
1072583200
2684354560
1071834687
0
1070932870
1073741824
1070866051
1073741824
1072468578
3758096384
1071896457
2684354560
1072134267
1610612736
1068620413
0
1070225967
0
1072366745
536870912
1071445511
0
1071674009
3221225472
1072262590
3221225472
1072175464
1610612736
1069247675
0
1071270228
0
1071754206
3221225472
1071665007
1073741824
1072648344
536870912
1072181549
0
1068947782
0
1070585853
2147483648
1070723886
2147483648
1071461100
1073741824
1072693247
2684354560
76
