Uvec
2226355706
1072345480
1073741824
1072473492
2147483648
1070840214
0
1072488157
2147483648
1072140861
3758096384
1069418395
0
1064270880
0
1071265780
2147483648
1071570864
1073741824
1068740582
0
1070627246
2147483648
1072178709
1073741824
1069967126
2147483648
1070211304
2147483648
1070278091
0
1072495234
2684354560
1067896934
0
1069082548
0
1072130122
0
1071649419
2684354560
1072548666
1610612736
1072653051
3221225472
1072281889
3758096384
1071931902
3758096384
1072149611
1073741824
1071571612
3221225472
1071749928
536870912
1071673302
1610612736
1071596873
0
1070642512
1073741824
1071290036
2147483648
1069141232
0
1072351602
2684354560
1072200693
3221225472
1071789115
2147483648
1071325384
2147483648
1070871714
3221225472
1072482869
536870912
1072159684
2147483648
1072670318
3758096384
1071939635
0
1072657564
536870912
1071069671
0
1070940285
3221225472
1072265122
2147483648
1072679410
1610612736
1072316063
536870912
1072479555
2684354560
1071149020
0
1070658855
3221225472
1072180652
536870912
1072660929
3758096384
1070612963
0
1072545863
3221225472
1070476085
2147483648
1072156681
3221225472
1072304522
0
1070045327
2147483648
1070284352
0
1070645011
0
1072242381
536870912
1066041864
0
1071535888
1073741824
1072143837
1610612736
1070981822
1073741824
1069828826
2147483648
1072175270
2147483648
1067888948
0
1072150266
536870912
1071875917
3758096384
1071527670
1073741824
1070914519
3221225472
1066108096
0
1071989855
1610612736
1071606578
0
1072187181
2147483648
1071136101
3221225472
1071881548
2684354560
1071282813
3221225472
1070034336
0
1072202913
1073741824
1071414809
2147483648
1071680928
0
1072521360
1073741824
1070987015
2147483648
1071627934
3221225472
1069155472
0
1071748864
2684354560
1069930627
0
1072008980
3758096384
1071237620
2147483648
1068138628
0
1070457047
2147483648
1072062653
536870912
1072106475
1610612736
1072079272
3758096384
1071790412
1610612736
1071246784
0
1071461100
1073741824
1072693247
2684354560
62
