Uvec
2226355706
1069577705
0
1072109828
1610612736
1070236163
2147483648
1068651065
0
1072170754
3221225472
1070254005
2147483648
1071864569
3758096384
1072216554
2147483648
1071239716
1073741824
1071063923
1073741824
1072354237
3758096384
1070499506
0
1067695028
0
1069787339
0
1071907580
3221225472
1071444619
2147483648
1070631145
2147483648
1072172646
3758096384
1072140975
0
1065163008
0
1072275247
2147483648
1070212230
0
1072682507
3758096384
1072136432
3221225472
1071650157
3221225472
1070956254
3221225472
1072042692
1610612736
1065643880
0
1072311575
2684354560
1068632003
0
1070693983
2147483648
1071818094
3221225472
1072385355
2684354560
1072644253
3221225472
1072064918
2684354560
1072643543
0
1066775236
0
1071325846
1073741824
1070057686
2147483648
1072237667
3758096384
1069287583
0
1068239312
0
1070975713
2147483648
1069280247
0
1072256398
536870912
1071628634
2147483648
1070082188
0
1069121078
0
1072625449
3221225472
1069651477
0
1072380910
3758096384
1071570967
1073741824
1065709104
0
1065170960
0
1072256634
1073741824
1072044519
1073741824
1072540965
3758096384
1070956900
0
1068545135
0
1070958101
1073741824
1071097662
0
1070972748
3221225472
1071842408
1073741824
1072496650
3221225472
1072145056
2147483648
1072057368
2684354560
1071653891
0
1070664827
0
1071841049
1073741824
1072452689
3758096384
1069990119
2147483648
1068625354
0
1071705437
1610612736
1071423620
2147483648
1072541579
2684354560
1072551932
2147483648
1070621499
1073741824
1072656436
0
1071939299
1073741824
1070729281
1073741824
1071038301
0
1071664584
3221225472
1071293955
3221225472
1071279981
3221225472
1070672813
1073741824
1070083653
0
1068828009
0
1068892914
0
1071925302
1610612736
1069328072
0
1071714261
2147483648
1069887928
0
1072045693
0
1070216365
2147483648
1072502112
1073741824
1072647317
3221225472
1069349937
0
1072305370
0
1071461100
1073741824
1072693247
2684354560
84
