Uvec
2226355706
1071524302
1073741824
1072253218
3758096384
1069023621
0
1070928245
0
1071282689
2147483648
1072252787
1073741824
1071948563
1073741824
1072244321
3758096384
1067989214
0
1071514055
0
1072186713
3221225472
1071687395
3758096384
1068698034
0
1071131429
3221225472
1072563682
1610612736
1065113552
0
1071110288
1073741824
1071659799
1073741824
1072668503
0
1072650082
2684354560
1071198893
0
1071745522
3221225472
1070197290
0
1071535216
1073741824
1072523936
2147483648
1070672235
3221225472
1071788469
3758096384
1072608176
3758096384
1071992208
3758096384
1071088256
2147483648
1069980058
2147483648
1071816869
0
1071408339
0
1068769554
0
1072180475
1073741824
1072463153
3221225472
1070973033
2147483648
1071859320
1073741824
1070860477
3221225472
1070333637
2147483648
1072153791
2684354560
1070218521
2147483648
1072546849
1073741824
1071794577
2684354560
1072415696
536870912
1072355425
1073741824
1070216534
2147483648
1071855859
3758096384
1072208472
536870912
1071139182
0
1070920060
2147483648
1069691908
2147483648
1071962669
0
1070119254
0
1072442969
0
1071384035
3221225472
1071903196
3758096384
1069783696
2147483648
1072517700
1073741824
1072382335
2147483648
1067220744
0
1068786470
0
1067494170
0
1072219768
2684354560
1070055589
2147483648
1071233343
2147483648
1071814877
1073741824
1071910226
1073741824
1071680962
1073741824
1071672279
0
1072524601
2684354560
1069653375
0
1068022482
0
1071475310
1073741824
1072216938
3758096384
1072211393
3221225472
1065036464
0
1071433289
2147483648
1072416258
2684354560
1066809928
0
1067408412
0
1069634972
0
1072124368
1610612736
1070914803
0
1070890829
2147483648
1071132149
0
1071530490
0
1070442362
0
1072619674
3221225472
1071631454
1073741824
1067291820
0
1072231696
536870912
1072186741
0
1069406563
0
1071715956
0
1070296947
0
1072314498
3221225472
1065415072
0
1071461100
1073741824
1072693247
2684354560
0
