Uvec
2226355706
1072301624
2147483648
1068804317
0
1072361181
3758096384
1072635486
2684354560
1070944865
3221225472
1070739676
2147483648
1070816328
1073741824
1072174387
3758096384
1072042132
1610612736
1072564562
1610612736
1072589198
1610612736
1072240130
3221225472
1070516290
2147483648
1071796858
2147483648
1072453329
3221225472
1070289761
0
1069276526
0
1070887374
0
1070277847
0
1071066019
3221225472
1070934137
3221225472
1072578296
2684354560
1072644099
3758096384
1071043243
0
1070246663
2147483648
1071844797
3221225472
1072235768
1610612736
1071721082
2684354560
1072111821
1610612736
1071753529
3221225472
1072150144
3758096384
1071829294
3221225472
1069969152
0
1072662599
0
1069661729
0
1071704575
536870912
1071957373
0
1072354139
1610612736
1071806113
3221225472
1070425155
0
1070764489
1073741824
1072523220
1610612736
1071761581
2147483648
1072333195
536870912
1072337381
1073741824
1072124567
3758096384
1072052698
536870912
1071084226
3221225472
1070188445
0
1070911190
1073741824
1070721548
0
1071807338
1610612736
1071584751
3221225472
1071803656
3221225472
1071952169
0
1071900683
1610612736
1070855822
3221225472
1072092478
1610612736
1071517126
2147483648
1068848804
0
1069006933
0
1072436267
3221225472
1072194570
2684354560
1070538810
2147483648
1069936602
0
1071428155
2147483648
1071632157
2147483648
1072420298
1610612736
1067617096
0
1072318127
3221225472
1072488314
1073741824
1072067288
3221225472
1072216051
3221225472
1069774060
0
1071092807
1073741824
1069629101
0
1072501241
2684354560
1072120014
0
1071701787
3758096384
1070695140
1073741824
1072023049
1610612736
1069081046
0
1071966384
2684354560
1072659351
2147483648
1071910987
536870912
1071736061
1073741824
1070784467
3221225472
1071118267
2147483648
1070616978
1073741824
1070421738
2147483648
1072139157
3758096384
1072339256
3221225472
1071817870
3758096384
1068838455
0
1071520712
3221225472
1071911533
2147483648
1072508867
0
1071967246
1073741824
1071461100
1073741824
1072693247
2684354560
20
