Uvec
2226355706
1072359142
2147483648
1072055925
3221225472
1072515144
2147483648
1071712665
1073741824
1070599280
1073741824
1067140244
0
1072427061
3758096384
1071237448
1073741824
1065400648
0
1072156393
1073741824
1071693068
0
1070739335
2147483648
1072434601
536870912
1071982613
3758096384
1072584673
1073741824
1072631739
3758096384
1072343767
3221225472
1064668224
0
1070204875
2147483648
1069921106
0
1067461096
0
1071872544
1073741824
1072299484
0
1071288669
0
1071182997
3221225472
1072373365
2147483648
1071450785
0
1071725889
2147483648
1072618033
1610612736
1067963268
0
1070191564
2147483648
1072314995
3221225472
1071993164
3221225472
1070282627
0
1069753730
2147483648
1070531186
0
1071074633
0
1071836346
2684354560
1071456185
3221225472
1072095642
2684354560
1070816919
3221225472
1070668638
3221225472
1071400068
2147483648
1071084502
0
1072452175
536870912
1072608211
1073741824
1072312819
1610612736
1070905819
2147483648
1072124040
1073741824
1067558628
0
1069515278
0
1071655516
2684354560
1072609136
3758096384
1070446755
0
1072013488
3758096384
1072657399
0
1068243652
0
1071573175
0
1070692428
0
1066783832
0
1071779203
536870912
1072266797
3758096384
1071717601
2684354560
1071117668
1073741824
1071982061
536870912
1072330497
1073741824
1072409333
3758096384
1068663376
0
1071505102
2147483648
1071815824
1610612736
1072378795
3221225472
1072139346
2147483648
1071992508
0
1072227445
2684354560
1071723397
2147483648
1071364993
1073741824
1068184890
0
1070738888
1073741824
1071122509
1073741824
1072428057
536870912
1071739100
0
1072373549
536870912
1069773576
0
1070606157
2147483648
1069286611
0
1069846013
0
1068553858
0
1070700081
0
1071997188
2147483648
1069038744
0
1072686801
3758096384
1071065427
2147483648
1071047649
0
1072335769
0
1072439149
0
1071047144
3221225472
1071023606
0
1072309810
2147483648
1071461100
1073741824
1072693247
2684354560
25
