Uvec
2226355706
1068855027
0
1071785259
3758096384
1066680580
0
1072545469
3221225472
1071945239
536870912
1072204854
0
1071837004
1610612736
1071255338
3221225472
1072594875
2147483648
1071317890
3221225472
1071704808
3758096384
1070452203
0
1072593558
3221225472
1071820398
1610612736
1071801826
3758096384
1071929888
2684354560
1072627348
2147483648
1071879598
1073741824
1071419786
2147483648
1072220185
2684354560
1071059580
0
1072258441
0
1069425841
0
1072516487
536870912
1071825397
3221225472
1071460477
1073741824
1071641538
2147483648
1071831211
2684354560
1070788435
0
1072668967
2147483648
1070337722
2147483648
1072078162
1610612736
1071489758
1073741824
1071829245
2684354560
1071950392
1073741824
1072169834
3221225472
1072277124
2147483648
1068691288
0
1070954445
3221225472
1071261017
3221225472
1072403261
3758096384
1072193093
1610612736
1071569345
1073741824
1072534529
2147483648
1071486925
3221225472
1071085284
0
1072074137
2147483648
1071877150
1073741824
1070047911
2147483648
1069682875
0
1070747028
2147483648
1071678094
0
1070858542
1073741824
1072420317
1073741824
1072607572
1073741824
1072519908
2684354560
1069641243
0
1070897091
2147483648
1066373288
0
1072305267
1073741824
1071927859
2147483648
1067899776
0
1071223964
0
1070913118
3221225472
1072235340
1610612736
1070701594
3221225472
1071096032
0
1072376244
3221225472
1072010274
0
1070456021
2147483648
1072598856
0
1072159334
3221225472
1071806248
2684354560
1069207718
0
1071605082
0
1071073006
1073741824
1071590028
0
1071403081
2147483648
1072654661
3758096384
1071330407
3221225472
1062290816
0
1070037832
2147483648
1068075602
0
1069324541
0
1070753804
1073741824
1072502448
0
1069895297
0
1071751746
1073741824
1072148141
536870912
1072584869
3758096384
1072145496
1073741824
1068717606
0
1071996412
3221225472
1071927885
1073741824
1071330774
3221225472
1072137336
1073741824
1072451531
1610612736
1071938382
1610612736
1071461100
1073741824
1072693247
2684354560
92
