Uvec
2226355706
1070174442
0
1069795136
2147483648
1065574736
0
1072461194
1610612736
1071029033
0
1070995865
3221225472
1071375579
3221225472
1067624946
0
1072169396
2684354560
1072511396
536870912
1071577263
0
1071087616
1073741824
1071728449
1073741824
1070584486
2147483648
1071715907
1073741824
1072491121
3221225472
1072433771
1073741824
1068961414
0
1071184533
0
1071391169
0
1072410941
1610612736
1071815140
1073741824
1071575297
2147483648
1072201596
2684354560
1068204848
0
1071805842
0
1071181728
1073741824
1072323286
2684354560
1072504235
3758096384
1070818858
0
1068907986
0
1070228088
0
1071856443
2147483648
1072468779
2147483648
1072139377
0
1071411878
2147483648
1064808416
0
1067417240
0
1071286433
2147483648
1072043752
1073741824
1068593428
0
1072512239
2147483648
1071207418
2147483648
1071041684
2147483648
1072222315
2147483648
1072154360
536870912
1069675432
2147483648
1072609885
2147483648
1069945981
0
1072121812
3758096384
1065084992
0
1071545449
0
1070744979
1073741824
1072256936
3221225472
1072205713
2147483648
1071507292
2147483648
1066907764
0
1072568969
1073741824
1072284412
2147483648
1070414274
2147483648
1071261947
1073741824
1071663706
536870912
1072185684
536870912
1071230958
2147483648
1072375796
1610612736
1068043300
0
1071757087
536870912
1067961968
0
1071514523
3221225472
1072156674
1610612736
1070924359
3221225472
1066649444
0
1071731865
3221225472
1070258607
2147483648
1067708940
0
1072610253
2684354560
1069148112
0
1068106590
0
1072404295
2147483648
1072530828
2147483648
1071534707
0
1072275197
3758096384
1071791974
0
1071890508
0
1071477853
0
1065416296
0
1071079376
1073741824
1072380825
3221225472
1071703237
1610612736
1068240466
0
1071473015
3221225472
1071866177
2684354560
1072149146
0
1070608704
1073741824
1072183479
3758096384
1071876040
0
1072020601
3221225472
1071816333
0
1071461100
1073741824
1072693247
2684354560
87
