Uvec
2226355706
1071146535
1073741824
1068245734
0
1071735744
0
1072234758
3758096384
1072618422
3221225472
1072619992
2684354560
1071790392
1610612736
1071159666
1073741824
1071935518
3221225472
1071692583
2147483648
1071917910
536870912
1067207968
0
1071392152
1073741824
1072472143
0
1072546675
2684354560
1071847209
536870912
1070261710
2147483648
1063415904
0
1072352820
1073741824
1071675492
536870912
1071885704
1610612736
1071865745
1610612736
1071997614
2684354560
1072267901
2684354560
1071651139
2147483648
1070671984
2147483648
1067737892
0
1069376946
0
1070680453
1073741824
1071809047
0
1071651916
1073741824
1072680289
0
1071310632
2147483648
1070385449
0
1072224679
536870912
1072442483
2684354560
1070971755
3221225472
1071070939
0
1069684811
0
1066937668
0
1071786205
2684354560
1072279743
2147483648
1071036738
3221225472
1072502126
3758096384
1071125505
2147483648
1070165196
0
1072018199
3758096384
1069685936
2147483648
1069867168
0
1072362091
2684354560
1072114666
2147483648
1072624699
1073741824
1072656447
2684354560
1071857781
1073741824
1071148537
2147483648
1072343344
1610612736
1067869560
0
1069589568
0
1072172674
2684354560
1072550024
3758096384
1069269481
0
1071468915
0
1070656961
1073741824
1072443858
0
1071018493
1073741824
1071141497
1073741824
1069973699
2147483648
1064400128
0
1068895936
0
1071655459
3758096384
1070917038
1073741824
1070451797
0
1068353966
0
1071640504
2147483648
1071721010
3758096384
1070923613
0
1070133510
0
1072033554
1610612736
1072209037
0
1072061374
2147483648
1071092968
0
1072631686
2147483648
1072189346
0
1072515486
1610612736
1068939530
0
1071680216
1610612736
1072089006
536870912
1070889760
3221225472
1072479548
1073741824
1071963472
2147483648
1071741082
1610612736
1070804786
0
1070284540
0
1071724826
1610612736
1072384291
3221225472
1071826049
3758096384
1072437156
0
1071305769
1073741824
1071461100
1073741824
1072693247
2684354560
36
