Uvec
2226355706
1072436918
3758096384
1071217728
3221225472
1069262684
0
1072315854
2147483648
1071978123
1610612736
1072289822
3758096384
1070169441
2147483648
1069884713
2147483648
1072100206
0
1072642219
1073741824
1072424094
1073741824
1072384012
3758096384
1072540396
536870912
1071511467
2147483648
1070731994
1073741824
1071018466
1073741824
1072149156
3758096384
1072298918
2684354560
1071936144
3221225472
1072608429
3758096384
1071619802
0
1071328770
1073741824
1071324602
0
1071546002
0
1071472978
0
1070613312
3221225472
1072172926
2147483648
1072392623
2684354560
1072123612
2684354560
1071265854
3221225472
1071706289
1073741824
1071585944
3221225472
1070391682
2147483648
1072093680
1610612736
1071788264
2147483648
1066625644
0
1072133136
1610612736
1070883960
3221225472
1069626399
2147483648
1069315828
0
1072075340
1610612736
1071569343
0
1072104924
3758096384
1070363639
2147483648
1072185031
0
1071161865
1073741824
1070642894
0
1072273162
1610612736
1070679670
1073741824
1072218769
1073741824
1071842641
2684354560
1070002782
2147483648
1071355703
1073741824
1071280497
3221225472
1072059747
0
1072472074
2147483648
1072338849
0
1071099761
3221225472
1066881592
0
1071310256
1073741824
1072044064
2684354560
1072004234
1073741824
1070928404
2147483648
1071872093
1610612736
1072478748
0
1071209375
0
1072502093
1610612736
1068911690
0
1069820364
0
1071210643
3221225472
1072106465
536870912
1071594502
1073741824
1068960932
0
1072238552
1073741824
1068777115
0
1070085851
0
1070251736
2147483648
1072613032
1610612736
1071655710
1073741824
1071802291
2147483648
1065384520
0
1072493501
3758096384
1060271104
0
1069545429
0
1070572034
0
1071704717
3758096384
1071456761
0
1072301612
1073741824
1070627530
3221225472
1072203110
0
1072621625
0
1072337479
3221225472
1072191596
536870912
1072631268
1073741824
1072604742
536870912
1069111974
0
1072563651
536870912
1070753612
3221225472
1071461100
1073741824
1072693247
2684354560
49
