Uvec
2226355706
1072658600
3758096384
1071786687
536870912
1072190311
3758096384
1069544353
0
1072236505
536870912
1068012378
0
1072108793
536870912
1071799829
2147483648
1070885764
2147483648
1071223890
2147483648
1072448800
536870912
1072483705
536870912
1070695877
0
1072134656
2147483648
1066610516
0
1070730507
3221225472
1069584423
2147483648
1070890170
2147483648
1070782073
1073741824
1071972404
1073741824
1071374472
3221225472
1072281130
1073741824
1070991892
3221225472
1071679275
3758096384
1068156532
0
1070576130
2147483648
1071217218
2147483648
1072322857
1073741824
1072187759
536870912
1070461526
2147483648
1071989141
1073741824
1069755906
0
1071754324
2147483648
1072253363
1610612736
1070942653
1073741824
1071722186
1610612736
1071343327
0
1071709079
536870912
1067739872
0
1070604460
3221225472
1069910199
2147483648
1072288772
2684354560
1071227654
1073741824
1071936893
1073741824
1071915314
3758096384
1071402282
1073741824
1070735928
0
1072562365
3758096384
1071795917
0
1071988170
536870912
1070969868
3221225472
1072546395
0
1071083679
1073741824
1072060407
536870912
1070094270
0
1072682081
2147483648
1070041579
0
1072392161
1610612736
1069037501
0
1070280205
2147483648
1071692958
3758096384
1072607137
0
1071434658
1073741824
1067504294
0
1070996011
3221225472
1070712654
3221225472
1070699570
1073741824
1072523899
536870912
1072486409
2147483648
1072468879
3221225472
1071849933
2147483648
1071679090
3221225472
1068704824
0
1069789428
0
1071335111
1073741824
1071922598
0
1071807733
3758096384
1071719981
3758096384
1072152833
2147483648
1071688303
3758096384
1071881934
0
1070733307
0
1072618083
1073741824
1068752447
0
1072335003
3221225472
1070155281
2147483648
1071949457
2684354560
1070686584
1073741824
1070460019
0
1071962935
2684354560
1072621034
1073741824
1070648967
1073741824
1071467087
0
1071163276
1073741824
1071663116
536870912
1071042488
1073741824
1071190693
2147483648
1072077980
1073741824
1071461100
1073741824
1072693247
2684354560
81
