Uvec
2226355706
1070144998
2147483648
1067748334
0
1072329745
2684354560
1070575793
0
1072116955
3758096384
1072159529
536870912
1071386835
1073741824
1066333600
0
1067822840
0
1069031062
0
1072635218
0
1072528745
1610612736
1072566133
2147483648
1069956397
0
1072039664
2684354560
1072287085
2147483648
1072172596
1073741824
1069308857
0
1070692879
0
1069903501
0
1071140349
1073741824
1069623146
2147483648
1071878776
2684354560
1068615017
0
1068944838
0
1068989050
0
1068885483
0
1072204175
2147483648
1069201912
0
1069870057
0
1071969461
2684354560
1071779658
1610612736
1071995758
1610612736
1072575584
3758096384
1071475724
3221225472
1070362532
0
1069715646
0
1071773090
3221225472
1071774150
3758096384
1069967243
0
1071834170
536870912
1072575693
2684354560
1072668407
1610612736
1072583848
3758096384
1071923069
3221225472
1070240040
2147483648
1070852303
1073741824
1071219257
1073741824
1069921107
2147483648
1072501636
2684354560
1072134817
0
1072145469
2684354560
1072513048
2147483648
1070971695
2147483648
1068564712
0
1068698333
0
1072034550
1610612736
1072280198
0
1071125460
1073741824
1069839993
2147483648
1070412346
0
1068873256
0
1071818184
3221225472
1072128542
3221225472
1071928706
2684354560
1071977249
0
1071827353
1610612736
1070427953
2147483648
1072046601
0
1072413588
3221225472
1071769317
3758096384
1070640819
2147483648
1071788699
1073741824
1072656077
2147483648
1072500508
1073741824
1071705989
0
1069376638
0
1070040994
2147483648
1072500198
1073741824
1071630303
1073741824
1070760675
2147483648
1072317249
2147483648
1070033364
0
1069777407
2147483648
1068989577
0
1066515888
0
1070657080
3221225472
1072120443
2147483648
1072395056
3758096384
1066936080
0
1069339476
0
1070690696
1073741824
1071268798
2147483648
1072002314
1073741824
1072392726
3758096384
1072492492
2684354560
1071807470
1610612736
1071238087
2147483648
1071461100
1073741824
1072693247
2684354560
87
