Uvec
2226355706
1069194403
0
1070062247
0
1064478448
0
1067882728
0
1070909591
1073741824
1071448606
0
1072377455
0
1071749322
0
1069059568
0
1070999632
3221225472
1070889356
3221225472
1070743879
2147483648
1070525181
2147483648
1068421500
0
1070423682
0
1071642761
0
1069291402
0
1072032908
3221225472
1071067258
2147483648
1070293419
2147483648
1069928623
0
1072473148
3758096384
1070289017
2147483648
1069737609
2147483648
1070299503
2147483648
1070991342
2147483648
1068778394
0
1070591432
0
1072235936
2147483648
1072307030
1610612736
1072616092
2147483648
1072046465
0
1071305694
0
1072552320
1073741824
1071190061
2147483648
1071711292
536870912
1072482308
1610612736
1071868919
536870912
1071273654
3221225472
1069999185
0
1071891656
0
1068763548
0
1070743145
0
1066962824
0
1071058342
0
1072641332
3758096384
1070516139
0
1069106488
0
1071956291
3758096384
1072053160
3221225472
1072149164
3758096384
1072151059
3221225472
1070474288
0
1071510729
2147483648
1071860300
0
1071742711
3221225472
1067566848
0
1072118121
1073741824
1072392231
3221225472
1071244392
0
1072522199
1073741824
1071996987
2684354560
1070966799
2147483648
1072200550
2147483648
1072346983
2684354560
1070903643
0
1070435880
0
1071971842
3221225472
1071157940
1073741824
1072139094
1073741824
1072223180
1610612736
1071785528
0
1072408481
1073741824
1072004158
536870912
1070144289
0
1071108889
3221225472
1072197279
3758096384
1072094833
0
1071919781
3221225472
1072544288
3758096384
1070174544
0
1072093281
2147483648
1072348206
1610612736
1071838651
536870912
1069934628
0
1072357213
2147483648
1072137149
1073741824
1071926652
2147483648
1070793971
0
1071838708
1073741824
1068856628
0
1069930683
2147483648
1070898114
0
1068027310
0
1071336884
0
1070845899
2147483648
1068984392
0
1072379879
3758096384
1071461100
1073741824
1072693247
2684354560
95
