Uvec
2226355706
1071851463
2684354560
1070341189
0
1072388323
2684354560
1068469196
0
1070931784
0
1072106979
3221225472
1071378108
3221225472
1072530642
3758096384
1070942169
1073741824
1071831649
3221225472
1070618399
2147483648
1072242345
2684354560
1072634826
536870912
1071470882
3221225472
1072394936
0
1069915008
2147483648
1071619337
0
1070713757
0
1068281956
0
1071881800
1073741824
1071993077
0
1072163296
1073741824
1072580675
3221225472
1070493294
0
1072357382
0
1071337192
0
1071393921
1073741824
1071646043
3221225472
1072052248
3758096384
1069584270
0
1071510702
1073741824
1071640488
3221225472
1071648890
3221225472
1067615694
0
1071663627
1073741824
1072194811
1073741824
1072657023
1610612736
1071957312
1610612736
1071945445
2147483648
1072056727
1610612736
1070053519
0
1069748691
0
1072121263
536870912
1071652457
2684354560
1071976511
1073741824
1070458840
0
1066716836
0
1071235953
2147483648
1071104468
2147483648
1066748056
0
1071830065
2684354560
1072512878
1610612736
1071802946
1073741824
1069995534
0
1070075446
0
1071402512
0
1072288026
2684354560
1071647683
3758096384
1071026572
0
1069147974
0
1069729002
0
1068832897
0
1072335865
1073741824
1070608766
0
1072609144
0
1071647862
0
1071707607
0
1070925627
3221225472
1070023217
0
1071792384
3758096384
1071365899
2147483648
1071172404
2147483648
1072268529
0
1072025745
1073741824
1071756799
536870912
1072301366
1073741824
1067452320
0
1072653722
3221225472
1070757538
1073741824
1072299872
3221225472
1071991005
0
1072496454
3221225472
1070900070
1073741824
1072637506
3221225472
1069785775
0
1071997383
536870912
1070116630
0
1071185666
1073741824
1070155730
2147483648
1071528265
0
1072614217
0
1072502864
3758096384
1072115200
2147483648
1071552712
2147483648
1070877422
1073741824
1072007800
536870912
1071075652
3221225472
1071645196
2684354560
1071461100
1073741824
1072693247
2684354560
49
