Uvec
2226355706
1071303695
0
1069571217
0
1069959424
0
1069554345
2147483648
1072580376
0
1067727524
0
1071185772
3221225472
1070998607
0
1072342866
536870912
1072099339
2684354560
1071063665
0
1071340218
1073741824
1072255888
536870912
1070842432
2147483648
1068073840
0
1072217917
3221225472
1071988180
2147483648
1070396785
0
1071353937
3221225472
1072675333
0
1070732063
1073741824
1072444071
3758096384
1069646185
2147483648
1072253111
536870912
1072359106
3758096384
1072327977
1073741824
1070219550
2147483648
1065528520
0
1070656494
1073741824
1072251167
536870912
1069221775
0
1070794443
3221225472
1072021845
1073741824
1072530736
1610612736
1071272694
2147483648
1072405940
536870912
1072246914
2684354560
1071772221
1610612736
1072608519
1073741824
1067881002
0
1072063066
1610612736
1070992828
2147483648
1069852859
2147483648
1071527758
3221225472
1069916092
2147483648
1071808966
1073741824
1069315924
0
1067589036
0
1072177910
536870912
1069076588
0
1070217359
0
1070743670
1073741824
1070687775
3221225472
1068365928
0
1071322433
2147483648
1071115620
3221225472
1069172166
0
1071211133
3221225472
1072451725
0
1072378980
3758096384
1071308017
3221225472
1063439168
0
1070086256
2147483648
1066392688
0
1072634195
0
1072486413
2147483648
1066252824
0
1072077148
536870912
1071711415
1073741824
1068934621
0
1069304142
0
1071924215
1610612736
1071857941
1610612736
1072349245
3758096384
1072069394
3758096384
1072348983
3221225472
1070290048
2147483648
1068312638
0
1072475882
2147483648
1071533827
3221225472
1072527824
2684354560
1071161121
0
1072188233
2684354560
1067036920
0
1067471824
0
1071338590
3221225472
1072099982
536870912
1071619278
0
1069910619
2147483648
1072646860
2684354560
1068828173
0
1071488370
2147483648
1072219557
2684354560
1070988310
0
1072084845
536870912
1069343973
0
1072057302
0
1071576580
1073741824
1071461100
1073741824
1072693247
2684354560
31
