Uvec
2226355706
1071180490
3221225472
1070354746
0
1067408184
0
1065220960
0
1072147865
1610612736
1069937926
2147483648
1063910240
0
1070736775
1073741824
1071890503
0
1072146420
3221225472
1072536820
536870912
1067628628
0
1069503475
0
1071601467
3221225472
1072022071
2147483648
1071736597
3221225472
1071799927
2684354560
1070169472
0
1070807887
0
1072661404
2684354560
1072461083
3758096384
1071886544
3221225472
1068908701
0
1072093028
2147483648
1071820519
2147483648
1071484231
3221225472
1070215913
2147483648
1071467855
1073741824
1069097097
0
1072160394
2684354560
1070881552
2147483648
1070904500
1073741824
1072184137
3221225472
1069003890
0
1066892508
0
1071816304
536870912
1072206069
1610612736
1069964705
2147483648
1072266476
536870912
1072536506
1073741824
1070607270
2147483648
1068672504
0
1071269395
0
1071827249
1610612736
1072643771
1610612736
1070897639
0
1071778616
1610612736
1072577413
2147483648
1072253081
1610612736
1072264224
536870912
1070813079
3221225472
1069517097
0
1070059045
2147483648
1072557947
1610612736
1072168038
3758096384
1070923397
2147483648
1072501592
2684354560
1071830650
3221225472
1070820179
0
1072679615
536870912
1072445446
3758096384
1071776830
3221225472
1071396109
2147483648
1066439124
0
1071480530
3221225472
1072114915
2684354560
1070135532
0
1071819351
0
1068353634
0
1071985072
2147483648
1071128599
0
1071633855
3221225472
1069233240
0
1069098033
0
1072106662
0
1069307615
0
1072644524
2147483648
1069541874
0
1072136364
536870912
1070524126
2147483648
1071885940
2147483648
1070030287
0
1071638101
1073741824
1069491999
0
1072569071
0
1072628343
3221225472
1072485557
1610612736
1070518378
2147483648
1072226180
3221225472
1072263028
2147483648
1071997366
2147483648
1070273404
0
1066277464
0
1069923066
2147483648
1071987646
2147483648
1071963551
3758096384
1071172105
2147483648
1070941537
3221225472
1071461100
1073741824
1072693247
2684354560
64
