Uvec
2226355706
1069487686
0
1072292727
2684354560
1071728598
3221225472
1072199075
3758096384
1070715405
1073741824
1070930216
3221225472
1072047003
1073741824
1071419729
0
1071868647
2147483648
1070536693
0
1070298946
2147483648
1072527854
536870912
1072654132
3758096384
1068970481
0
1071131149
2147483648
1072094180
536870912
1070798096
2147483648
1072320729
2684354560
1070925450
2147483648
1070653432
0
1071912677
2684354560
1068778855
0
1071192043
3221225472
1070817643
2147483648
1068728183
0
1070862343
2147483648
1072659859
536870912
1070999552
3221225472
1071672950
3221225472
1071787604
1610612736
1072660674
2147483648
1071731972
1610612736
1070603212
1073741824
1071281724
1073741824
1071342891
1073741824
1071620674
2147483648
1072678439
0
1068547389
0
1070642194
3221225472
1072066447
2684354560
1070523318
2147483648
1070755232
2147483648
1069723047
2147483648
1072656782
0
1067499400
0
1071420886
1073741824
1072235621
2684354560
1071270179
3221225472
1071407747
2147483648
1071933912
1073741824
1071526527
3221225472
1071548559
3221225472
1070778278
0
1066491512
0
1072086912
2147483648
1071653095
3221225472
1069526123
0
1068435216
0
1072198193
3221225472
1070848133
1073741824
1072035001
1610612736
1072280448
3758096384
1071925432
536870912
1072013291
2147483648
1070289483
0
1070927305
1073741824
1070392790
0
1071551065
0
1071454829
3221225472
1069906806
2147483648
1070476273
2147483648
1072043382
2684354560
1072440501
1073741824
1071126423
1073741824
1072057798
2147483648
1071636472
1073741824
1070832527
1073741824
1070452333
0
1072644798
3758096384
1072558096
2684354560
1068452896
0
1071543056
1073741824
1069843618
0
1071644996
2147483648
1072030621
536870912
1071850231
2147483648
1069815036
2147483648
1072439100
1610612736
1071743188
2684354560
1071347887
0
1072031105
2684354560
1070322943
2147483648
1071217621
0
1071538473
2147483648
1072650950
3221225472
1072193812
1073741824
1069023920
0
1072600316
3221225472
1071461100
1073741824
1072693247
2684354560
94
