Uvec
2226355706
1069882422
0
1071328862
0
1071946038
1610612736
1066225368
0
1072220836
2684354560
1070034570
0
1071495305
0
1071745610
3758096384
1072624611
2684354560
1071924937
2684354560
1070459011
0
1070661713
3221225472
1069758119
2147483648
1070639092
2147483648
1072556133
536870912
1072017194
536870912
1071106616
1073741824
1071745591
2147483648
1067126296
0
1071528831
3221225472
1070918454
1073741824
1069398975
0
1069355398
0
1069937458
2147483648
1068609220
0
1070519697
0
1072555561
1073741824
1066598532
0
1072353653
2684354560
1071418550
0
1071329900
3221225472
1069514639
0
1072605513
536870912
1070284130
0
1066179472
0
1070232894
0
1071761136
3758096384
1070531851
0
1071670864
1610612736
1071206122
0
1072413631
536870912
1069853124
2147483648
1071326271
0
1072491170
2147483648
1072540762
3221225472
1072582715
2684354560
1068953903
0
1070166961
2147483648
1072281842
1610612736
1072603070
536870912
1070456531
0
1068909339
0
1072224662
2147483648
1072283244
1073741824
1072263987
3758096384
1070824287
2147483648
1071425469
0
1070366279
0
1070954417
0
1072635756
536870912
1072466699
1073741824
1072662653
2684354560
1070880830
2147483648
1072045252
0
1071139770
1073741824
1072491464
0
1070049153
2147483648
1068733689
0
1068914847
0
1072539680
1610612736
1072395040
1073741824
1070651473
2147483648
1071749288
1610612736
1072557162
3758096384
1071974819
2684354560
1068752021
0
1072398345
1610612736
1070694534
2147483648
1071046928
1073741824
1071950769
3758096384
1069131523
0
1071832026
1073741824
1072548613
1073741824
1068855275
0
1072362902
1073741824
1071949421
0
1070859273
3221225472
1071150357
3221225472
1070524223
2147483648
1071950265
1073741824
1067056824
0
1072571014
3221225472
1070479296
2147483648
1072686767
2684354560
1072678171
1073741824
1071151770
0
1072279033
536870912
1072621191
2684354560
1071461100
1073741824
1072693247
2684354560
10
