Uvec
2226355706
1071201210
1073741824
1068069116
0
1072133806
3758096384
1072275409
3758096384
1069679688
2147483648
1072555824
3221225472
1069378714
0
1072000702
2684354560
1062422528
0
1071431397
2147483648
1072499356
3221225472
1072048244
2684354560
1072289173
1073741824
1070303243
0
1071829002
1610612736
1072649846
0
1069966834
0
1071810476
1610612736
1071681131
536870912
1071252412
0
1070432654
2147483648
1071747219
2684354560
1069977942
0
1072573352
3221225472
1071538029
1073741824
1072206285
0
1072298466
1073741824
1070152478
0
1070835198
2147483648
1071405536
1073741824
1070062983
2147483648
1072094105
2147483648
1071868447
1073741824
1072351946
3221225472
1070891028
1073741824
1072517317
3221225472
1072489288
3221225472
1072269205
3758096384
1072579306
2147483648
1068082804
0
1067881728
0
1070014240
0
1071753359
3221225472
1071392190
0
1072342088
0
1071148455
1073741824
1072051801
1073741824
1072000812
2147483648
1070683273
0
1069925170
0
1071119630
0
1071631880
3221225472
1071407846
3221225472
1070762483
3221225472
1071247386
1073741824
1068785516
0
1072004464
3758096384
1070604558
2147483648
1068574175
0
1069111575
0
1072078341
536870912
1071087314
2147483648
1072253829
3758096384
1071431255
1073741824
1072552234
2147483648
1070902274
1073741824
1069820396
2147483648
1069762304
0
1071077161
2147483648
1065371040
0
1072187561
2684354560
1071804214
2684354560
1068721388
0
1071569698
0
1072453320
0
1072529666
1073741824
1069904827
0
1071367724
3221225472
1070092923
2147483648
1072316440
1610612736
1071130260
0
1072500777
3758096384
1070771983
0
1072687319
1073741824
1070647398
0
1070591325
0
1069224148
0
1072137382
1073741824
1070604243
2147483648
1069999310
0
1072056697
536870912
1072665983
1610612736
1072404117
2147483648
1072393473
1610612736
1071412550
0
1071883621
536870912
1071181714
0
1072065976
1610612736
1071461100
1073741824
1072693247
2684354560
30
