Uvec
2226355706
1071976824
2684354560
1071858870
1610612736
1071659790
3221225472
1072026154
2684354560
1072356419
1610612736
1071898909
0
1072411024
536870912
1070695310
3221225472
1072341628
1610612736
1072443567
3221225472
1070221714
0
1070845447
1073741824
1069867917
0
1072558707
3758096384
1070393755
0
1067086432
0
1072589593
3758096384
1072113091
2684354560
1071775244
3758096384
1071795038
536870912
1072125005
3221225472
1072437135
3758096384
1068334900
0
1071110084
3221225472
1072147715
2684354560
1071710129
1073741824
1068399410
0
1070724809
0
1072259300
0
1070816924
1073741824
1070045029
2147483648
1070431182
0
1071923083
1073741824
1071286345
2147483648
1068556018
0
1072046294
2684354560
1068159652
0
1072641605
3758096384
1071766924
2147483648
1071885712
3221225472
1069548635
0
1072203856
1073741824
1071760248
0
1071032088
2147483648
1071547522
2147483648
1072110591
3221225472
1072319304
1610612736
1070839153
1073741824
1072303200
2684354560
1072434283
1610612736
1071111349
3221225472
1071534388
1073741824
1072003792
1073741824
1070616521
3221225472
1072551764
1610612736
1071231601
1073741824
1072654924
1610612736
1071681691
536870912
1072518659
536870912
1068884208
0
1072343723
0
1071526360
1073741824
1072392887
0
1071902917
2147483648
1072622794
1073741824
1071834436
536870912
1072373418
3758096384
1067918000
0
1070196692
2147483648
1071826677
3758096384
1071660897
3221225472
1069798526
2147483648
1072490684
2684354560
1072429989
3221225472
1072335767
3758096384
1072021561
3221225472
1071959379
2684354560
1070399904
0
1066577068
0
1072340072
536870912
1069607840
2147483648
1070728459
1073741824
1072203888
2684354560
1072039058
3758096384
1070434613
0
1070669714
1073741824
1070061255
2147483648
1063870496
0
1070245111
0
1071792427
2684354560
1072575464
3221225472
1072568418
2147483648
1071185849
2147483648
1068613181
0
1072617401
2684354560
1071938499
3758096384
1067913630
0
1072288738
2684354560
1071461100
1073741824
1072693247
2684354560
14
