Uvec
2226355706
1071986580
0
1072529078
536870912
1065006640
0
1072258687
2684354560
1071760764
536870912
1072281379
3758096384
1071176660
1073741824
1071595603
1073741824
1071776492
3758096384
1070374223
0
1071651971
1073741824
1071661982
1073741824
1070480558
2147483648
1069323489
0
1071274901
0
1068891195
0
1067766122
0
1070672111
0
1068290952
0
1070803467
0
1072224164
3221225472
1072083408
3221225472
1071764737
3758096384
1071863688
3221225472
1072671094
1073741824
1071164861
3221225472
1072215186
3221225472
1066321280
0
1072428893
1073741824
1070392199
0
1071832334
0
1072093279
3221225472
1070801529
3221225472
1071089085
1073741824
1070741157
3221225472
1070397024
2147483648
1072450077
536870912
1071644539
1073741824
1071082606
1073741824
1071954156
536870912
1071033277
0
1072308392
3758096384
1071962456
3221225472
1070862253
0
1071558346
2147483648
1070301320
0
1069920407
0
1072594452
0
1069695665
2147483648
1072602061
2684354560
1071221591
2147483648
1069771975
2147483648
1067918994
0
1071654619
1073741824
1072074853
2684354560
1072330997
3758096384
1069682026
2147483648
1072575970
1610612736
1069927007
0
1072368460
2147483648
1069397333
0
1067698704
0
1071776326
2147483648
1070970335
2147483648
1071761304
2147483648
1071530721
3221225472
1071861847
3221225472
1072031524
0
1071945185
0
1072036972
0
1072577237
1610612736
1072544746
2147483648
1072573334
2147483648
1068919313
0
1071895040
536870912
1068852063
0
1068510836
0
1072390571
1610612736
1072400524
1610612736
1068948139
0
1071125141
0
1072326960
1073741824
1071711259
1610612736
1068222578
0
1071023968
0
1072057947
1073741824
1072242161
1610612736
1072573065
1610612736
1071886454
2684354560
1071281788
2147483648
1070858488
1073741824
1072327708
0
1069332208
0
1071120858
0
1071684576
3758096384
1070756387
2147483648
1070470102
2147483648
1070563147
0
1071461100
1073741824
1072693247
2684354560
75
