Uvec
2226355706
1072193593
3221225472
1072426752
2684354560
1069013965
0
1072312100
0
1072075712
3758096384
1072248635
1610612736
1071325068
1073741824
1066780760
0
1069589213
2147483648
1070703468
0
1071628505
2147483648
1070965392
2147483648
1071772638
2684354560
1072478745
1610612736
1072124105
2147483648
1070145647
0
1072668912
536870912
1069813764
2147483648
1069893171
2147483648
1070601263
2147483648
1072332727
1073741824
1071780603
3758096384
1072244532
2147483648
1072291983
1610612736
1072067023
1610612736
1069560664
2147483648
1069099339
0
1069945209
2147483648
1069250080
0
1070882074
3221225472
1072550731
1073741824
1071414533
2147483648
1069305499
0
1070601507
0
1072620155
536870912
1071037397
3221225472
1071859322
2147483648
1071009068
1073741824
1070363786
0
1070239382
2147483648
1072595823
0
1070915821
0
1071202681
2147483648
1068972086
0
1070938516
3221225472
1072418216
1610612736
1071792972
3221225472
1072200579
2147483648
1069569824
2147483648
1072577431
3758096384
1072485920
536870912
1068837643
0
1070845270
3221225472
1072182227
3221225472
1068898769
0
1072563635
2684354560
1071949862
3758096384
1071710486
2147483648
1070161399
2147483648
1071915932
2684354560
1071687456
536870912
1070480236
2147483648
1069868975
0
1072014631
2147483648
1072216815
3758096384
1071107538
3221225472
1068976490
0
1069090330
0
1071084536
0
1071859634
2684354560
1069958102
2147483648
1072007942
1610612736
1071376552
3221225472
1069970189
2147483648
1070372865
0
1072481233
3221225472
1070137266
2147483648
1068134664
0
1072639826
2684354560
1067271160
0
1072262444
536870912
1069552592
2147483648
1066483496
0
1071244871
3221225472
1070155810
2147483648
1072434180
536870912
1072507903
0
1069986434
2147483648
1070244066
0
1072174565
3221225472
1069176375
0
1071256035
1073741824
1072400453
2684354560
1070064154
0
1071816495
0
1070030693
0
1072199498
1610612736
1069882523
2147483648
1071461100
1073741824
1072693247
2684354560
44
