Uvec
2226355706
1067942776
0
1071929151
1073741824
1071675952
1073741824
1071751565
3758096384
1070110573
2147483648
1070864575
0
1071091179
0
1071310891
0
1072250062
1073741824
1072438988
1610612736
1071471424
3221225472
1071932732
0
1071784169
3221225472
1070839913
2147483648
1072373439
536870912
1071586591
3221225472
1072015570
3221225472
1071318885
1073741824
1072437516
1610612736
1070395132
2147483648
1071911256
2147483648
1071658149
2684354560
1072580847
2684354560
1071696517
1073741824
1072113876
1073741824
1071859557
3221225472
1070645536
3221225472
1069786751
2147483648
1070345237
2147483648
1068604753
0
1071999552
1073741824
1069196627
0
1071686172
3221225472
1072357498
3758096384
1071132664
2147483648
1071571165
2147483648
1071661347
3758096384
1071856536
0
1071887092
536870912
1071957718
2147483648
1072499528
536870912
1067636412
0
1071463873
3221225472
1072571003
1073741824
1069375766
0
1072226395
1610612736
1070755791
0
1072001198
3758096384
1071147243
3221225472
1072104919
536870912
1069232962
0
1070040547
0
1071395026
3221225472
1071123729
0
1072224827
1073741824
1071655800
3221225472
1066439084
0
1070790405
3221225472
1071854341
1073741824
1071297026
2147483648
1071341715
1073741824
1070485521
0
1072589276
3221225472
1070341464
2147483648
1070827821
1073741824
1071971846
2684354560
1072234422
3221225472
1072680557
0
1069613930
2147483648
1072319304
3758096384
1069581830
2147483648
1072600227
536870912
1070392906
2147483648
1070991524
1073741824
1065323248
0
1072456787
1073741824
1070643605
1073741824
1069677504
0
1070548204
0
1069165368
0
1072043622
0
1072425151
2684354560
1072210758
1073741824
1072381155
3758096384
1072481900
536870912
1072345263
2684354560
1071876757
0
1069807795
0
1072432032
2684354560
1072430394
1610612736
1072528959
3221225472
1070957755
0
1071978225
1610612736
1072253251
0
1072185379
2684354560
1071800764
0
1072297453
2147483648
1072080865
2684354560
1071461100
1073741824
1072693247
2684354560
72
