Uvec
2226355706
1071042951
2147483648
1072327773
3221225472
1072602400
536870912
1072053684
536870912
1068981986
0
1069699172
2147483648
1071791941
3221225472
1071624460
3221225472
1070643556
3221225472
1072301481
536870912
1071677671
3221225472
1070046852
0
1072572614
2684354560
1069068237
0
1071322456
0
1070955378
3221225472
1071706066
1610612736
1070183635
0
1072457592
1610612736
1065756752
0
1071267031
0
1069207337
0
1072170838
3221225472
1072661519
536870912
1071929573
3221225472
1071902496
2684354560
1072157294
2684354560
1072320414
536870912
1070816157
2147483648
1069809942
2147483648
1072430893
3221225472
1071161269
1073741824
1070345014
0
1071279130
1073741824
1072238155
3758096384
1071861923
1610612736
1072187603
3221225472
1067453222
0
1072548207
1073741824
1072651137
1073741824
1069623127
2147483648
1070629058
1073741824
1071862346
1610612736
1071413943
1073741824
1072654079
3221225472
1071635872
2147483648
1069597288
0
1071607753
2147483648
1070164070
2147483648
1070879587
2147483648
1071954925
1073741824
1071035550
1073741824
1072117975
0
1071551647
1073741824
1067724404
0
1069856598
2147483648
1071150543
2147483648
1068671496
0
1063907648
0
1072082440
3758096384
1071818911
2147483648
1071787184
1073741824
1072148339
3221225472
1072689893
0
1066779308
0
1072008592
0
1071859651
3758096384
1070114361
2147483648
1068053014
0
1071874686
2684354560
1071702113
0
1068641816
0
1069406185
0
1072673737
0
1069755924
0
1072618077
2147483648
1072494201
3758096384
1071749600
3758096384
1072088984
536870912
1072009337
3758096384
1067788552
0
1071349546
2147483648
1071848862
1610612736
1072615525
536870912
1072413625
536870912
1071760956
2147483648
1067579022
0
1070467101
2147483648
1072418235
1610612736
1070099105
2147483648
1070256778
2147483648
1072313549
3221225472
1071990681
536870912
1072141061
536870912
1072639787
2684354560
1072294946
2684354560
1072369748
0
1071871643
3758096384
1071461100
1073741824
1072693247
2684354560
0
