Uvec
2226355706
1071700733
2147483648
1068915068
0
1067185732
0
1071155402
1073741824
1072598450
1610612736
1071763678
3221225472
1070801992
2147483648
1071731062
2684354560
1068809800
0
1070462719
0
1072252774
1610612736
1070794235
2147483648
1072122385
1073741824
1072209109
2684354560
1071483588
2147483648
1070191293
2147483648
1070213250
2147483648
1071814038
0
1067609034
0
1067104772
0
1071853922
3758096384
1072035511
1610612736
1072621558
1073741824
1071770568
2684354560
1072403251
3221225472
1068780311
0
1072638437
3221225472
1072600834
3221225472
1069450017
0
1071149478
0
1071762477
3221225472
1071963548
3221225472
1070362430
0
1069699630
2147483648
1071313264
2147483648
1071752821
1073741824
1068507282
0
1071966615
2147483648
1072397895
2684354560
1065661528
0
1072679810
2147483648
1069773739
0
1072521452
3221225472
1070723974
2147483648
1068862732
0
1071928029
2147483648
1071862525
3221225472
1069463255
0
1072174205
3221225472
1072392265
1610612736
1072639482
536870912
1066091248
0
1072398586
3758096384
1072136614
3221225472
1069671939
2147483648
1072083947
536870912
1071068290
0
1071814139
3758096384
1071977990
3758096384
1070483830
0
1069979933
2147483648
1072301994
1073741824
1071176134
2147483648
1068712161
0
1070991761
3221225472
1068542224
0
1072397971
2147483648
1072508073
1073741824
1072684133
2684354560
1070777933
0
1070471004
0
1071648018
536870912
1072041029
0
1070732483
1073741824
1072428475
1073741824
1072104828
2147483648
1067181200
0
1072288583
3758096384
1072020482
0
1072382979
2147483648
1068981255
0
1068446138
0
1067098280
0
1071683559
3221225472
1071944142
2684354560
1071991639
536870912
1072068146
0
1071723150
3221225472
1072056614
536870912
1071189975
1073741824
1066833976
0
1070693031
1073741824
1069385964
0
1070722742
0
1071141600
1073741824
1071009114
1073741824
1071285349
1073741824
1068234852
0
1071461100
1073741824
1072693247
2684354560
0
