Uvec
2226355706
1067874642
0
1071105886
1073741824
1071655194
2684354560
1071777485
1610612736
1071388297
0
1072532992
2684354560
1071937227
1610612736
1071167576
2147483648
1071714348
536870912
1072164915
2147483648
1072595609
2147483648
1072017178
1073741824
1071309331
2147483648
1069850094
0
1071948739
536870912
1070777481
2147483648
1072355637
1073741824
1067823730
0
1071817452
2684354560
1072176779
0
1072032463
0
1069947329
0
1072068015
3221225472
1070717483
2147483648
1070210852
0
1071234779
1073741824
1072430991
2684354560
1069569167
0
1072209252
2147483648
1071277766
0
1072474566
536870912
1068669111
0
1071738915
3221225472
1067198900
0
1070983749
0
1071169465
1073741824
1070172680
0
1072250035
2147483648
1072338929
2684354560
1072648644
536870912
1069264174
0
1071314735
0
1072419206
1073741824
1071286029
1073741824
1072428292
536870912
1072605836
1073741824
1071527946
0
1072285354
1073741824
1070122112
0
1072685142
1610612736
1069536130
0
1069739929
2147483648
1071882156
3758096384
1071212537
3221225472
1071744980
2147483648
1068658795
0
1071778788
0
1071927577
1610612736
1072272478
1610612736
1070947751
3221225472
1070553089
0
1071927796
1610612736
1072304373
1073741824
1070345541
2147483648
1071037755
3221225472
1065171952
0
1071648076
2684354560
1071492409
0
1071425788
1073741824
1070959432
3221225472
1065853576
0
1070877072
3221225472
1070776556
0
1072326819
1073741824
1067054608
0
1070895509
2147483648
1070714760
1073741824
1072682723
2684354560
1072154877
0
1072552432
2147483648
1069261456
0
1071641816
0
1069930225
2147483648
1071779642
2147483648
1072105314
3221225472
1067971880
0
1070797426
0
1072296877
1610612736
1072031154
3758096384
1072120174
536870912
1072266243
3758096384
1072114500
1610612736
1070962023
0
1070051352
0
1069027319
0
1072239578
1610612736
1072051553
536870912
1071519439
1073741824
1071461100
1073741824
1072693247
2684354560
86
