Uvec
2226355706
1072292243
536870912
1072526342
1073741824
1070847894
0
1070918684
3221225472
1071764464
536870912
1070841910
1073741824
1072500259
2684354560
1069573107
2147483648
1072503175
1073741824
1067613432
0
1071682590
536870912
1072046012
3221225472
1071496028
3221225472
1071049994
2147483648
1068826530
0
1071715465
1073741824
1068469830
0
1072148791
3221225472
1070710109
3221225472
1072580006
3758096384
1072489639
2147483648
1071942652
2147483648
1070111848
0
1072153722
2147483648
1069533890
0
1071717259
1073741824
1072654348
536870912
1072690352
1073741824
1071841241
1073741824
1068416074
0
1068986491
0
1072034671
0
1071610471
0
1071883452
3758096384
1069498749
0
1072674744
1610612736
1072358988
2147483648
1065700856
0
1070706235
1073741824
1072389434
2684354560
1069030988
0
1071261076
2147483648
1069902206
0
1072558815
2147483648
1072317805
1610612736
1070882532
1073741824
1066917564
0
1072228572
0
1072354746
3221225472
1069180855
0
1072491632
3758096384
1072628321
536870912
1071939118
2147483648
1070559211
2147483648
1069603237
2147483648
1072248476
2147483648
1072128848
2684354560
1071199049
3221225472
1070740138
0
1069987622
0
1067289988
0
1071699957
2147483648
1071998786
1073741824
1071342767
3221225472
1070800737
0
1072514601
3221225472
1070907320
0
1071588917
2147483648
1070462622
2147483648
1072561916
3221225472
1072177123
3221225472
1070276687
2147483648
1072463208
0
1070868412
2147483648
1069562757
0
1071424878
3221225472
1072591448
536870912
1069828682
2147483648
1072439042
536870912
1071292891
0
1068236146
0
1070842324
1073741824
1070990548
1073741824
1071273937
0
1070661168
1073741824
1071362635
2147483648
1071803402
536870912
1072419223
3758096384
1072422291
0
1072082572
3758096384
1070482261
2147483648
1072273527
3758096384
1070606526
0
1069351897
0
1072597404
3758096384
1068034828
0
1072160473
2147483648
1065344016
0
1071461100
1073741824
1072693247
2684354560
39
