Uvec
2226355706
1072351355
536870912
1070708797
2147483648
1072644008
2147483648
1072150636
3758096384
1071714049
3221225472
1072048903
1610612736
1070085003
0
1072150790
1610612736
1069120255
0
1072293125
2684354560
1071494018
1073741824
1070750613
1073741824
1070975659
2147483648
1071551998
3221225472
1071195233
2147483648
1069095593
0
1071485627
3221225472
1071478555
0
1072193634
0
1072434213
1073741824
1072147479
536870912
1071825737
2684354560
1071745815
2147483648
1072138201
3221225472
1071440131
2147483648
1072071086
536870912
1070065754
0
1072369081
2684354560
1070638276
1073741824
1072385601
536870912
1070941700
1073741824
1072125769
3758096384
1072335255
2684354560
1070955330
0
1070905537
2147483648
1071413898
1073741824
1071363848
0
1071147598
0
1071593508
3221225472
1068259574
0
1072321830
3221225472
1071629318
3221225472
1070811927
0
1071054283
0
1071627972
3221225472
1071254393
1073741824
1072468710
2147483648
1072011599
1610612736
1068923737
0
1071795394
1073741824
1071179044
2147483648
1067664654
0
1072204023
3221225472
1070437028
0
1068110134
0
1071694690
2147483648
1071720800
3221225472
1069873997
2147483648
1069735986
0
1072306822
0
1070519277
0
1071865100
3758096384
1070882735
0
1067758510
0
1072579908
2684354560
1072634217
3758096384
1070655651
1073741824
1070734555
1073741824
1070190288
0
1071314495
2147483648
1072598930
2684354560
1070797820
1073741824
1072501624
3221225472
1072643705
3221225472
1071637558
2147483648
1072336686
3758096384
1070966809
2147483648
1072360135
2147483648
1070954464
0
1071869855
1610612736
1072460405
1073741824
1072009669
536870912
1072684891
2684354560
1070991153
1073741824
1068387806
0
1071751519
1073741824
1068812412
0
1072490937
0
1071997137
1610612736
1072234969
3758096384
1072162230
3221225472
1070651604
0
1070919288
3221225472
1071095500
3221225472
1071950620
2684354560
1070613673
3221225472
1072574173
536870912
1069272707
0
1071461100
1073741824
1072693247
2684354560
25
