Uvec
2226355706
1072577575
0
1070619186
2147483648
1070719880
1073741824
1069878860
0
1072558436
3221225472
1072215320
0
1072162268
536870912
1071425073
3221225472
1071852607
536870912
1072643936
3758096384
1072487302
536870912
1072231749
0
1072208712
1073741824
1071227536
0
1072020159
3221225472
1070677508
3221225472
1071379829
2147483648
1071839991
0
1071726862
1610612736
1069773992
0
1071992569
0
1072655381
536870912
1069624726
2147483648
1066060952
0
1072388642
3758096384
1071718839
536870912
1071374011
3221225472
1070949065
2147483648
1066946684
0
1071608806
3221225472
1071311684
1073741824
1072392365
3221225472
1070551631
2147483648
1072192717
1610612736
1072061885
2684354560
1064019232
0
1072012519
2147483648
1070566586
0
1070965203
2147483648
1072372719
1073741824
1071814330
3221225472
1070864901
2147483648
1071316373
0
1072443730
536870912
1071338464
3221225472
1072164631
3758096384
1072259613
536870912
1071789335
1610612736
1072660922
1073741824
1071532805
0
1069857980
0
1071152891
2147483648
1070966327
2147483648
1072416661
3221225472
1069124984
0
1072076218
536870912
1071220773
2147483648
1071658535
1073741824
1071068120
1073741824
1070597863
2147483648
1069786625
0
1069688594
2147483648
1071770546
3758096384
1071268031
2147483648
1070218997
0
1068693926
0
1072412795
1610612736
1070247116
0
1070886909
2147483648
1072315171
1073741824
1068498664
0
1070460344
0
1070429482
2147483648
1072026000
2147483648
1071473026
1073741824
1072239931
2684354560
1071813149
536870912
1072149851
3758096384
1071516807
1073741824
1064681264
0
1067940208
0
1072675849
3758096384
1072677877
536870912
1067804630
0
1072180122
0
1072414005
536870912
1072016048
0
1072281967
536870912
1071055617
0
1072473983
3221225472
1072026317
3221225472
1069730586
0
1067461672
0
1071441882
3221225472
1072406481
536870912
1071293572
1073741824
1072094269
2147483648
1070190164
0
1071461100
1073741824
1072693247
2684354560
70
