Uvec
2226355706
1071438211
1073741824
1071251865
2147483648
1071029738
2147483648
1072464241
536870912
1070666250
1073741824
1072644508
0
1071306077
1073741824
1071443775
0
1072410579
3758096384
1072023496
1610612736
1071729138
536870912
1069886188
2147483648
1071465130
1073741824
1071171256
0
1071429917
0
1072030369
1073741824
1070957062
2147483648
1071993757
1610612736
1071517270
2147483648
1072100708
1610612736
1071592747
3221225472
1071840383
1610612736
1072067669
3221225472
1071712528
1610612736
1072362383
0
1071135505
3221225472
1069383784
0
1072074039
3221225472
1070793031
2147483648
1069041194
0
1072033605
1610612736
1072517586
3758096384
1069786891
2147483648
1066773048
0
1071088245
1073741824
1070341941
2147483648
1072513811
3221225472
1066199504
0
1072106489
3758096384
1072271864
1073741824
1072039770
3221225472
1072027941
1073741824
1072011947
1610612736
1069766749
0
1071389734
3221225472
1069449233
0
1072481798
2147483648
1071156139
2147483648
1071335749
0
1072614136
0
1072467243
1073741824
1072339506
2147483648
1070144232
2147483648
1071862128
536870912
1072282642
3758096384
1071770639
3758096384
1064649584
0
1071491595
2147483648
1071992166
0
1071230435
0
1072509686
3758096384
1072501078
3758096384
1072526408
536870912
1072224021
1610612736
1072294070
1610612736
1072078507
2684354560
1070188750
2147483648
1072438372
3221225472
1072001719
1610612736
1072666604
536870912
1068746738
0
1072500332
3758096384
1070789550
0
1072209738
1610612736
1072089062
536870912
1063400032
0
1070333396
2147483648
1070760742
2147483648
1072027593
1073741824
1068264962
0
1072416400
3758096384
1069006577
0
1066963592
0
1071175808
2147483648
1071675649
536870912
1072563399
0
1071824666
536870912
1069947662
0
1070869608
1073741824
1072498447
0
1072678473
2684354560
1070845467
2147483648
1071412828
0
1072575123
2684354560
1072660546
3221225472
1071433984
3221225472
1071020111
0
1071257412
1073741824
1071461100
1073741824
1072693247
2684354560
83
