Uvec
2226355706
1070661558
3221225472
1070353778
2147483648
1072614315
3221225472
1069828069
2147483648
1070134578
0
1072599007
2147483648
1072489654
1073741824
1069827459
2147483648
1071570259
0
1072143056
536870912
1069868517
0
1069549633
0
1071989992
1073741824
1070948615
2147483648
1071119595
2147483648
1072282387
3221225472
1071443982
2147483648
1070597756
0
1072173816
1610612736
1071828549
3221225472
1069879340
2147483648
1070548331
0
1069671877
2147483648
1072423399
3758096384
1072058917
536870912
1069504626
0
1069826780
0
1072539959
3758096384
1071335052
2147483648
1070884937
0
1072109457
1073741824
1072377137
1610612736
1071978203
3221225472
1069951086
0
1072329389
2147483648
1071566852
0
1071743136
3221225472
1069496687
0
1070798350
0
1071908121
2147483648
1071195912
2147483648
1072599638
3221225472
1070592282
0
1071618814
3221225472
1072051222
2684354560
1071244543
0
1070632387
1073741824
1070289866
0
1070146981
0
1070053993
2147483648
1071706339
2684354560
1072397409
536870912
1071811316
2684354560
1072292606
1073741824
1063603520
0
1071985153
536870912
1070633157
2147483648
1071480968
1073741824
1071792607
1073741824
1072300205
536870912
1068851241
0
1071858210
2684354560
1071084185
3221225472
1072213483
0
1072203770
0
1071791531
536870912
1072487124
2684354560
1072424380
1610612736
1070785562
3221225472
1072436164
2147483648
1068564759
0
1071852670
2147483648
1072356147
1073741824
1072690847
2684354560
1070682445
3221225472
1072027814
0
1071969130
3221225472
1072013447
2147483648
1072255322
1073741824
1071925373
1610612736
1072076777
2684354560
1070991239
3221225472
1071544972
3221225472
1071945483
2684354560
1063338016
0
1071515325
0
1067458428
0
1069811219
2147483648
1069605249
0
1068371610
0
1071039040
0
1072199556
0
1072671410
536870912
1072594932
3221225472
1072276641
2684354560
1069709865
0
1071232176
2147483648
1072415696
2684354560
1071461100
1073741824
1072693247
2684354560
29
