Uvec
2226355706
1070846178
2147483648
1072465856
2684354560
1071189354
3221225472
1072304234
3221225472
1069960896
2147483648
1072555565
2684354560
1070751164
2147483648
1070869224
1073741824
1072253114
536870912
1070496555
2147483648
1071204568
1073741824
1072273023
3221225472
1072294863
2684354560
1070647769
1073741824
1069182894
0
1070914019
1073741824
1072582857
1073741824
1072188286
0
1069697079
0
1070667302
3221225472
1071647340
2147483648
1068634840
0
1069670027
0
1072256064
1610612736
1071953023
2684354560
1070914262
1073741824
1071861757
1073741824
1072167000
3758096384
1072260756
536870912
1072036876
0
1071475851
0
1072130323
0
1071965596
0
1072202805
3758096384
1070778149
3221225472
1071180593
1073741824
1072301844
3758096384
1071234502
2147483648
1072524174
536870912
1071539761
1073741824
1070673716
1073741824
1069243858
0
1070767609
2147483648
1072625082
0
1072287067
536870912
1070410476
2147483648
1071040095
3221225472
1071197869
1073741824
1070392544
0
1071823400
2684354560
1072497599
1073741824
1071819433
3758096384
1072019365
1073741824
1072436440
3758096384
1070670226
0
1071152790
2147483648
1071733385
1610612736
1070321383
2147483648
1072632510
536870912
1072354321
2147483648
1071736227
0
1071285273
2147483648
1069737207
0
1072638778
3221225472
1071802630
2684354560
1071584558
2147483648
1072150390
1073741824
1071885885
0
1072425060
3221225472
1063139008
0
1071916167
0
1071434161
3221225472
1072011347
3758096384
1072408483
536870912
1072401250
1610612736
1071643012
3221225472
1072677761
0
1071060592
2147483648
1072210960
1610612736
1072477025
3758096384
1069396195
0
1072568466
2147483648
1070703559
2147483648
1071711657
3221225472
1072298426
1073741824
1072070520
3758096384
1071493943
2147483648
1069846277
2147483648
1070730707
2147483648
1071012961
0
1070316590
2147483648
1072216380
1610612736
1072425720
2147483648
1071025959
0
1072169757
1073741824
1072418850
2147483648
1072277789
1610612736
1071073935
0
1071461100
1073741824
1072693247
2684354560
54
