Uvec
2226355706
1071924107
2147483648
1071401949
2147483648
1072492534
3221225472
1072153785
0
1071350530
1073741824
1071401711
3221225472
1070947412
2147483648
1071232453
1073741824
1067832266
0
1071790667
1073741824
1071343890
2147483648
1071735256
2147483648
1068049934
0
1070515104
2147483648
1070124971
0
1072151338
2684354560
1072553559
3758096384
1071384773
0
1072260026
1610612736
1068672714
0
1072228268
2684354560
1071147419
2147483648
1071892207
2147483648
1069809008
0
1070611371
2147483648
1069549935
2147483648
1072144926
3758096384
1071228836
2147483648
1070384135
0
1072031059
3758096384
1071934738
536870912
1070084172
2147483648
1071701105
2684354560
1069455935
0
1066605488
0
1072337467
3221225472
1071446980
0
1072612545
1073741824
1072324902
536870912
1071691607
3758096384
1069674155
2147483648
1071374334
1073741824
1072335181
2684354560
1072170128
1610612736
1068710878
0
1071894847
3758096384
1071657868
2684354560
1072520994
1610612736
1072248465
1610612736
1067523298
0
1069771496
2147483648
1069028659
0
1070676485
3221225472
1072526334
3221225472
1071394446
2147483648
1067392200
0
1072209517
536870912
1069915208
0
1072573728
0
1070970532
1073741824
1071822847
1610612736
1072244435
536870912
1072568849
1610612736
1070863419
0
1069918247
0
1070582520
2147483648
1070184605
0
1072107550
2684354560
1072267715
3758096384
1072043762
0
1071044525
3221225472
1072261036
2684354560
1072312523
1610612736
1072504880
536870912
1070536887
2147483648
1070337027
0
1072580953
3221225472
1071959685
1073741824
1071019151
3221225472
1069573820
0
1068942224
0
1071910075
536870912
1072639039
1073741824
1068885812
0
1071855104
2684354560
1071613629
0
1070162065
0
1067339340
0
1071255023
1073741824
1070043880
2147483648
1072664469
3221225472
1070449739
2147483648
1068814644
0
1072347099
536870912
1072149498
0
1072510859
2684354560
1071678488
3758096384
1072693175
3758096384
1071461100
1073741824
1072693247
2684354560
73
