Uvec
2226355706
1071513250
0
1071352927
2147483648
1072408600
1073741824
1072297176
1610612736
1072329976
536870912
1072581584
1073741824
1067385932
0
1072354045
2684354560
1072365096
2147483648
1072178112
3758096384
1070962550
2147483648
1070070030
2147483648
1072200225
2684354560
1070927929
1073741824
1070711821
2147483648
1072387940
0
1072373441
0
1072470196
2684354560
1072674062
536870912
1072159591
1610612736
1070915029
1073741824
1071999934
3221225472
1067743440
0
1071791019
0
1072234570
3758096384
1069883306
2147483648
1071855323
3221225472
1071517085
2147483648
1072364152
3221225472
1072342069
1073741824
1072655205
536870912
1072004038
3221225472
1072123082
2684354560
1071246013
3221225472
1070835168
2147483648
1072639570
2147483648
1072248926
3221225472
1071382227
3221225472
1069912605
2147483648
1072166050
3221225472
1071901580
1610612736
1072401019
2684354560
1071806017
1073741824
1069910970
0
1071923045
1073741824
1071720403
2147483648
1072036949
536870912
1072347892
2684354560
1072200616
2147483648
1068540241
0
1069859329
2147483648
1072278253
2684354560
1072335595
0
1070788312
3221225472
1072479250
2147483648
1071766942
1610612736
1071659769
1610612736
1068775336
0
1070424363
2147483648
1071530640
2147483648
1069028449
0
1071905681
3758096384
1070797021
3221225472
1072212034
536870912
1071822202
1073741824
1072495810
1073741824
1071961744
3221225472
1072606432
2147483648
1065458480
0
1071035803
3221225472
1072209685
536870912
1069753918
2147483648
1069275906
0
1072591552
1073741824
1068306762
0
1068221688
0
1072065195
536870912
1071514581
3221225472
1071706351
1073741824
1068524998
0
1072111832
1073741824
1071708254
536870912
1069654868
2147483648
1071666625
1610612736
1072410760
1610612736
1070895422
1073741824
1069380793
0
1071967562
2147483648
1065428560
0
1071570373
3221225472
1064471056
0
1068830976
0
1071971516
1073741824
1072157168
3758096384
1071998518
2684354560
1072604566
536870912
1072563175
2684354560
1071664686
536870912
1071461100
1073741824
1072693247
2684354560
66
