Uvec
2226355706
1071405037
1073741824
1070038914
0
1071894425
536870912
1072638810
2684354560
1071959692
1610612736
1071458233
2147483648
1070257598
0
1070946230
0
1071704331
2147483648
1071322626
0
1072632483
1073741824
1072183217
1610612736
1072101921
3758096384
1071981858
536870912
1072359038
3758096384
1071297096
2147483648
1072516458
3221225472
1071466070
0
1072655093
3758096384
1071050122
0
1068175910
0
1070844640
2147483648
1072539014
3221225472
1072260373
1610612736
1072071291
1610612736
1071103193
2147483648
1071774035
2684354560
1072350976
1073741824
1070106209
2147483648
1071971406
1073741824
1071430820
1073741824
1072087090
2147483648
1071887931
2147483648
1072018657
2684354560
1071894338
2147483648
1072085616
1610612736
1072229161
1610612736
1072444621
2147483648
1072331939
536870912
1072486881
3758096384
1072202251
2684354560
1072580665
536870912
1070554850
2147483648
1069121901
0
1072052670
2147483648
1071701237
3221225472
1067013856
0
1072557929
0
1072635344
2147483648
1072561001
3758096384
1071697824
536870912
1068159050
0
1070813434
2147483648
1069001685
0
1071578844
2147483648
1072334865
1610612736
1071735870
0
1071727515
3221225472
1065558936
0
1071143265
2147483648
1071879281
0
1072537990
1073741824
1072446186
0
1071511648
3221225472
1071838430
3221225472
1071858746
2147483648
1072420242
3758096384
1071726072
1073741824
1071847608
1073741824
1072421765
536870912
1072207222
1073741824
1070582049
0
1072235014
3758096384
1071870393
1610612736
1071638057
3221225472
1071801937
3758096384
1072632942
0
1071060896
1073741824
1069360224
0
1072685040
2147483648
1070235554
0
1069971486
0
1068820093
0
1071401365
1073741824
1071231782
0
1071967615
1073741824
1072427260
536870912
1072224209
0
1071899402
2147483648
1071419575
2147483648
1070943146
3221225472
1072234771
2147483648
1072454780
1610612736
1069574191
2147483648
1071206797
3221225472
1069559054
0
1072657140
1610612736
1071707435
536870912
1071461100
1073741824
1072693247
2684354560
37
