Uvec
2226355706
1072209160
0
1072123870
3758096384
1072249113
2147483648
1072341509
3758096384
1068316012
0
1068657458
0
1070136005
0
1072516528
0
1072616224
2147483648
1071312917
0
1070644663
3221225472
1070082362
0
1071015538
1073741824
1068867753
0
1072505119
0
1068666606
0
1069748898
2147483648
1070900066
1073741824
1071754521
2147483648
1072574180
3221225472
1070840488
0
1071788917
1610612736
1068635017
0
1071461686
0
1072394351
3221225472
1068706135
0
1072611407
2147483648
1071458932
2147483648
1068505906
0
1072020169
0
1067555844
0
1072484684
1073741824
1071993397
3758096384
1069885009
2147483648
1071640262
3221225472
1070545771
2147483648
1071721475
3758096384
1069745979
0
1072045416
2147483648
1072277479
1610612736
1070612298
2147483648
1070840972
1073741824
1070189677
2147483648
1072496741
3221225472
1071357809
1073741824
1072677571
2147483648
1071878217
3758096384
1071287042
0
1069763995
0
1071167155
3221225472
1072306700
1073741824
1071790138
1073741824
1071881541
1610612736
1070812602
0
1071647970
1073741824
1070836626
2147483648
1072203974
0
1072085739
2684354560
1064872048
0
1069842000
2147483648
1071279923
2147483648
1069710948
2147483648
1068476986
0
1069611644
2147483648
1072421090
536870912
1071188191
3221225472
1070875496
1073741824
1069721850
0
1069052043
0
1072593395
536870912
1070866354
3221225472
1072330435
2147483648
1071316003
0
1070057113
2147483648
1068690988
0
1070851331
0
1072181270
536870912
1070138489
0
1070630539
2147483648
1072370578
2684354560
1072360676
2684354560
1071776838
3758096384
1072545470
3758096384
1067224956
0
1069694461
2147483648
1072468677
1073741824
1067898120
0
1071475404
0
1071677119
536870912
1070701214
3221225472
1072097172
2147483648
1072482590
536870912
1071668773
0
1066424204
0
1072019703
3221225472
1072083556
2147483648
1071915133
3758096384
1071863334
3221225472
1071461100
1073741824
1072693247
2684354560
93
