Uvec
2226355706
1072443082
2147483648
1068976547
0
1069625828
2147483648
1072616244
0
1072531530
2147483648
1072293611
3758096384
1072166091
2684354560
1072363256
3758096384
1070929268
1073741824
1071273450
1073741824
1071105760
0
1071621518
3221225472
1071635846
0
1072636639
2684354560
1069284507
0
1070205935
0
1071936022
536870912
1071148893
2147483648
1070496546
2147483648
1071624729
0
1072040467
2147483648
1072286138
2684354560
1067907646
0
1070879648
3221225472
1071959542
1610612736
1070029929
2147483648
1069284230
0
1071629442
1073741824
1070903758
2147483648
1072377778
1610612736
1071098378
2147483648
1072560142
1610612736
1071541615
3221225472
1070732838
3221225472
1070717089
2147483648
1072439697
3221225472
1072514329
2684354560
1066127784
0
1069111644
0
1070891246
2147483648
1070795001
3221225472
1070516102
0
1071712542
3758096384
1071914220
2147483648
1071841603
2684354560
1070707333
3221225472
1071785276
1073741824
1072633547
2147483648
1072274648
3758096384
1071888431
2147483648
1069945134
0
1069767494
0
1070694475
0
1069980792
2147483648
1067412252
0
1071289417
3221225472
1072208069
2684354560
1072555094
3758096384
1072578665
3758096384
1072305797
0
1071265699
0
1072450181
3221225472
1070779738
0
1072343027
0
1072203458
1610612736
1072465797
3758096384
1071777121
2147483648
1071091143
1073741824
1072632185
3758096384
1071001864
2147483648
1072540377
1073741824
1072213298
3221225472
1069621558
0
1068369340
0
1070059423
2147483648
1071521832
1073741824
1070914275
2147483648
1072651285
1610612736
1070738149
3221225472
1069093928
0
1071054498
1073741824
1072558948
2684354560
1069184238
0
1071336186
1073741824
1072257118
2684354560
1070569594
0
1071919236
3758096384
1071159056
3221225472
1072293387
2147483648
1071819187
2147483648
1071093422
0
1069164814
0
1072132101
1610612736
1071080233
3221225472
1071629837
0
1070804183
3221225472
1072447105
0
1071830747
1073741824
1071461100
1073741824
1072693247
2684354560
75
