Uvec
2226355706
1071387810
3221225472
1071086816
3221225472
1071995107
0
1064469424
0
1072108094
3758096384
1072148690
0
1071498192
1073741824
1070737050
0
1068724818
0
1070064322
0
1072470112
2147483648
1072655739
0
1072157205
2147483648
1067792616
0
1071744422
1073741824
1071617710
3221225472
1070908368
3221225472
1071584222
3221225472
1072652367
1073741824
1072626309
2684354560
1071765688
2147483648
1072344148
3758096384
1071906330
2684354560
1071725671
3221225472
1070708103
0
1072218157
0
1071614815
1073741824
1072250196
1610612736
1071673684
2147483648
1072492229
1610612736
1072634779
1073741824
1071585555
3221225472
1072419128
3221225472
1071782945
3221225472
1072583189
1610612736
1070419223
0
1070730503
3221225472
1067107376
0
1070458296
0
1072282387
2147483648
1068047906
0
1071999321
2147483648
1071742673
1610612736
1072128184
2147483648
1072690080
2147483648
1070360489
0
1072078917
1610612736
1071255343
1073741824
1071726685
1073741824
1071093387
1073741824
1072656891
536870912
1069957763
0
1071132523
3221225472
1071703322
3758096384
1071265359
0
1071834486
2684354560
1072495575
1073741824
1069973631
0
1072104775
2684354560
1072608028
2684354560
1071970372
1073741824
1071429601
0
1069334394
0
1072137109
1073741824
1072589232
536870912
1071784393
0
1072577077
3221225472
1071946215
1073741824
1070761966
3221225472
1071768777
1073741824
1071739663
3758096384
1069605751
2147483648
1072382112
1610612736
1072002549
2147483648
1072562743
3221225472
1072573320
2147483648
1070777862
2147483648
1071123516
2147483648
1071081654
2147483648
1072680216
0
1070917935
1073741824
1071454849
2147483648
1068729297
0
1070852615
2147483648
1071794936
536870912
1069750811
0
1071435968
2147483648
1071662539
3758096384
1071438383
2147483648
1072482310
1073741824
1072407885
1073741824
1072415762
2684354560
1072529318
536870912
1071105505
1073741824
1072103638
536870912
1071290580
2147483648
1072481247
2147483648
1069374438
0
1071461100
1073741824
1072693247
2684354560
90
