Uvec
2226355706
1071833393
3221225472
1070734696
3221225472
1071673343
1610612736
1070619205
3221225472
1070330223
0
1071484106
3221225472
1068518444
0
1071125750
3221225472
1067968940
0
1071498354
3221225472
1068601306
0
1069165288
0
1070666760
0
1072648262
3221225472
1072630246
3221225472
1071725835
2147483648
1072331484
2684354560
1069897714
0
1072686936
2684354560
1071484712
2147483648
1072505926
2147483648
1070939537
2147483648
1071825905
3758096384
1072253117
3758096384
1071869499
3221225472
1069923611
0
1072099364
0
1069702014
2147483648
1071856721
1073741824
1071653754
2684354560
1072123864
2684354560
1069010092
0
1071167987
1073741824
1071670090
2684354560
1067536066
0
1072304269
536870912
1072094651
0
1071841939
3758096384
1072356302
1073741824
1070674240
3221225472
1069602772
0
1071953484
3221225472
1070343032
0
1070230598
2147483648
1070995600
0
1071980323
1073741824
1067142480
0
1072403454
536870912
1069832680
2147483648
1067251540
0
1072133107
536870912
1072339127
3221225472
1071746550
0
1071242603
3221225472
1068010412
0
1064988320
0
1070267810
0
1071710310
1073741824
1069606781
0
1070333510
0
1071201114
2147483648
1071837229
3758096384
1072247717
536870912
1070740584
3221225472
1072467734
2147483648
1070854756
3221225472
1071612585
1073741824
1072295330
2684354560
1072296939
2684354560
1072489593
0
1070974320
3221225472
1070170965
0
1072629692
536870912
1068081902
0
1068591795
0
1071073465
3221225472
1071654180
1073741824
1071801271
0
1072654443
536870912
1071091898
1073741824
1072371042
1610612736
1072069191
536870912
1072343089
536870912
1070048590
0
1072221387
1610612736
1072112677
1610612736
1069514006
0
1071689289
3221225472
1070788534
0
1072163084
2684354560
1071580314
3221225472
1072562045
3221225472
1071874570
3758096384
1071450902
1073741824
1072250380
2684354560
1072184652
2147483648
1071284669
1073741824
1072373515
2684354560
1071461100
1073741824
1072693247
2684354560
24
