Uvec
2226355706
1069394573
0
1071975938
2147483648
1067521810
0
1070228064
0
1069842306
0
1071648893
1610612736
1072485556
3221225472
1069977999
2147483648
1071335404
2147483648
1068901567
0
1072280043
1073741824
1072244681
3221225472
1072423215
2147483648
1071806349
0
1071758250
1073741824
1071655572
3758096384
1070212444
0
1072534534
2147483648
1071490442
3221225472
1067192840
0
1072098698
3221225472
1072520507
3758096384
1070136620
2147483648
1072327867
3221225472
1070138408
0
1071175364
3221225472
1072138741
536870912
1068726535
0
1072613519
3221225472
1070330062
0
1071563725
1073741824
1069904910
2147483648
1072384066
536870912
1070863723
2147483648
1069447218
0
1070967922
1073741824
1069457148
0
1072247659
536870912
1070261527
0
1068846690
0
1071459615
2147483648
1070649947
1073741824
1069575002
2147483648
1071000147
2147483648
1072181628
1073741824
1072410588
3758096384
1072137414
1610612736
1068034312
0
1070362637
0
1071066648
0
1071308858
2147483648
1071704162
536870912
1072517845
1610612736
1071816785
536870912
1071801503
3758096384
1070217030
2147483648
1070463726
0
1071276525
2147483648
1072600586
536870912
1072518169
3758096384
1071035437
0
1066801912
0
1068536860
0
1072406126
3758096384
1070331092
2147483648
1072020193
536870912
1072580678
3758096384
1071167285
1073741824
1072222467
1073741824
1069545379
0
1069147485
0
1070609637
2147483648
1072671663
3758096384
1071729103
1073741824
1069552467
0
1072296415
2147483648
1071606211
1073741824
1072042931
536870912
1071518058
0
1071730361
3221225472
1071665614
536870912
1071799548
2147483648
1069191254
0
1072092276
1610612736
1072334963
2147483648
1072077925
2684354560
1071162978
2147483648
1069419245
0
1069908710
2147483648
1072533520
3221225472
1067528070
0
1066821896
0
1072591020
1610612736
1072303937
2684354560
1072019874
3221225472
1070903565
1073741824
1071659307
1073741824
1070797018
0
1071461100
1073741824
1072693247
2684354560
16
