Uvec
2226355706
1071716380
3221225472
1071786019
1073741824
1070052382
2147483648
1071447279
2147483648
1072683402
536870912
1072317238
1610612736
1071891903
2147483648
1068088810
0
1069802336
0
1071171188
0
1072682756
0
1068048820
0
1071163763
0
1071752785
536870912
1070369407
2147483648
1072103045
0
1068433252
0
1072059404
1073741824
1071711638
1610612736
1071912201
3221225472
1072196009
3221225472
1072133938
0
1071599534
3221225472
1072570796
3758096384
1070930844
2147483648
1070789381
1073741824
1071838386
536870912
1072412705
3221225472
1070235595
0
1072091142
1073741824
1071044058
2147483648
1072305333
2684354560
1071101591
1073741824
1072149897
2684354560
1071268367
2147483648
1070946825
2147483648
1072028858
2147483648
1069701328
0
1072605747
536870912
1069604347
2147483648
1067931574
0
1071664010
1073741824
1072354458
1073741824
1071953212
536870912
1071119775
3221225472
1071710761
0
1072155414
3758096384
1072432571
3758096384
1071441955
2147483648
1072038665
1073741824
1069940729
2147483648
1071894143
2147483648
1071324449
0
1072284920
3758096384
1072631254
0
1071868132
1073741824
1072690200
3221225472
1071698232
0
1068098682
0
1071681371
536870912
1068538609
0
1071771816
3221225472
1070941216
2147483648
1070208931
0
1070565182
2147483648
1070673083
3221225472
1070845255
0
1072268183
2147483648
1072280365
2684354560
1072022260
1073741824
1072448137
1073741824
1071757778
2147483648
1072490557
1610612736
1072598524
2684354560
1071654211
2147483648
1070628336
0
1072088525
536870912
1070797756
3221225472
1069857956
0
1068638283
0
1071883747
1610612736
1064895968
0
1071644828
2147483648
1071935363
0
1071651773
0
1072227417
2684354560
1071588890
1073741824
1072630277
2147483648
1071971211
1610612736
1072533000
3758096384
1072432466
0
1072038128
1610612736
1072097979
2684354560
1071220435
3221225472
1070431980
2147483648
1071886838
3221225472
1071324882
3221225472
1072503450
0
1071461100
1073741824
1072693247
2684354560
71
