Uvec
2226355706
1070994838
0
1070712338
0
1068806933
0
1072343169
2147483648
1070683236
0
1071867003
1610612736
1071636213
1073741824
1071966798
1610612736
1070954418
2147483648
1067619260
0
1072266363
1073741824
1069407219
0
1072113606
3758096384
1071683013
0
1071152786
2147483648
1071900936
3758096384
1071851907
1610612736
1071926038
3758096384
1070259355
0
1071975202
1073741824
1071087854
1073741824
1072135862
0
1069789553
0
1072348228
1610612736
1071930569
536870912
1072420497
3221225472
1072444600
536870912
1070602147
2147483648
1071759700
1073741824
1071869023
1610612736
1071245023
3221225472
1070937543
1073741824
1072548258
2147483648
1072482909
0
1069856294
0
1072616020
1073741824
1072096185
2684354560
1071818424
1610612736
1069783823
0
1071975910
2684354560
1071750823
2147483648
1072019061
3221225472
1065955576
0
1071928426
1073741824
1070599335
1073741824
1071544866
0
1070621836
1073741824
1072022377
1610612736
1072140057
1610612736
1071710947
1073741824
1071624150
2147483648
1071978464
1073741824
1072549272
0
1072356423
3221225472
1072538568
1073741824
1072221044
0
1071005118
3221225472
1071449695
3221225472
1071654912
536870912
1071877981
3758096384
1072483561
1073741824
1070523263
0
1071642200
1073741824
1072094773
2684354560
1072017197
2147483648
1072386130
1073741824
1072328050
0
1070743463
2147483648
1071317210
0
1069960305
0
1071363654
3221225472
1066554124
0
1071657577
0
1068911446
0
1072321689
1073741824
1072384349
2684354560
1072378625
1610612736
1071611990
0
1069476618
0
1068840791
0
1072570319
3221225472
1071839684
1073741824
1072219645
2684354560
1067530602
0
1071088235
2147483648
1069893693
2147483648
1072177865
0
1072351153
2147483648
1072001486
536870912
1071697482
1610612736
1072580376
536870912
1072535209
2684354560
1072241126
1610612736
1072218164
1073741824
1071486997
3221225472
1071123276
1073741824
1072658323
1610612736
1071936000
1073741824
1071461100
1073741824
1072693247
2684354560
51
