Uvec
2226355706
1070797047
0
1071498908
3221225472
1071037815
0
1071665344
3221225472
1069028643
0
1067861178
0
1072326266
1073741824
1071325747
3221225472
1071658468
2684354560
1070625929
0
1072227775
1610612736
1070436832
0
1070281857
0
1070974524
3221225472
1072376045
2147483648
1072183040
536870912
1071569041
1073741824
1070784322
1073741824
1071657492
0
1072138644
536870912
1072592210
2147483648
1072662801
2147483648
1070080159
0
1070072529
2147483648
1071400352
2147483648
1070082216
2147483648
1072683725
3221225472
1071699863
1610612736
1071428746
2147483648
1070390173
2147483648
1070442231
2147483648
1070802833
0
1071756049
0
1070812424
3221225472
1072127080
536870912
1069674908
2147483648
1070398253
0
1071889700
1073741824
1070736547
2147483648
1070092864
2147483648
1071425169
3221225472
1066665088
0
1068127198
0
1069759069
2147483648
1071547459
2147483648
1071387865
2147483648
1071702393
2147483648
1071237347
3221225472
1070882429
3221225472
1071769796
3758096384
1071641014
1073741824
1071230508
2147483648
1071372936
2147483648
1072094807
3221225472
1072227779
2147483648
1069609369
2147483648
1069642878
0
1071820638
2684354560
1069982878
0
1068670899
0
1072518969
3221225472
1072035103
536870912
1071667719
2147483648
1070632502
3221225472
1070652912
1073741824
1072463552
2684354560
1072014099
2684354560
1070527661
2147483648
1071745949
1610612736
1071451621
3221225472
1071596883
1073741824
1069421487
0
1070867433
1073741824
1070686484
0
1072282353
536870912
1070157064
2147483648
1070867543
3221225472
1071470982
2147483648
1071652193
0
1071843993
2147483648
1071653638
1610612736
1067126548
0
1072621122
1073741824
1069812158
0
1071351689
0
1072686737
2147483648
1070762900
1073741824
1069257115
0
1067649200
0
1072522521
1073741824
1069104432
0
1067887206
0
1070712094
0
1072300722
536870912
1071604417
1073741824
1071680192
3758096384
1072432231
536870912
1070956439
1073741824
1071461100
1073741824
1072693247
2684354560
37
