Uvec
2226355706
1069284983
0
1070083029
0
1069633033
0
1072433212
3221225472
1070965998
3221225472
1068825266
0
1071019329
2147483648
1071459591
2147483648
1070415611
2147483648
1071757699
3221225472
1071652486
2147483648
1071332100
1073741824
1071001209
3221225472
1071464766
2147483648
1069150642
0
1071096536
2147483648
1067487744
0
1070517063
0
1071961192
536870912
1069022401
0
1071532827
2147483648
1071107175
0
1072158029
536870912
1072568443
0
1072260212
3221225472
1071346464
2147483648
1069927316
2147483648
1070612724
3221225472
1069057667
0
1072035873
1610612736
1070937927
0
1072663014
1610612736
1072001439
3758096384
1071861967
0
1070684128
1073741824
1069462061
0
1070714892
0
1070781749
3221225472
1072278199
1073741824
1071443253
1073741824
1057466368
0
1072128227
1610612736
1068680850
0
1072184250
1073741824
1071471336
0
1071767600
2684354560
1070982157
1073741824
1072327738
1073741824
1071443980
2147483648
1067573784
0
1070006541
2147483648
1070295323
2147483648
1071718391
2684354560
1068290158
0
1072689555
2147483648
1071712283
2684354560
1071806610
0
1071752659
536870912
1072656614
2147483648
1072398119
536870912
1070093632
2147483648
1072521769
1073741824
1071282910
1073741824
1071824703
2684354560
1072523661
1073741824
1071384844
1073741824
1071178661
3221225472
1072424123
3758096384
1065558864
0
1068974352
0
1071922686
1610612736
1069876718
2147483648
1069448758
0
1071955060
3758096384
1072321843
536870912
1070879217
1073741824
1066875484
0
1069340127
0
1069419274
0
1071838229
1073741824
1067936854
0
1070634295
1073741824
1068757149
0
1069782445
0
1070687971
3221225472
1069418811
0
1072174684
3221225472
1072098435
2684354560
1070828678
3221225472
1070996160
2147483648
1068906527
0
1069795471
2147483648
1071425215
1073741824
1071768379
2684354560
1067470512
0
1070832445
1073741824
1071325610
3221225472
1070599936
3221225472
1071461100
1073741824
1072693247
2684354560
15
