Uvec
2226355706
1071533315
0
1071307727
0
1070392152
0
1072202272
2684354560
1069891086
2147483648
1071691264
3221225472
1070690354
2147483648
1070997572
0
1072048319
1610612736
1071755675
1610612736
1072675679
0
1072149263
2147483648
1068968981
0
1069517947
0
1071838096
3221225472
1071985699
0
1072381646
3221225472
1072287013
2684354560
1070669629
2147483648
1071687519
0
1072600071
3758096384
1071071509
0
1069967693
2147483648
1072278058
536870912
1071361772
2147483648
1072478654
3221225472
1072658775
1073741824
1071637276
0
1072445187
0
1071194874
3221225472
1071051342
1073741824
1071728883
2147483648
1071654510
3758096384
1071602683
1073741824
1071496379
1073741824
1069949854
2147483648
1071495703
1073741824
1070020736
2147483648
1071317812
0
1072569582
1610612736
1070289987
2147483648
1072606124
1073741824
1072628402
1073741824
1072079203
536870912
1070627687
0
1069569779
2147483648
1071259937
0
1072630818
2684354560
1070435331
0
1071147616
3221225472
1071825280
536870912
1071363577
0
1072175867
1073741824
1072506532
2147483648
1070545196
0
1071855411
1610612736
1071178857
3221225472
1072576920
0
1072322371
1073741824
1071853814
3221225472
1070275434
2147483648
1072450545
0
1068570115
0
1072054278
2147483648
1070894336
1073741824
1071833901
3221225472
1072104329
536870912
1071688771
2147483648
1072341675
2684354560
1072471434
3221225472
1072015941
1610612736
1072505709
3758096384
1070501002
0
1071852317
536870912
1066730608
0
1070184385
0
1068163670
0
1072523403
536870912
1069048788
0
1072190788
536870912
1072626264
0
1072430845
1073741824
1070822893
1073741824
1072160331
3221225472
1071936179
536870912
1071659573
2147483648
1072461928
0
1069806557
0
1072541123
536870912
1071444614
1073741824
1071236071
1073741824
1072311146
2147483648
1072525176
536870912
1072447655
2684354560
1072231823
536870912
1072369552
1610612736
1065159168
0
1072370556
536870912
1071461100
1073741824
1072693247
2684354560
12
