Uvec
2226355706
1072351442
3221225472
1071630587
0
1072546525
2147483648
1072672635
1610612736
1072202347
536870912
1069239472
0
1070397518
2147483648
1072417256
536870912
1072358591
2684354560
1071829238
2684354560
1070802376
1073741824
1070732750
2147483648
1072352740
3221225472
1072024189
3758096384
1072503542
0
1072479759
1073741824
1069640545
2147483648
1071119092
2147483648
1071748053
0
1072637013
3758096384
1067450924
0
1072321574
1610612736
1071489692
2147483648
1070103068
2147483648
1071324519
3221225472
1071300723
1073741824
1071016387
3221225472
1069217964
0
1072026887
2684354560
1070899346
0
1071730563
2684354560
1070896809
2147483648
1071770912
536870912
1072033317
1610612736
1065967160
0
1070256667
0
1070326437
2147483648
1072476768
2147483648
1072093449
536870912
1067643766
0
1072637101
1073741824
1069688972
2147483648
1070765772
0
1072019003
2147483648
1069738274
2147483648
1072189258
2147483648
1071784138
1073741824
1066581584
0
1071949147
0
1072455350
2147483648
1071396952
1073741824
1072027161
0
1071345788
2147483648
1071714085
3758096384
1072216250
1073741824
1069754926
0
1072469598
2147483648
1071445561
3221225472
1069889005
2147483648
1072007791
3221225472
1071401518
2147483648
1070268527
0
1069636524
2147483648
1070244408
0
1072054295
2684354560
1071761631
536870912
1072458720
1073741824
1069383627
0
1070760285
1073741824
1069071520
0
1070930779
1073741824
1070920370
3221225472
1072689295
3758096384
1071857350
3221225472
1071444168
1073741824
1072040234
1610612736
1069459199
0
1071845902
3221225472
1072281660
3758096384
1071460091
2147483648
1071862293
2684354560
1069046832
0
1069497922
0
1071776239
2684354560
1072524206
0
1071726055
3221225472
1069324230
0
1072333482
1073741824
1070740435
1073741824
1071776771
1073741824
1070573080
0
1069939237
0
1072525654
2147483648
1072682775
3758096384
1072036378
536870912
1071924401
3221225472
1069979446
0
1072402963
0
1071461100
1073741824
1072693247
2684354560
51
