Uvec
2226355706
1070628705
1073741824
1072625682
3221225472
1072408137
3221225472
1070188190
2147483648
1072530480
0
1069995586
2147483648
1072263420
1610612736
1067464586
0
1070949221
3221225472
1065707336
0
1069957997
2147483648
1072628190
3758096384
1070195647
0
1071071065
3221225472
1071962072
0
1071517753
0
1072185190
3221225472
1071930627
0
1072371059
536870912
1071825013
3758096384
1072628479
3221225472
1071474658
0
1071666130
2147483648
1072427828
536870912
1071952050
1073741824
1072176832
1073741824
1068799944
0
1069696290
2147483648
1072351440
2684354560
1071823448
1610612736
1069812849
0
1071646177
3221225472
1071955855
536870912
1071509372
2147483648
1071079458
0
1071714331
536870912
1072017152
2147483648
1072364689
1073741824
1069403069
0
1072128215
3758096384
1072258323
0
1071962578
3758096384
1070110221
2147483648
1071367463
1073741824
1072626170
3758096384
1071437212
0
1071967063
1610612736
1071273556
0
1072391006
1610612736
1071823993
2684354560
1072680545
0
1069562482
0
1072036092
1610612736
1072166794
0
1072162201
536870912
1069779375
2147483648
1071205411
3221225472
1072319306
2147483648
1072592174
3758096384
1068633898
0
1070427537
2147483648
1072644006
0
1072424624
2147483648
1069719590
2147483648
1072320613
536870912
1072111847
2684354560
1071858555
3758096384
1071833210
3221225472
1070941329
3221225472
1071885831
3221225472
1072042997
2684354560
1071380448
2147483648
1071899740
3221225472
1071239933
3221225472
1068981859
0
1071415391
3221225472
1072104465
1610612736
1071700201
2147483648
1071030943
2147483648
1072640739
0
1071942772
1610612736
1070679438
1073741824
1071295269
0
1069663416
0
1072663662
1610612736
1072283657
3758096384
1072493456
1610612736
1064348816
0
1071161402
2147483648
1072336192
1073741824
1071011504
1073741824
1070668093
3221225472
1071263900
0
1072474448
1073741824
1065504664
0
1072517227
2147483648
1070972394
3221225472
1071907755
3758096384
1071461100
1073741824
1072693247
2684354560
84
