Uvec
2226355706
1072053002
0
1070838910
1073741824
1070324583
0
1071067348
1073741824
1072545357
0
1070800057
3221225472
1069607130
0
1069960972
2147483648
1071062811
3221225472
1070006129
0
1068468510
0
1072103028
3758096384
1071828985
536870912
1071899356
0
1071511829
1073741824
1072102286
536870912
1070559003
2147483648
1071942594
1073741824
1072459101
2147483648
1068903344
0
1068557969
0
1071224172
3221225472
1072579213
536870912
1068482134
0
1072360942
3221225472
1072481397
2147483648
1070586504
2147483648
1072373037
0
1072439267
1073741824
1071809475
3221225472
1071831304
1073741824
1067984130
0
1071979202
1073741824
1068623871
0
1069962340
0
1071309750
3221225472
1066969028
0
1072570583
536870912
1070110734
2147483648
1071167694
3221225472
1070768932
3221225472
1067117480
0
1069747081
0
1070624336
1073741824
1072483055
3758096384
1070838579
3221225472
1072240468
536870912
1072675708
1073741824
1070941968
1073741824
1070845448
2147483648
1070672856
0
1072530486
3758096384
1072093219
1610612736
1072543949
3221225472
1069308803
0
1072168511
3758096384
1072156013
536870912
1071908482
536870912
1071774861
3758096384
1072096886
2147483648
1070884036
1073741824
1072625151
3221225472
1071187380
2147483648
1071964825
1610612736
1072137243
3758096384
1071211967
3221225472
1072375756
3758096384
1071415847
0
1070596663
1073741824
1071045048
3221225472
1071303977
1073741824
1072676494
2684354560
1070305509
2147483648
1068965612
0
1070571932
2147483648
1071865915
0
1072571974
3221225472
1067519374
0
1071789200
3221225472
1070178155
2147483648
1070175428
2147483648
1070933700
2147483648
1069316143
0
1072373619
2684354560
1068793415
0
1070471495
2147483648
1071829447
3758096384
1071329815
2147483648
1071836881
1610612736
1072552257
0
1072186739
1073741824
1071722712
2684354560
1071261453
3221225472
1072124003
1610612736
1069774082
2147483648
1070335770
0
1070479145
2147483648
1072597488
536870912
1071461100
1073741824
1072693247
2684354560
82
