Uvec
2226355706
1071095457
2147483648
1070999234
0
1071257304
0
1066574136
0
1071775778
2147483648
1069550102
0
1071325891
0
1072093703
3221225472
1070346463
0
1070542271
2147483648
1070453337
0
1070734288
1073741824
1072399550
2147483648
1069642977
2147483648
1062813184
0
1072320476
0
1071880037
1073741824
1070282341
0
1071705038
2684354560
1072383003
2147483648
1072103283
3758096384
1068208748
0
1072027229
1073741824
1070602038
2147483648
1072171207
0
1072550010
2147483648
1069774319
2147483648
1072571275
3758096384
1072273575
3758096384
1071341169
3221225472
1071236721
2147483648
1066119384
0
1071606262
2147483648
1071613239
1073741824
1071435821
1073741824
1070013531
0
1072171682
2147483648
1072323878
1610612736
1068575382
0
1071039383
1073741824
1069682160
0
1069980126
0
1071035997
1073741824
1070787389
3221225472
1072622575
1073741824
1070797676
0
1069948925
0
1072639406
3221225472
1072483461
1610612736
1071859979
1610612736
1072366443
2684354560
1069149746
0
1072176071
3221225472
1071201177
2147483648
1069758127
0
1072423599
3758096384
1072354794
3221225472
1071890844
1610612736
1072018129
3758096384
1072606190
3758096384
1070625036
0
1070418016
0
1072434453
3221225472
1071568886
3221225472
1072646079
1610612736
1070609254
3221225472
1072294641
3221225472
1072128965
1610612736
1072209174
3221225472
1070405011
2147483648
1072550201
2147483648
1069778337
2147483648
1071497901
3221225472
1072026262
3758096384
1068955839
0
1072535218
3758096384
1069845566
0
1069630443
0
1071800986
0
1068523179
0
1072360801
2684354560
1067469878
0
1072185107
2684354560
1069703077
2147483648
1072042340
1610612736
1069470594
0
1071426320
0
1071517227
0
1065308416
0
1072197384
1073741824
1071802870
2147483648
1072678623
0
1072350245
3758096384
1069691576
0
1072665223
3221225472
1071781623
536870912
1072046407
1073741824
1072068568
1610612736
1071461100
1073741824
1072693247
2684354560
58
