Uvec
2226355706
1072219590
3221225472
1072209742
0
1070961719
1073741824
1072657171
3221225472
1071167069
0
1067719098
0
1071737223
1610612736
1071407221
0
1072038348
536870912
1072236454
3758096384
1071148982
1073741824
1071136689
1073741824
1072468683
0
1070614401
0
1071833832
1610612736
1071516722
2147483648
1072509157
2684354560
1071329124
3221225472
1072118408
0
1071660884
0
1072650536
536870912
1071738043
536870912
1071575778
0
1071648352
2147483648
1072288788
2147483648
1069480201
0
1072060382
0
1068422554
0
1072464355
3758096384
1070922375
1073741824
1072393133
2684354560
1071597151
1073741824
1071743506
2147483648
1067285596
0
1072582734
3221225472
1071729839
0
1068899445
0
1072442215
2147483648
1071428609
1073741824
1071779082
1610612736
1071844959
0
1072033759
1073741824
1071810296
1610612736
1071751616
1610612736
1072662121
1073741824
1071223451
0
1070705884
0
1071972610
3758096384
1072525724
1073741824
1066760212
0
1069317199
0
1071344685
1073741824
1071525436
0
1071344277
0
1072105267
3758096384
1071034352
3221225472
1069944383
0
1072253313
0
1071953148
1610612736
1070883896
1073741824
1072103709
1610612736
1071381432
2147483648
1071595137
1073741824
1072158473
0
1072512658
3758096384
1070948716
0
1072011781
2684354560
1071858558
2684354560
1070989636
3221225472
1072482290
2684354560
1069624132
2147483648
1070676779
1073741824
1072096351
1073741824
1072266281
536870912
1069623719
2147483648
1070684495
1073741824
1067174832
0
1070959402
0
1066629968
0
1070858324
2147483648
1070624673
0
1071197495
2147483648
1071903991
1610612736
1071559655
0
1072106082
3758096384
1070902962
3221225472
1072166778
0
1071317874
2147483648
1071328278
3221225472
1071967814
0
1070875481
0
1067613920
0
1072069769
0
1070427690
0
1071563098
0
1069692419
0
1071946504
0
1070114752
2147483648
1071461100
1073741824
1072693247
2684354560
41
