Uvec
2226355706
1072544760
2147483648
1072430378
0
1072231098
1610612736
1072185421
1073741824
1070653358
1073741824
1072315307
536870912
1068816481
0
1072626315
2684354560
1070652892
1073741824
1064589824
0
1072294662
3221225472
1071435221
2147483648
1069391988
0
1071468935
3221225472
1072555090
3758096384
1071709982
3221225472
1071726691
3221225472
1065722888
0
1072396331
1610612736
1068437800
0
1071173009
0
1071329055
0
1069580366
2147483648
1068526190
0
1072013873
2684354560
1072280900
3758096384
1069463227
0
1071119157
2147483648
1071500262
3221225472
1070435794
0
1068784023
0
1069567498
0
1069849315
0
1069109404
0
1071863242
3221225472
1069162846
0
1069045442
0
1071161236
3221225472
1071914319
1073741824
1071498977
2147483648
1071140352
3221225472
1071058185
0
1070752464
0
1072057477
3221225472
1071220319
2147483648
1069206628
0
1065624992
0
1072600542
536870912
1072507470
0
1072130026
2147483648
1066541012
0
1071902600
2147483648
1072251320
3221225472
1071698484
1073741824
1069848271
2147483648
1069994987
2147483648
1071826317
3758096384
1069945206
2147483648
1072113100
2684354560
1072620495
536870912
1072406232
536870912
1070222823
2147483648
1068030766
0
1072460789
0
1072366394
2147483648
1071798724
2147483648
1071366896
0
1068582484
0
1071663365
2147483648
1072481315
3758096384
1071496494
3221225472
1070892107
2147483648
1070721575
2147483648
1071359599
3221225472
1071282169
2147483648
1072555544
1610612736
1072429113
3758096384
1072254147
3221225472
1072297242
1073741824
1071649588
1073741824
1072447799
1610612736
1071765714
1073741824
1072061834
1073741824
1069072444
0
1070316708
2147483648
1072087824
2147483648
1070974310
0
1072690583
2684354560
1071639207
1073741824
1071779668
1610612736
1068802259
0
1071744558
1073741824
1072578298
1610612736
1068086812
0
1072325085
2684354560
1072620485
1610612736
1072124350
0
1067904548
0
1071461100
1073741824
1072693247
2684354560
19
