Uvec
2226355706
1069557444
2147483648
1071872800
2684354560
1070413830
2147483648
1072049160
1073741824
1072061835
0
1071489982
0
1072587134
2147483648
1071442251
2147483648
1070878089
3221225472
1072525101
536870912
1070104521
0
1070141344
2147483648
1072447865
1073741824
1070885431
3221225472
1070688368
0
1069556105
2147483648
1072468269
0
1072357583
0
1071862660
3758096384
1071760213
0
1071432003
2147483648
1070800207
1073741824
1072269783
2684354560
1071234633
1073741824
1069548573
2147483648
1072494066
1073741824
1071272991
1073741824
1071904984
0
1072184403
3221225472
1071716478
1073741824
1072092328
0
1070776358
0
1071082137
2147483648
1072273614
1610612736
1071704451
536870912
1069921660
0
1071704390
1610612736
1072091304
3221225472
1072097670
2147483648
1071333327
0
1071709203
536870912
1072042733
0
1070188841
0
1072071937
0
1072056326
1073741824
1071961706
2684354560
1071805485
536870912
1071825235
536870912
1071473270
0
1070958924
2147483648
1072001297
2684354560
1071457743
1073741824
1071136901
3221225472
1069388091
0
1068268754
0
1069317892
0
1070930000
1073741824
1070922773
1073741824
1072145338
536870912
1071783447
536870912
1070548882
0
1069553491
0
1072597897
2684354560
1072006168
2147483648
1067674774
0
1071779362
3221225472
1070934088
2147483648
1072147327
3221225472
1070915914
3221225472
1067902382
0
1071000830
0
1069991537
0
1071608546
1073741824
1072054184
536870912
1072485605
536870912
1071862405
2684354560
1071881345
2147483648
1072379512
3758096384
1070624812
3221225472
1071967365
2684354560
1072418259
3758096384
1069428221
0
1072659448
0
1071428945
0
1072197291
3221225472
1072142025
2684354560
1072232216
2147483648
1072574829
2147483648
1072033651
2147483648
1070864764
1073741824
1070063522
2147483648
1071562443
1073741824
1071540452
3221225472
1067320820
0
1072644738
1073741824
1067218812
0
1071089960
0
1071793207
1610612736
1071461100
1073741824
1072693247
2684354560
80
