Uvec
2226355706
1072513126
2147483648
1069654835
0
1071788007
2147483648
1071605117
3221225472
1071519877
3221225472
1072227067
1073741824
1072339642
0
1072233460
3758096384
1072451921
2684354560
1070034638
2147483648
1072156910
1073741824
1072465603
2684354560
1072344048
3758096384
1071825868
1073741824
1071883691
3758096384
1072378348
536870912
1071866460
1610612736
1070339023
0
1071919667
0
1071563931
2147483648
1072188649
1073741824
1071320257
1073741824
1069388214
0
1072331089
3221225472
1072622339
1073741824
1071898386
2684354560
1068501342
0
1071102120
0
1070903371
0
1070535819
2147483648
1072666766
2147483648
1072037028
1073741824
1071920177
0
1070549361
0
1067126924
0
1071775402
3758096384
1071434055
1073741824
1072044585
1610612736
1071458851
3221225472
1072615279
536870912
1071991231
3758096384
1072314628
2147483648
1070734918
0
1069952568
2147483648
1071741731
0
1072293029
3758096384
1072168231
536870912
1071922828
2684354560
1071640940
3221225472
1069832207
0
1071670945
536870912
1069567716
0
1072056820
2684354560
1071708047
1610612736
1071888008
1073741824
1071803925
2147483648
1070998574
2147483648
1071345984
1073741824
1072127740
1073741824
1072652477
536870912
1071096808
2147483648
1068737440
0
1067835630
0
1071539032
0
1072289309
536870912
1072368144
2147483648
1066525296
0
1070818666
0
1071700144
3221225472
1070660742
1073741824
1072407993
1073741824
1072545442
1073741824
1072393994
536870912
1071278916
2147483648
1068326980
0
1070698119
0
1072376886
2147483648
1071853030
3221225472
1071978154
2684354560
1072077785
1610612736
1071881596
0
1070275771
0
1071605058
0
1071923761
3221225472
1071850599
2684354560
1071662934
0
1068825764
0
1070937141
1073741824
1070557459
2147483648
1072055872
2684354560
1071186550
2147483648
1070035878
0
1071993687
3221225472
1065132256
0
1072520894
536870912
1068242256
0
1071154190
0
1072241993
2147483648
1071461100
1073741824
1072693247
2684354560
47
