Uvec
2226355706
1069679665
0
1071121147
3221225472
1068846161
0
1072582114
2684354560
1071658756
3221225472
1071973222
1073741824
1069569136
0
1071124146
1073741824
1071893553
2147483648
1070232154
0
1070155723
2147483648
1072079644
3221225472
1072298794
1073741824
1071550494
2147483648
1072452081
3221225472
1070875890
2147483648
1072243968
2684354560
1069740909
2147483648
1072141958
1073741824
1072294719
2147483648
1072684814
536870912
1071572380
1073741824
1067763226
0
1072648401
3221225472
1072658262
2684354560
1069407531
0
1071032186
2147483648
1070333523
2147483648
1071222894
2147483648
1070399516
2147483648
1071328933
1073741824
1071490439
1073741824
1071877672
3758096384
1072278733
3758096384
1072548030
3221225472
1066139320
0
1071400478
2147483648
1072431136
2684354560
1072309413
2147483648
1072274357
1073741824
1072665592
536870912
1072640963
3758096384
1072392637
1610612736
1072566146
2147483648
1071709586
536870912
1072349294
1073741824
1070973953
0
1072406458
1073741824
1072275348
536870912
1072098561
3758096384
1071751610
2684354560
1069437555
0
1072153231
1610612736
1071834958
3758096384
1072631998
3221225472
1072149882
536870912
1068527888
0
1072362289
3758096384
1070972887
1073741824
1070613968
2147483648
1071231987
0
1071918496
536870912
1072494299
1610612736
1072458056
3758096384
1072350034
3758096384
1071688180
1073741824
1070756707
3221225472
1071387120
1073741824
1070410529
0
1070704149
1073741824
1071307203
2147483648
1071137304
1073741824
1070359810
2147483648
1070421063
0
1072359803
2147483648
1072029735
1610612736
1072062324
2684354560
1072110007
1610612736
1072622969
1610612736
1071076356
1073741824
1072350237
536870912
1072352754
1073741824
1072467252
2147483648
1072662719
0
1070449219
0
1071259250
3221225472
1072304249
0
1071797004
1073741824
1072172869
1073741824
1071441484
1073741824
1070821163
2147483648
1071945748
1610612736
1071700672
536870912
1072378605
3758096384
1071117600
0
1071330464
0
1071673835
3758096384
1066972756
0
1071461100
1073741824
1072693247
2684354560
24
