Uvec
2226355706
1069950891
0
1072072972
2684354560
1071818035
3221225472
1071147486
0
1070126124
0
1070279895
0
1070045316
0
1071535148
2147483648
1072262625
536870912
1072473456
2147483648
1071356972
0
1071186559
3221225472
1072097630
0
1071697462
2684354560
1066739824
0
1071180737
3221225472
1071119864
1073741824
1072423162
536870912
1069368724
0
1067983496
0
1057142784
0
1072667882
3758096384
1070787507
1073741824
1071688892
1073741824
1070369473
0
1067618152
0
1070650918
2147483648
1070565446
2147483648
1071790373
536870912
1070349400
0
1070814929
1073741824
1072576432
3221225472
1072541409
1610612736
1071700793
0
1072605169
1610612736
1072185775
0
1071598035
1073741824
1072454106
3758096384
1071551088
0
1070679817
1073741824
1071969257
1073741824
1070742885
3221225472
1071926520
3758096384
1072013828
2147483648
1072131706
2684354560
1071363520
0
1068919356
0
1071803111
3221225472
1072069878
3221225472
1071672087
2684354560
1071356738
0
1068229576
0
1070598697
0
1071174927
0
1072329738
2684354560
1071871098
3758096384
1071341282
1073741824
1069574791
2147483648
1070750706
3221225472
1069973279
0
1072248619
1073741824
1072361433
536870912
1067776402
0
1070721174
3221225472
1068315382
0
1068785063
0
1071676586
2147483648
1071681357
3758096384
1068875220
0
1072326259
2684354560
1072683284
2147483648
1071895931
2147483648
1072021657
3221225472
1072387961
2684354560
1071946955
1073741824
1069186729
0
1070473166
0
1071536175
0
1071709830
536870912
1071826922
1610612736
1061378560
0
1072589972
3221225472
1070873466
2147483648
1071292886
0
1072290915
536870912
1070724214
3221225472
1072397589
2147483648
1071356330
0
1072055631
0
1070874242
2147483648
1071418406
2147483648
1070020852
2147483648
1072288046
1610612736
1072144011
1610612736
1072433326
536870912
1071497055
1073741824
1069788616
2147483648
1071826973
3758096384
1071461100
1073741824
1072693247
2684354560
76
