Uvec
2226355706
1072345363
2684354560
1071879711
3221225472
1071846724
2684354560
1071460259
1073741824
1071409630
0
1072110660
1073741824
1071723008
2684354560
1071974058
3758096384
1071772712
1610612736
1070868966
1073741824
1071304074
1073741824
1070629842
2147483648
1071737565
536870912
1067134604
0
1070466724
0
1071486478
1073741824
1065217552
0
1068368156
0
1070862317
1073741824
1071206223
3221225472
1072547684
3758096384
1067302120
0
1070275211
2147483648
1071963983
3221225472
1071259965
2147483648
1071684544
2147483648
1068262252
0
1072642769
1073741824
1072181088
1610612736
1071813596
1073741824
1070429460
2147483648
1072412502
3758096384
1070699256
1073741824
1070741045
1073741824
1071958913
3758096384
1071107372
1073741824
1070892612
0
1072408281
1610612736
1072308301
536870912
1072170441
2147483648
1071661494
3221225472
1072102777
3758096384
1071920640
1610612736
1071771003
2684354560
1070762320
2147483648
1072023097
3221225472
1071743474
0
1071610744
2147483648
1069935465
2147483648
1072073595
536870912
1072439049
1610612736
1072198208
536870912
1072121912
3758096384
1071839294
536870912
1071635172
3221225472
1070997826
0
1067786616
0
1071658436
3221225472
1071959343
3221225472
1071782613
0
1071614953
1073741824
1071231680
0
1071813583
2147483648
1068818714
0
1072039152
1610612736
1072061509
1073741824
1071963443
3221225472
1071961275
1073741824
1070191849
2147483648
1070746032
1073741824
1070865619
3221225472
1071900550
0
1069071274
0
1071894926
3221225472
1071957550
1610612736
1070154500
2147483648
1072277367
536870912
1071532998
0
1072390487
536870912
1072074348
2147483648
1069707630
2147483648
1071439593
0
1072306399
2147483648
1071953336
3221225472
1072085780
3221225472
1071147984
3221225472
1065416424
0
1071996658
3758096384
1072084855
0
1071657026
2147483648
1070785814
0
1071027303
2147483648
1072565234
3758096384
1071770010
0
1072391928
3221225472
1071303205
2147483648
1071439849
2147483648
1072480361
0
1071461100
1073741824
1072693247
2684354560
87
