Uvec
2226355706
1072034137
3221225472
1072257062
0
1072120413
2684354560
1071927022
536870912
1072295942
2147483648
1072168741
1610612736
1072274471
1610612736
1072180220
2147483648
1072501900
1610612736
1071910174
2684354560
1071963343
536870912
1072444475
0
1070768943
1073741824
1070129701
2147483648
1068561259
0
1072004362
3758096384
1069017844
0
1071714696
3758096384
1071229305
3221225472
1071647414
2684354560
1070335429
0
1072329061
3221225472
1070805101
2147483648
1070615217
0
1071569665
3221225472
1070769874
2147483648
1071742739
1610612736
1072259292
1073741824
1064405008
0
1071892370
2147483648
1072511431
536870912
1072364529
2684354560
1068587480
0
1072049858
3221225472
1072620374
3221225472
1071405338
1073741824
1072413400
2684354560
1067533050
0
1071598134
3221225472
1071396328
3221225472
1071522476
2147483648
1068294534
0
1068642405
0
1070600027
0
1070713726
3221225472
1071846322
2684354560
1071759458
0
1070679967
1073741824
1071717550
2684354560
1072685916
2684354560
1070473366
2147483648
1063605856
0
1071842882
2684354560
1072236536
3221225472
1072215085
3221225472
1071776591
536870912
1071782579
1610612736
1072605250
1073741824
1067066252
0
1068693589
0
1072134926
2684354560
1072311790
2684354560
1071546744
0
1070848489
3221225472
1072299193
3221225472
1072155684
0
1071226592
3221225472
1072479564
2147483648
1070620039
3221225472
1071616062
1073741824
1072661802
1610612736
1071966856
1073741824
1071870853
2147483648
1071925095
3758096384
1068849363
0
1072551943
1073741824
1072120627
2684354560
1072575084
1073741824
1072184613
536870912
1071359891
0
1072536634
0
1070565946
0
1071073000
2147483648
1072500186
1610612736
1071207626
3221225472
1072300759
1610612736
1071552323
0
1069375081
0
1071942185
2684354560
1072266270
1610612736
1072304353
1610612736
1070650594
2147483648
1070593141
0
1070829994
2147483648
1071959261
536870912
1072205034
2147483648
1071728701
3221225472
1068830128
0
1071461100
1073741824
1072693247
2684354560
2
