Uvec
2226355706
1070875673
2147483648
1069751913
0
1070907800
1073741824
1071560508
2147483648
1069988724
2147483648
1070373732
0
1071846322
1073741824
1071729754
3758096384
1071688780
3758096384
1070769554
0
1072190992
2684354560
1070883501
2147483648
1072484375
2147483648
1069118703
0
1072416990
1610612736
1072657606
0
1066932016
0
1072259090
536870912
1072454903
3758096384
1070762259
3221225472
1070279227
0
1071993576
2147483648
1072574389
1073741824
1072627634
3221225472
1071890125
0
1071484020
0
1072668166
2684354560
1071157428
3221225472
1072676574
0
1070587758
2147483648
1070046677
2147483648
1069695220
2147483648
1070427303
2147483648
1071383544
3221225472
1071559386
1073741824
1071692175
536870912
1069606250
0
1072227696
1610612736
1072016536
3221225472
1070021115
0
1072397548
536870912
1072491724
1610612736
1072602557
2147483648
1072165291
2684354560
1072110829
3758096384
1070996363
1073741824
1071356556
1073741824
1069657133
0
1070754015
0
1071592402
3221225472
1072476622
1073741824
1072645737
2147483648
1071559872
3221225472
1072405466
2147483648
1071306700
0
1072009648
1073741824
1068723899
0
1072341818
2684354560
1071593565
2147483648
1070695033
1073741824
1072490982
3221225472
1071886411
0
1070349159
2147483648
1068537436
0
1071361409
1073741824
1072002199
2684354560
1072564722
1610612736
1072295419
536870912
1072210548
1073741824
1072071407
3758096384
1071667126
0
1072253965
3221225472
1071362197
1073741824
1072237124
2147483648
1070393123
2147483648
1071939347
1073741824
1072632705
1073741824
1072607923
2147483648
1066055688
0
1068971013
0
1067453852
0
1072583745
2684354560
1065139776
0
1072184971
2684354560
1069404379
0
1071978038
1610612736
1071492442
2147483648
1071503385
0
1072264597
2147483648
1072494203
2684354560
1065462312
0
1072220363
3758096384
1071746865
2147483648
1071010024
0
1072559920
1610612736
1071974344
3221225472
1072022832
536870912
1072036395
1073741824
1071461100
1073741824
1072693247
2684354560
40
