Uvec
2226355706
1070145979
2147483648
1071752960
3758096384
1071683461
0
1071432339
3221225472
1071689488
0
1070562396
0
1066553180
0
1072597663
2684354560
1072344983
1610612736
1071669149
3758096384
1072026047
0
1071924668
0
1072404286
2147483648
1071053669
1073741824
1071802218
1610612736
1069741748
0
1068043474
0
1071004384
0
1072331469
1610612736
1070737059
1073741824
1068254368
0
1072375068
3758096384
1071270675
3221225472
1071696905
1073741824
1070026136
2147483648
1070680175
3221225472
1070902763
3221225472
1071003688
2147483648
1068614413
0
1072321763
3758096384
1069917805
0
1072315629
536870912
1072454694
1073741824
1069832665
0
1072523483
2684354560
1071484839
1073741824
1071036435
1073741824
1072420124
1073741824
1070368897
0
1072079568
1073741824
1072402240
3758096384
1070785105
3221225472
1072088948
1073741824
1072287418
1073741824
1070283867
0
1066208192
0
1071400281
3221225472
1072242201
2147483648
1072337998
1610612736
1072494791
0
1071585075
2147483648
1071572927
3221225472
1071749057
1073741824
1071484000
3221225472
1072410110
0
1072614073
3221225472
1071710593
3221225472
1065547336
0
1069726622
0
1071932729
1610612736
1067499554
0
1071941631
3221225472
1071853522
1610612736
1072153301
1610612736
1071650239
2147483648
1071177315
2147483648
1070156902
0
1070851860
2147483648
1071912922
2147483648
1072271225
0
1072496320
0
1072464367
3221225472
1071172419
1073741824
1071999218
536870912
1071856134
536870912
1072119142
3221225472
1071698202
2147483648
1071991063
3758096384
1072646575
0
1072317488
536870912
1071904926
0
1071224227
3221225472
1071326560
0
1072006127
3221225472
1071329670
0
1071659042
2147483648
1071893154
2684354560
1072032438
2684354560
1071532430
3221225472
1070585793
0
1070540910
2147483648
1071176168
3221225472
1071301526
3221225472
1069702640
2147483648
1072371080
0
1072341150
3221225472
1072313253
2684354560
1071048989
0
1071461100
1073741824
1072693247
2684354560
41
