Uvec
2226355706
1071966451
2684354560
1069246852
0
1071865252
3758096384
1067542392
0
1071950489
1610612736
1072371866
1610612736
1072154207
1610612736
1071205786
0
1065714800
0
1072315256
3758096384
1072466219
1610612736
1071579918
0
1070809550
1073741824
1072538667
2684354560
1072611397
3221225472
1068034030
0
1065940808
0
1068602212
0
1072526886
1073741824
1070751823
2147483648
1071672784
0
1065763704
0
1071725688
0
1072417964
3221225472
1072110658
3758096384
1071751954
2147483648
1071978027
2147483648
1072635650
2684354560
1067529960
0
1071749453
2147483648
1070938310
0
1072253146
2684354560
1072078161
1610612736
1070628384
1073741824
1071748576
1610612736
1072503943
1073741824
1070353663
0
1071037880
3221225472
1072665789
3758096384
1071641016
1073741824
1071298243
2147483648
1070255814
2147483648
1070642277
2147483648
1068471334
0
1070970777
2147483648
1072580474
2684354560
1072591595
0
1070735950
1073741824
1071188807
2147483648
1072671106
2684354560
1072022856
1610612736
1070806131
1073741824
1072618713
1073741824
1071879314
0
1072108264
1610612736
1071011003
0
1072479343
3221225472
1072258906
1610612736
1069036858
0
1069677135
0
1071957751
1073741824
1072425491
2147483648
1072118894
1610612736
1069680573
2147483648
1071819063
3758096384
1072374840
2147483648
1072680483
2147483648
1064000000
0
1070013995
0
1071602863
2147483648
1067169664
0
1071857041
2147483648
1072597661
2684354560
1070618710
2147483648
1071793372
536870912
1069725703
2147483648
1072184882
1073741824
1072330404
1610612736
1072016772
536870912
1072678540
1610612736
1072628274
0
1067641650
0
1070435212
0
1071818458
2147483648
1070171074
0
1071773216
3758096384
1071562461
1073741824
1072247466
2147483648
1070290895
2147483648
1069577832
2147483648
1070221630
0
1072220769
2684354560
1071966411
1073741824
1072228038
2147483648
1067075280
0
1072282643
1073741824
1072145206
3221225472
1070607060
3221225472
1071461100
1073741824
1072693247
2684354560
66
