Uvec
2226355706
1071661667
2684354560
1072242958
2147483648
1069161850
0
1071762889
2684354560
1071611731
3221225472
1071941807
0
1070979965
0
1071745671
2684354560
1071775014
3221225472
1069762146
2147483648
1072061639
2147483648
1072248521
1610612736
1072374705
3758096384
1071797969
2684354560
1071764667
536870912
1071518620
1073741824
1070673556
1073741824
1072483382
1610612736
1072614108
2147483648
1072172257
1610612736
1061584256
0
1070750353
2147483648
1069716226
2147483648
1072035397
536870912
1072590139
0
1072241087
3758096384
1071045043
1073741824
1072496005
3221225472
1063713888
0
1072203473
3221225472
1072517900
3221225472
1069254653
0
1070563147
2147483648
1071736855
0
1069783867
2147483648
1071859157
536870912
1072578813
3221225472
1070079260
2147483648
1072270555
3758096384
1071747738
1073741824
1071987684
0
1072218472
1610612736
1071170812
3221225472
1071190269
2147483648
1069848636
2147483648
1072077875
536870912
1072678454
1610612736
1070973090
3221225472
1068432960
0
1069904946
0
1070339954
0
1071670603
1610612736
1066944072
0
1069601908
2147483648
1072595817
1073741824
1070343487
0
1069521148
0
1071774352
1610612736
1060129536
0
1069657500
2147483648
1072238371
3758096384
1071855880
2684354560
1069922066
2147483648
1066675728
0
1070030580
0
1070993063
0
1071464541
1073741824
1069121826
0
1071429254
0
1072090872
3221225472
1071445399
1073741824
1071622610
2147483648
1072426294
3758096384
1071109172
1073741824
1070713384
1073741824
1071796464
0
1071654619
3221225472
1071464562
3221225472
1072383974
2147483648
1065999392
0
1070862953
2147483648
1072047387
2147483648
1066745564
0
1071988253
1610612736
1072677916
536870912
1071178790
1073741824
1071756383
3221225472
1069788343
0
1069835376
0
1071767767
1610612736
1071914206
3758096384
1072466069
1073741824
1072190286
1073741824
1072459849
1610612736
1070997600
3221225472
1070786745
1073741824
1070139228
0
1072524841
1073741824
1071461100
1073741824
1072693247
2684354560
53
