Uvec
2226355706
1071743241
1073741824
1071004408
0
1072585274
2684354560
1071296342
1073741824
1070100172
2147483648
1071807485
3221225472
1071028124
0
1071011658
0
1069102571
0
1071915057
1073741824
1067492244
0
1071170449
3221225472
1068144148
0
1071937367
3221225472
1068587716
0
1068823908
0
1070079375
0
1070976697
1073741824
1072620596
1073741824
1072462732
1610612736
1072308993
536870912
1071924451
536870912
1068646596
0
1071429486
0
1066230280
0
1070301308
0
1071724880
3758096384
1071800406
536870912
1071826689
2684354560
1070373105
0
1072288356
3758096384
1072378126
1073741824
1068826243
0
1071587260
2147483648
1072646945
2684354560
1071614584
2147483648
1071863319
2147483648
1072171697
2684354560
1071916180
2147483648
1072112545
2147483648
1071956135
1610612736
1069056928
0
1069145407
0
1068641193
0
1070746731
3221225472
1070731723
0
1071709627
1073741824
1071797634
1610612736
1072626398
1073741824
1071618991
3221225472
1072356641
536870912
1069736937
0
1070220950
2147483648
1071638156
1073741824
1072666767
536870912
1072120687
536870912
1071194558
0
1071171313
3221225472
1070891715
3221225472
1071830789
3221225472
1071873430
1610612736
1069865821
2147483648
1071267236
3221225472
1070437284
0
1070838542
3221225472
1071751612
2147483648
1072053471
0
1070599588
0
1071700595
2684354560
1068525195
0
1072634142
3221225472
1072299721
1610612736
1071425154
1073741824
1072580408
3221225472
1071933561
0
1068729376
0
1069650040
2147483648
1071674097
536870912
1072513025
3221225472
1071825826
3221225472
1071471585
1073741824
1072268692
3221225472
1070304351
2147483648
1072203395
0
1069566167
0
1072005901
3758096384
1069294197
0
1067770588
0
1071159339
1073741824
1071584114
0
1071570738
0
1068728548
0
1071451721
3221225472
1069018044
0
1069114842
0
1070658241
1073741824
1072321036
3221225472
1072060120
536870912
1071461100
1073741824
1072693247
2684354560
56
