Uvec
2226355706
1072045437
2147483648
1071448268
1073741824
1072018818
536870912
1071698394
2684354560
1072038018
3221225472
1071404029
0
1072055160
0
1069756076
0
1071057896
3221225472
1068986986
0
1071670293
1073741824
1070081970
0
1071820273
3758096384
1070530389
0
1072577918
3758096384
1071812042
0
1072220637
0
1066015680
0
1070280630
0
1069920904
0
1071745088
2147483648
1071379163
1073741824
1072469167
1073741824
1071882129
2147483648
1072356997
1610612736
1065471520
0
1072556272
1073741824
1070181350
0
1070233546
0
1068926321
0
1069431724
0
1071956188
2147483648
1072486072
3221225472
1072472620
3221225472
1071314352
2147483648
1071037055
1073741824
1072266139
0
1072617983
2684354560
1072125202
3221225472
1070658669
2147483648
1071623605
0
1071431169
1073741824
1072486615
1073741824
1071755055
0
1069277845
0
1072443165
3758096384
1072177134
3221225472
1070249056
2147483648
1069510457
0
1065324096
0
1072369191
1610612736
1070615929
0
1072281518
3221225472
1071866294
536870912
1070260528
0
1071010889
0
1070589989
2147483648
1071816472
1073741824
1072639995
1610612736
1069963260
0
1069847415
2147483648
1071974983
3221225472
1067828970
0
1071104914
2147483648
1071239052
0
1072404885
1073741824
1072036955
1073741824
1072565772
2147483648
1067587658
0
1071470709
2147483648
1071145909
2147483648
1064777616
0
1072116281
2147483648
1072292569
1073741824
1072229340
1073741824
1072559412
1610612736
1071300068
0
1071701927
2147483648
1069861292
0
1072577248
0
1072300139
536870912
1071297343
2147483648
1067349096
0
1068795869
0
1069917272
2147483648
1070628587
0
1071102194
3221225472
1067117288
0
1069816923
0
1072458635
2147483648
1071391064
3221225472
1068689067
0
1072107894
2147483648
1072285914
2147483648
1072685721
2147483648
1071865580
0
1068826908
0
1072493667
0
1071461100
1073741824
1072693247
2684354560
51
