Uvec
2226355706
1072529241
2684354560
1072008041
0
1071148312
3221225472
1072010241
1610612736
1071928474
2147483648
1072450175
3758096384
1069790713
2147483648
1071127904
0
1072341945
2684354560
1070072262
2147483648
1070203703
2147483648
1070715816
3221225472
1068616032
0
1070043561
0
1071113714
0
1071276206
0
1072094044
0
1072412391
1073741824
1072387279
2147483648
1069889869
2147483648
1070071683
0
1069647112
0
1069887078
2147483648
1066449476
0
1069575852
0
1070014321
0
1072430059
3758096384
1068875770
0
1072544287
3221225472
1072020363
2147483648
1070873674
0
1066718084
0
1071200827
2147483648
1071876440
0
1069864246
2147483648
1072042816
2147483648
1069574963
2147483648
1072055701
3221225472
1072668105
1073741824
1072133921
0
1070095888
2147483648
1067896668
0
1072452530
0
1072400580
1610612736
1072350576
3221225472
1071385320
0
1070619939
0
1069042743
0
1071798888
0
1071743204
1610612736
1070798116
2147483648
1071533933
2147483648
1070485306
0
1071174242
2147483648
1072506869
536870912
1072218637
536870912
1072338584
536870912
1072438049
2684354560
1071035772
1073741824
1072491779
0
1072444786
2147483648
1071731610
1073741824
1072446534
536870912
1071991800
3221225472
1071948708
0
1071439611
3221225472
1072449528
2684354560
1067881870
0
1072087994
3758096384
1070687496
1073741824
1072316715
2147483648
1071032031
2147483648
1068525937
0
1072287084
2684354560
1070002025
2147483648
1070783050
3221225472
1072344107
536870912
1071918299
3758096384
1072102157
0
1067729794
0
1069507742
0
1072602441
3221225472
1071211162
0
1071373036
0
1071812545
2147483648
1070914219
2147483648
1071459994
0
1068532772
0
1072445956
3758096384
1069907592
0
1072425344
2147483648
1071728558
0
1072008542
3221225472
1070716841
2147483648
1070836969
3221225472
1068732517
0
1072251608
2684354560
1071740031
2684354560
1071461100
1073741824
1072693247
2684354560
78
