Uvec
2226355706
1070042994
0
1067376032
0
1071901338
2684354560
1071733225
0
1071798689
2684354560
1070828220
1073741824
1072078491
3758096384
1071948364
1610612736
1071263788
3221225472
1072080204
536870912
1068323496
0
1069625700
0
1070039011
2147483648
1072098759
3221225472
1072453504
0
1070854789
1073741824
1070289206
0
1072102526
3221225472
1071099837
0
1071908969
2684354560
1068258684
0
1068271276
0
1071648458
3221225472
1069708257
2147483648
1070940777
3221225472
1071256322
3221225472
1069854516
0
1072270540
1073741824
1069970717
2147483648
1069773583
0
1071896496
3221225472
1069070606
0
1069362618
0
1071012527
0
1068845036
0
1070155888
2147483648
1072222266
3221225472
1071676782
3221225472
1072633795
536870912
1071332159
0
1072305803
536870912
1071324162
3221225472
1072043128
1610612736
1070294892
2147483648
1070413692
2147483648
1070020389
0
1072059594
3758096384
1070594499
2147483648
1072193936
1073741824
1071970695
3758096384
1071967692
2147483648
1070808145
0
1072687050
3758096384
1071787128
1073741824
1071837281
536870912
1070946362
1073741824
1072657931
2147483648
1071104977
3221225472
1071561499
0
1072403942
536870912
1070929273
3221225472
1071794962
0
1072538479
536870912
1071712206
1073741824
1068267858
0
1070889540
3221225472
1071365677
3221225472
1067252212
0
1071995473
536870912
1069588018
0
1070674654
0
1072576161
3221225472
1072690481
1073741824
1068748327
0
1071769635
1073741824
1071493440
1073741824
1071505889
2147483648
1071460171
3221225472
1072449663
0
1072285054
2147483648
1066752776
0
1071150348
2147483648
1069946647
0
1072189474
1073741824
1071906378
3758096384
1071675604
2147483648
1072584039
3758096384
1069676891
2147483648
1070686334
3221225472
1071859708
3221225472
1068692951
0
1072620485
0
1071947525
1073741824
1071757350
536870912
1071371555
1073741824
1071288862
1073741824
1072378035
3758096384
1069660725
0
1071461100
1073741824
1072693247
2684354560
53
