Uvec
2226355706
1069493011
0
1069687120
2147483648
1068456476
0
1070095117
0
1071312349
2147483648
1071671286
2147483648
1069766652
2147483648
1068624490
0
1072649088
3221225472
1072207043
536870912
1072228198
3221225472
1070419681
2147483648
1068157628
0
1069134527
0
1071659797
3758096384
1069598855
2147483648
1071739636
3221225472
1071183094
0
1072271464
2147483648
1071637472
2147483648
1070002464
0
1066742556
0
1071094928
1073741824
1072142196
2684354560
1072285303
536870912
1067777102
0
1072410966
1073741824
1071702892
3221225472
1071593788
1073741824
1071777066
0
1072667352
3221225472
1072622691
1610612736
1072038072
1073741824
1070631527
3221225472
1068354062
0
1070805254
3221225472
1072234562
2684354560
1071762947
3221225472
1072074031
536870912
1070634957
2147483648
1071323085
3221225472
1071590877
1073741824
1068809441
0
1071526652
1073741824
1071606182
2147483648
1071965017
2684354560
1072480589
2684354560
1070649697
3221225472
1069178099
0
1072408652
2147483648
1071893129
3758096384
1070851464
2147483648
1071708595
0
1072288274
1073741824
1072575990
536870912
1068807434
0
1072033549
3221225472
1071541574
1073741824
1072225901
3758096384
1069495451
0
1072161220
1610612736
1072488912
536870912
1071681663
3758096384
1071207159
0
1072193947
1610612736
1072185457
536870912
1069887889
0
1071955784
536870912
1072654806
2684354560
1072491533
3758096384
1071630891
3221225472
1071257195
2147483648
1069516775
0
1072049331
2147483648
1072026782
3758096384
1071622250
1073741824
1072667572
3221225472
1072500930
1610612736
1072476495
2147483648
1072113821
1610612736
1072686701
2684354560
1071727288
1610612736
1071294961
2147483648
1070833145
3221225472
1069939561
0
1071957644
3221225472
1071424348
0
1069797957
2147483648
1072338470
1073741824
1071942228
3758096384
1071976465
2147483648
1072379712
3221225472
1070158879
2147483648
1071740346
1610612736
1071878341
1610612736
1070311770
0
1072100640
3221225472
1069868734
0
1071461100
1073741824
1072693247
2684354560
42
