Uvec
2226355706
1071787896
2684354560
1072030660
1610612736
1071259778
2147483648
1071845439
1610612736
1072543622
536870912
1072686164
3221225472
1071677463
0
1071361370
3221225472
1072648334
2684354560
1071626591
3221225472
1072670641
3221225472
1071222779
3221225472
1070970221
2147483648
1072303586
1073741824
1066863552
0
1071930180
3221225472
1070875943
1073741824
1068622305
0
1071133730
1073741824
1068165978
0
1071900032
2684354560
1072115889
1073741824
1068098264
0
1071153184
3221225472
1070619884
1073741824
1071788493
3758096384
1066203384
0
1071288592
0
1071351897
1073741824
1072135996
3758096384
1070948268
2147483648
1071897599
1610612736
1071527372
0
1069712692
0
1069970608
0
1072193269
536870912
1071819440
0
1070400651
0
1071750237
0
1071867402
1073741824
1071342211
2147483648
1068236110
0
1070616568
2147483648
1072434010
1073741824
1072496865
2147483648
1069613107
0
1066772996
0
1071843131
3758096384
1072578541
0
1072419831
536870912
1072643800
1073741824
1070427887
0
1072233982
0
1072656538
1073741824
1071597125
3221225472
1071000381
0
1072521116
0
1071410559
0
1071121296
0
1070982220
1073741824
1071371364
2147483648
1069241470
0
1071242836
1073741824
1071836320
0
1072643323
2147483648
1072166209
1073741824
1072682729
1610612736
1072297423
1610612736
1069162435
0
1071751414
3221225472
1072209574
0
1072159824
536870912
1070332859
2147483648
1070689584
0
1071955018
3221225472
1072335197
2147483648
1066573704
0
1071975919
2147483648
1071925978
2684354560
1071601503
2147483648
1071684709
2684354560
1071191900
3221225472
1072042376
2684354560
1072548612
1073741824
1072449927
1073741824
1070682666
1073741824
1067059760
0
1071683807
1073741824
1070214773
0
1071184949
2147483648
1070123404
2147483648
1072160840
0
1070043585
0
1072660717
536870912
1061696640
0
1070362713
0
1072615182
536870912
1072073475
2684354560
1071461100
1073741824
1072693247
2684354560
28
