Uvec
2226355706
1070974246
0
1067599712
0
1071455776
2147483648
1072065898
1073741824
1072537872
2147483648
1071018521
1073741824
1056251904
0
1072402305
2147483648
1071030221
0
1072432356
3221225472
1071971411
536870912
1071695514
3758096384
1066080904
0
1071971846
2147483648
1071685840
1073741824
1072312691
3221225472
1072663870
0
1070652713
1073741824
1071998851
3221225472
1071936603
0
1067753298
0
1070895834
2147483648
1071822731
3221225472
1069623901
2147483648
1072046706
3221225472
1072648413
1610612736
1072395719
536870912
1072160505
1610612736
1071802031
3221225472
1071053422
1073741824
1070199151
0
1072590328
0
1071102000
3221225472
1070973013
0
1069575363
0
1072163337
2684354560
1070231838
2147483648
1070805567
2147483648
1071112801
1073741824
1071932374
536870912
1071524154
2147483648
1072356455
536870912
1071138564
3221225472
1070865219
1073741824
1072454180
0
1070117438
0
1070998786
3221225472
1072060215
1610612736
1067440536
0
1072393259
3221225472
1070131784
2147483648
1072588982
0
1069870163
0
1072095374
1610612736
1072372321
3758096384
1070844991
1073741824
1070439932
2147483648
1071083018
0
1072567548
1073741824
1071955182
1073741824
1071156374
2147483648
1063419136
0
1071413401
0
1070556607
0
1071649215
2147483648
1072108863
0
1071391793
1073741824
1071746901
1073741824
1071333122
1073741824
1072530038
2684354560
1072657914
3758096384
1070726561
0
1066237384
0
1072079016
536870912
1070460024
0
1072021535
0
1071665461
2684354560
1071666136
3758096384
1068774837
0
1070129961
0
1068601147
0
1071972910
3221225472
1071479099
1073741824
1072409695
2684354560
1072594611
536870912
1072449163
0
1071072492
2147483648
1070075452
0
1072380079
3758096384
1072487829
1610612736
1072132331
1073741824
1070716384
1073741824
1069172754
0
1072604119
3758096384
1072161204
2684354560
1070620809
3221225472
1072069310
0
1071007430
3221225472
1071461100
1073741824
1072693247
2684354560
45
