Uvec
2226355706
1071412668
1073741824
1067122992
0
1071552436
1073741824
1071685831
2684354560
1071572488
2147483648
1072632425
2684354560
1071010495
3221225472
1072665962
3758096384
1066632652
0
1072583474
1073741824
1071778470
1610612736
1071222212
0
1071980876
3221225472
1070453509
2147483648
1072615777
536870912
1070653536
0
1070901824
1073741824
1070160322
2147483648
1070043478
2147483648
1070692511
0
1071648475
2684354560
1069956381
2147483648
1070384031
0
1067320732
0
1067697926
0
1071263496
0
1072227725
3221225472
1070993526
1073741824
1072326113
2147483648
1069695044
2147483648
1071904174
536870912
1069940680
0
1068608574
0
1072379479
3758096384
1072556606
536870912
1071469165
2147483648
1069536113
0
1070709213
0
1067268144
0
1063006848
0
1070795219
0
1072629214
536870912
1070022230
2147483648
1070891267
3221225472
1071721704
3758096384
1071075297
1073741824
1070846276
3221225472
1071852395
1610612736
1072434009
2684354560
1067553224
0
1072232025
1610612736
1065130704
0
1071226457
3221225472
1071964500
1610612736
1070659812
1073741824
1063951808
0
1072444282
3758096384
1071857615
3221225472
1068929293
0
1069850997
0
1071400474
1073741824
1067013500
0
1072094721
536870912
1071688590
536870912
1072146209
536870912
1068663459
0
1069438686
0
1069956445
2147483648
1071440275
1073741824
1071956584
0
1072519408
536870912
1072377908
1610612736
1072646140
3221225472
1072328404
536870912
1072670044
3221225472
1072523070
536870912
1072330928
2147483648
1065257504
0
1071938347
3758096384
1070285845
0
1072641303
0
1067412448
0
1068402152
0
1072635464
1610612736
1071673969
2684354560
1072653413
3758096384
1071821610
2684354560
1072638393
1610612736
1070472227
0
1071661880
2147483648
1072103366
1610612736
1072002934
2684354560
1070148862
0
1071138253
3221225472
1070686385
2147483648
1071772655
536870912
1071237372
2147483648
1071034366
1073741824
1071461100
1073741824
1072693247
2684354560
83
