Uvec
2226355706
1071885227
3758096384
1072597764
3221225472
1071624360
1073741824
1072155506
1073741824
1067541526
0
1066009728
0
1071875964
2147483648
1070616345
3221225472
1072039622
1073741824
1072673867
3758096384
1072001009
536870912
1071189495
0
1069997175
2147483648
1072537987
3758096384
1067275940
0
1070312120
2147483648
1072442342
1073741824
1072083096
536870912
1072495317
2147483648
1070076200
2147483648
1071609281
2147483648
1070600468
3221225472
1071083859
0
1071174713
3221225472
1069387144
0
1071997875
1610612736
1070537715
0
1070282319
0
1070742085
1073741824
1071969340
2684354560
1072480964
2147483648
1068652653
0
1072069306
2147483648
1070931150
0
1069950491
0
1071448223
1073741824
1072288988
1610612736
1072660391
1073741824
1072188060
0
1072494187
1610612736
1065972272
0
1072571787
2147483648
1072299126
0
1072250521
1610612736
1072682230
1610612736
1071732082
1073741824
1069494847
0
1070105486
0
1072128168
2684354560
1069228437
0
1066645204
0
1070606473
2147483648
1071821761
3221225472
1071224264
1073741824
1071413856
2147483648
1069808433
2147483648
1070375807
0
1071705772
1073741824
1071408173
0
1071394967
2147483648
1068754227
0
1071322178
2147483648
1071850274
2684354560
1072618174
3758096384
1072635920
536870912
1071604214
3221225472
1070718855
1073741824
1072277089
536870912
1072598089
2684354560
1071203663
2147483648
1071367687
3221225472
1072217802
2684354560
1070545142
0
1072494255
2147483648
1072647076
1073741824
1071223763
1073741824
1072451345
2147483648
1069486194
0
1069733890
2147483648
1070953141
1073741824
1067888596
0
1069278966
0
1071663878
2684354560
1071594164
2147483648
1071492283
3221225472
1070646358
0
1070599809
2147483648
1071320403
1073741824
1072686556
2147483648
1070632338
2147483648
1072105391
0
1071963561
2147483648
1069650382
0
1072234051
2147483648
1072611100
1073741824
1072188443
1073741824
1070041500
2147483648
1071500878
1073741824
1071461100
1073741824
1072693247
2684354560
59
