Uvec
2226355706
1069184718
0
1070944672
0
1072070992
2684354560
1072182607
2147483648
1070893460
2147483648
1067461738
0
1072357552
2684354560
1072583349
2684354560
1067154832
0
1071260290
0
1070682235
0
1071896343
0
1072479533
3221225472
1070602740
2147483648
1071585827
2147483648
1071167855
1073741824
1071289039
3221225472
1071672959
536870912
1071699087
536870912
1071755461
1610612736
1070096016
2147483648
1066480224
0
1071129210
1073741824
1070116567
2147483648
1070700023
1073741824
1070512991
2147483648
1066532748
0
1072157820
3221225472
1072311592
3221225472
1072550896
2684354560
1070574890
0
1069822959
0
1065904408
0
1070360479
0
1072184930
1610612736
1072514685
3221225472
1072680591
2684354560
1071668813
0
1072185782
1073741824
1072187031
0
1072667416
0
1067661224
0
1072572723
3758096384
1071748738
536870912
1072098978
0
1070548143
2147483648
1071705642
1610612736
1071901573
1073741824
1072103351
2684354560
1072179650
3758096384
1071305364
1073741824
1071672164
2147483648
1072611970
1610612736
1067615986
0
1071789139
3758096384
1072480735
3758096384
1070979966
2147483648
1071428901
0
1072293906
1073741824
1072429023
3758096384
1068788473
0
1072571184
1610612736
1070302738
0
1071198976
1073741824
1071376003
1073741824
1069966454
2147483648
1061608320
0
1072035504
2147483648
1072476553
536870912
1071569592
1073741824
1072336380
3221225472
1071768186
1073741824
1071871832
2147483648
1072175791
1610612736
1072105417
0
1070970293
3221225472
1072355826
1073741824
1070316322
0
1070722560
3221225472
1072046837
0
1071804174
1073741824
1072688144
536870912
1070769711
1073741824
1071786357
536870912
1071721210
2147483648
1068873467
0
1071461914
3221225472
1068826107
0
1070734037
3221225472
1071797409
1610612736
1071492198
1073741824
1070245581
2147483648
1072298471
3221225472
1071774494
2147483648
1072679874
3221225472
1071683940
2147483648
1072650088
0
1071217932
2147483648
1071461100
1073741824
1072693247
2684354560
67
