Uvec
2226355706
1061963008
0
1072021085
536870912
1070628164
3221225472
1072060314
2684354560
1072364574
536870912
1072660618
3221225472
1070723356
1073741824
1071687654
0
1069394611
0
1072443382
3758096384
1069169063
0
1071503035
0
1071809834
0
1069846352
0
1066876788
0
1069627710
2147483648
1071373518
3221225472
1071963426
536870912
1072385515
3758096384
1072357617
1073741824
1071874587
3221225472
1062914176
0
1072464807
0
1071764323
2147483648
1071699786
1610612736
1066310160
0
1071604865
3221225472
1072646983
3221225472
1069866293
0
1070503709
0
1072016967
536870912
1072201674
2147483648
1071395411
2147483648
1072455656
0
1071059685
2147483648
1070101089
2147483648
1071906655
1610612736
1071932456
1073741824
1064018720
0
1072512901
3221225472
1067524490
0
1068710459
0
1072300122
2684354560
1072202539
2684354560
1071908616
2147483648
1070692160
0
1071684507
2684354560
1072536865
3758096384
1070108011
0
1070850234
2147483648
1069703094
0
1071606918
0
1072103515
2684354560
1069857668
0
1071320892
1073741824
1066201960
0
1072319736
1073741824
1070978591
3221225472
1071878081
2684354560
1072127265
1073741824
1072053023
3758096384
1071039642
1073741824
1071431996
3221225472
1070417739
2147483648
1072247489
3221225472
1069418837
0
1071228660
2147483648
1072046439
2684354560
1069422100
0
1067506358
0
1071763293
3221225472
1071828634
2147483648
1072552139
2684354560
1068562025
0
1071678455
2147483648
1072116940
1610612736
1072251375
1073741824
1071761151
0
1067795882
0
1070761278
1073741824
1072447476
0
1069736962
2147483648
1068539019
0
1071992980
2147483648
1071827207
2684354560
1071830456
3758096384
1071439627
2147483648
1072366455
3221225472
1071865742
2684354560
1069391061
0
1072304031
3758096384
1070731340
1073741824
1070667440
3221225472
1072035323
1073741824
1071811865
2147483648
1072553610
3221225472
1072398925
1073741824
1070971885
2147483648
1071461100
1073741824
1072693247
2684354560
66
