Uvec
2226355706
1071822080
2684354560
1071796799
3221225472
1071152038
2147483648
1070979211
1073741824
1070903405
0
1072170074
2684354560
1071422913
1073741824
1070723327
3221225472
1072120365
536870912
1071829076
3758096384
1071071733
1073741824
1070923028
0
1071503310
2147483648
1072256597
0
1071739371
1073741824
1070822171
2147483648
1071515838
2147483648
1070791774
3221225472
1071103865
0
1067629982
0
1072202022
2684354560
1071655782
536870912
1072045472
0
1072395816
536870912
1071029512
1073741824
1071789405
1073741824
1069708330
0
1072279464
2684354560
1072201244
536870912
1072484354
3221225472
1072256347
0
1072614777
2147483648
1072250181
536870912
1072668864
1610612736
1072380341
1073741824
1070176070
0
1072244883
1610612736
1071691337
0
1069601308
2147483648
1072190680
536870912
1069876033
0
1064347536
0
1069817198
2147483648
1071264061
1073741824
1070768151
1073741824
1070547773
0
1070678877
0
1071244642
0
1072414314
536870912
1072175632
1610612736
1071817189
3758096384
1072292475
3221225472
1071721086
536870912
1071102018
2147483648
1071773873
2684354560
1072554492
2684354560
1072353259
3221225472
1071968819
3221225472
1071369459
3221225472
1072334902
536870912
1069942905
0
1071944350
2684354560
1070936638
2147483648
1071499848
1073741824
1072605410
2147483648
1069144170
0
1072346547
536870912
1070943065
0
1072285764
2684354560
1072002422
2147483648
1072601345
3221225472
1072545141
3221225472
1069741488
0
1069243667
0
1067878818
0
1072468235
536870912
1072139824
2147483648
1067543628
0
1072608597
3221225472
1071819460
2684354560
1070726403
2147483648
1071799313
3221225472
1071178795
0
1072313349
0
1072104400
0
1069205016
0
1071707709
0
1072370417
2684354560
1070981227
1073741824
1072239286
3221225472
1070216428
2147483648
1071087591
1073741824
1067702914
0
1072372635
1073741824
1072209521
1073741824
1070929295
1073741824
1071421732
0
1071773985
2147483648
1071461100
1073741824
1072693247
2684354560
68
