Uvec
2226355706
1069779853
0
1072289032
2684354560
1071355517
0
1072656918
0
1070451138
0
1071837425
0
1071975869
2147483648
1071918420
1610612736
1069061520
0
1072413324
1073741824
1067495042
0
1072123820
1610612736
1071254951
2147483648
1068514842
0
1072003936
1073741824
1071984479
1610612736
1070764143
0
1070136457
2147483648
1069277611
0
1071682604
536870912
1068559945
0
1070712941
1073741824
1072411175
1073741824
1072435798
0
1072116515
1073741824
1065676432
0
1070995842
2147483648
1072066056
536870912
1070300415
2147483648
1071780151
1610612736
1071495341
3221225472
1069845984
0
1070018661
0
1070952654
0
1072416586
3758096384
1071240024
1073741824
1071943383
3758096384
1070410127
2147483648
1072077059
0
1066639012
0
1070980575
2147483648
1071875690
3221225472
1071492545
2147483648
1071948295
0
1071448153
1073741824
1070566356
2147483648
1070303293
2147483648
1070871423
0
1072668293
0
1072657020
3221225472
1072642302
536870912
1070908056
0
1071130145
1073741824
1072466130
3758096384
1066262496
0
1072452484
3758096384
1069780080
0
1072043871
1073741824
1067762718
0
1072682322
0
1072224720
3758096384
1071127820
2147483648
1072681906
3758096384
1070416587
2147483648
1072090712
536870912
1072626281
3758096384
1070496699
2147483648
1071909479
1610612736
1070771442
0
1072625267
1073741824
1072387081
2684354560
1071736109
2147483648
1066632872
0
1072498597
0
1072344457
1610612736
1071963811
1073741824
1069972091
2147483648
1072408658
1610612736
1072470315
0
1068957098
0
1071032167
2147483648
1071040731
3221225472
1069686799
0
1072625698
1610612736
1069329417
0
1070943791
1073741824
1072085904
3758096384
1071661703
3221225472
1069733044
2147483648
1070478442
2147483648
1071672019
536870912
1072193815
536870912
1070091962
2147483648
1071997077
1610612736
1072552846
0
1069879123
2147483648
1072497712
1073741824
1072624230
2147483648
1071461100
1073741824
1072693247
2684354560
34
