Uvec
2226355706
1069732849
2147483648
1070775369
1073741824
1070538506
0
1071415909
3221225472
1071133737
1073741824
1071998960
1610612736
1071995103
0
1071873735
2147483648
1071734283
0
1067277424
0
1072183760
1073741824
1068184176
0
1070858416
0
1068955292
0
1071822006
0
1069527942
0
1072518756
2684354560
1068156262
0
1071400150
2147483648
1070830660
1073741824
1071090436
1073741824
1070100565
0
1072192735
2147483648
1071766699
1073741824
1072462625
2147483648
1071302944
0
1068128552
0
1070883556
1073741824
1070920422
0
1068871179
0
1070170687
0
1071611430
2147483648
1072058685
1073741824
1072234794
0
1072651718
0
1071695229
1610612736
1072071934
3758096384
1072281857
1073741824
1071031315
3221225472
1072686850
3221225472
1072324104
536870912
1072446073
1073741824
1072407127
1073741824
1071817229
2147483648
1071700970
1610612736
1070930500
1073741824
1070978606
2147483648
1069876421
2147483648
1072023019
536870912
1069977261
2147483648
1072042105
2147483648
1069765898
2147483648
1067833682
0
1072283206
2147483648
1071744558
3221225472
1072216715
536870912
1071324666
3221225472
1069642405
0
1069434674
0
1071523915
3221225472
1072329952
3221225472
1070487684
0
1070468384
2147483648
1069258576
0
1072001213
1610612736
1072380926
2147483648
1070716143
1073741824
1072427648
1073741824
1071561481
0
1070411171
0
1071146667
2147483648
1067594714
0
1071809193
536870912
1072086367
2147483648
1072602814
536870912
1072213395
3758096384
1070565434
2147483648
1071914549
3221225472
1071040678
2147483648
1071504408
1073741824
1072356662
2147483648
1072511490
3758096384
1070971749
3221225472
1068311114
0
1072247460
2147483648
1069687827
2147483648
1071655911
1610612736
1071012823
1073741824
1071217696
2147483648
1071280575
3221225472
1068867321
0
1071317777
2147483648
1071670440
3758096384
1069728146
2147483648
1071729611
3221225472
1070733668
3221225472
1070791805
1073741824
1071301837
0
1071461100
1073741824
1072693247
2684354560
78
