Uvec
2226355706
1072327053
2684354560
1068619167
0
1071107807
0
1072292214
2684354560
1072456380
2684354560
1071325110
2147483648
1071989952
3758096384
1069253753
0
1071216824
0
1069739724
2147483648
1072099112
3758096384
1070281373
2147483648
1072520640
536870912
1072533355
3758096384
1072261042
2147483648
1071958483
1610612736
1070663599
0
1069960516
0
1070183563
2147483648
1072454203
2147483648
1070971058
2147483648
1070963330
3221225472
1069321304
0
1070403575
2147483648
1070916365
3221225472
1072639401
2147483648
1068112470
0
1067904924
0
1071769090
1073741824
1072079160
3758096384
1072440662
3221225472
1071313011
3221225472
1072102755
2147483648
1072429426
2684354560
1070484392
2147483648
1071728784
3758096384
1071217682
0
1072626814
1610612736
1071857830
1073741824
1071286128
3221225472
1071859778
1073741824
1071732216
2684354560
1071632964
2147483648
1071780989
1610612736
1064884848
0
1070893480
3221225472
1071858573
1073741824
1069580997
2147483648
1072020096
2147483648
1069394970
0
1072025592
536870912
1072282412
2147483648
1069290963
0
1072597295
2684354560
1072125417
3221225472
1070938318
2147483648
1072472871
1073741824
1072158317
1073741824
1072116023
1610612736
1072146826
1610612736
1069224535
0
1069771353
0
1068478608
0
1072681492
0
1070907928
0
1070860410
2147483648
1070934898
0
1072536333
2147483648
1072165060
3758096384
1071663458
2684354560
1071837667
2684354560
1068150676
0
1071961617
1610612736
1062737280
0
1068881875
0
1072198368
3758096384
1071622534
1073741824
1071680235
1073741824
1071570322
1073741824
1072374167
2684354560
1072204862
1073741824
1072135405
2147483648
1072250684
3758096384
1072683573
2147483648
1070268935
2147483648
1072513631
3758096384
1069500822
0
1072221642
0
1068699191
0
1072607267
1073741824
1070677464
2147483648
1071691903
536870912
1072014425
2684354560
1072321142
2684354560
1072635269
2684354560
1071546195
1073741824
1071879463
1073741824
1071600268
0
1071461100
1073741824
1072693247
2684354560
19
