Uvec
2226355706
1071274085
3221225472
1069594186
0
1072483205
3758096384
1071835309
2147483648
1071185444
1073741824
1072194314
3758096384
1071575317
1073741824
1068630016
0
1068667447
0
1071160543
1073741824
1072040299
3221225472
1072372053
3221225472
1069652858
2147483648
1070839053
2147483648
1072248715
0
1071160602
2147483648
1071543435
1073741824
1072108227
1610612736
1071592107
0
1067936994
0
1072513849
3221225472
1070341843
0
1071860591
1610612736
1072114318
1610612736
1072643152
3758096384
1071036924
1073741824
1071906521
1610612736
1072492400
2684354560
1070292708
2147483648
1072102975
3758096384
1071807165
2684354560
1070463435
0
1072457232
1610612736
1072169016
2147483648
1069628467
2147483648
1072347682
2147483648
1071937223
2147483648
1070213353
0
1069389383
0
1068164468
0
1072304746
1073741824
1070182925
0
1071827728
1073741824
1072024361
536870912
1069957388
0
1071872372
2684354560
1071224357
3221225472
1070709193
2147483648
1072097837
2147483648
1065976216
0
1070682871
1073741824
1072163788
1073741824
1071240764
0
1068531755
0
1068970221
0
1072449539
2147483648
1072587712
2684354560
1072612241
2684354560
1068645238
0
1071487418
3221225472
1072421035
536870912
1072096288
536870912
1071752644
0
1071571101
1073741824
1072385772
536870912
1071901827
3221225472
1072545021
3221225472
1072206087
3221225472
1071241250
2147483648
1072041799
3758096384
1071979199
1610612736
1067636924
0
1070132409
2147483648
1072026142
0
1069141553
0
1068046280
0
1071902941
0
1071320430
0
1071685089
1610612736
1071798626
1610612736
1072641214
1073741824
1072556149
0
1072399825
0
1072078882
536870912
1070803183
3221225472
1072652563
2684354560
1066555460
0
1071618818
3221225472
1072142983
0
1071387278
2147483648
1072249019
0
1071785997
2147483648
1071962633
3758096384
1070543244
0
1072388960
536870912
1071030337
1073741824
1071881513
1610612736
1067680646
0
1071461100
1073741824
1072693247
2684354560
31
