Uvec
2226355706
1069550933
0
1071576258
3221225472
1072119707
536870912
1068921872
0
1072444698
2147483648
1072029554
536870912
1070572309
0
1071794548
0
1068789991
0
1071694410
536870912
1072108948
3221225472
1070982084
3221225472
1072299085
3221225472
1071303284
3221225472
1072201475
3221225472
1072274639
3758096384
1072354805
0
1071823910
536870912
1071652652
2684354560
1071497439
2147483648
1072124561
1610612736
1071417820
0
1069569946
0
1072243494
1073741824
1071241966
0
1071331858
1073741824
1071692955
1073741824
1071194757
2147483648
1072122049
536870912
1072015506
3758096384
1069870296
2147483648
1070749989
3221225472
1071080217
2147483648
1070843413
2147483648
1071285812
2147483648
1069661391
2147483648
1067067628
0
1071966319
2147483648
1066116120
0
1071012717
3221225472
1072450790
1610612736
1071800706
1073741824
1068877000
0
1071917268
0
1072555189
2147483648
1072484180
536870912
1070301422
2147483648
1071612958
1073741824
1070605694
2147483648
1066569956
0
1072610449
2147483648
1072621453
1610612736
1072324548
3758096384
1071776449
536870912
1069870187
2147483648
1071553614
3221225472
1072212687
0
1072429512
536870912
1072220816
536870912
1071486917
2147483648
1072646771
3221225472
1071155547
0
1072382531
2147483648
1070880385
0
1070953881
3221225472
1071027801
3221225472
1072400963
2147483648
1071646973
2147483648
1071353594
3221225472
1072345798
3758096384
1072242552
1610612736
1068768611
0
1072574060
0
1072283339
1073741824
1071634787
2147483648
1071851660
0
1072480204
3758096384
1072079697
1073741824
1072552913
2147483648
1070178271
0
1072215664
1073741824
1072052430
3221225472
1072617671
1073741824
1071714402
1610612736
1072039702
536870912
1072035914
3221225472
1071487334
0
1070669615
0
1071950117
536870912
1071250447
1073741824
1067414728
0
1072121778
3758096384
1071675951
2147483648
1070983401
1073741824
1072553779
1610612736
1071499291
3221225472
1069600923
0
1071838662
1610612736
1071461100
1073741824
1072693247
2684354560
8
