Uvec
2226355706
1070787081
0
1071958694
3221225472
1071456714
1073741824
1072318746
2684354560
1072539025
1073741824
1070186098
0
1071390230
2147483648
1071022443
0
1070022453
0
1072318538
3758096384
1071656087
0
1072629589
2147483648
1065528256
0
1071543408
3221225472
1069571880
2147483648
1072365731
0
1072279806
0
1072079732
1610612736
1071611193
2147483648
1072523236
1073741824
1071383586
2147483648
1067993094
0
1071400686
0
1070623961
0
1072374928
0
1068509109
0
1072312311
2684354560
1072329869
2684354560
1072471696
1073741824
1069578458
0
1071586425
3221225472
1070119470
0
1072307110
3758096384
1071200628
0
1072002216
1610612736
1069339245
0
1071067273
2147483648
1072532457
3758096384
1072433062
2147483648
1072135165
0
1072082708
0
1070570271
2147483648
1072286767
3758096384
1069203247
0
1069608497
0
1070773276
1073741824
1072661333
3758096384
1071324594
0
1072307952
2147483648
1071473596
0
1068755161
0
1071749151
0
1071228757
3221225472
1070810949
0
1071950674
3221225472
1071989637
2684354560
1070939919
3221225472
1072295776
0
1071797839
1610612736
1071285692
2147483648
1071626564
0
1071083964
1073741824
1071112301
2147483648
1068508362
0
1070849747
3221225472
1070485046
0
1072639099
2147483648
1070596364
1073741824
1070897827
2147483648
1072160742
0
1072392707
3758096384
1072635199
1073741824
1072232598
3758096384
1071673696
2684354560
1072346736
2684354560
1072420722
0
1072630091
3758096384
1070959450
2147483648
1072658399
1610612736
1068712402
0
1070170935
2147483648
1072033413
2147483648
1072628379
3221225472
1072192423
536870912
1069646475
0
1072662980
1073741824
1071436002
1073741824
1070700707
3221225472
1071480884
3221225472
1072393419
3221225472
1070259203
0
1071377029
1073741824
1067518858
0
1071565427
2147483648
1070767736
1073741824
1071820535
2684354560
1072085674
1610612736
1070947065
3221225472
1071461100
1073741824
1072693247
2684354560
52
