Uvec
2226355706
1071296860
1073741824
1072628240
0
1068708307
0
1066244128
0
1072326358
3221225472
1069554010
2147483648
1072618360
3221225472
1069869688
0
1072355313
536870912
1072460282
1610612736
1071261178
3221225472
1067338308
0
1070216014
0
1072545922
1073741824
1072043778
3758096384
1072358674
0
1072173969
1610612736
1065932376
0
1069634169
2147483648
1070637351
3221225472
1071244228
1073741824
1072403180
0
1072111632
3758096384
1069984070
0
1072467218
0
1071848329
536870912
1072284752
2684354560
1070523206
2147483648
1072156480
2147483648
1068646970
0
1070890852
2147483648
1070801995
3221225472
1071852175
2684354560
1072134952
1073741824
1072141659
0
1064033120
0
1072000267
2684354560
1070677509
3221225472
1070245199
0
1071365811
1073741824
1072056396
536870912
1071031666
0
1072226866
0
1071074578
3221225472
1072214927
1610612736
1071249052
2147483648
1071120728
3221225472
1071335348
1073741824
1068208988
0
1070633924
0
1069865943
2147483648
1072167368
3758096384
1072367484
1610612736
1070413872
0
1071983770
536870912
1070811577
2147483648
1070126441
0
1070898946
1073741824
1068287460
0
1071464188
0
1071678811
536870912
1072616213
536870912
1072244530
3221225472
1072306825
536870912
1071776975
536870912
1072189649
3758096384
1070814430
3221225472
1072019146
1073741824
1072169699
2684354560
1068243030
0
1066007288
0
1071804161
3758096384
1072124517
3221225472
1072149452
1610612736
1072680487
0
1072202141
2147483648
1071311635
1073741824
1071820685
1610612736
1072612265
3221225472
1069808337
2147483648
1071392359
1073741824
1072250530
2147483648
1066553984
0
1072615644
1610612736
1071729439
2147483648
1071110823
1073741824
1072236830
0
1064909872
0
1070931286
2147483648
1071197678
0
1072476989
2684354560
1072020535
1610612736
1072490324
1073741824
1072452170
0
1063452960
0
1071282033
3221225472
1072132681
2684354560
1072267363
2684354560
1071461100
1073741824
1072693247
2684354560
70
