Uvec
2226355706
1069701692
0
1072243600
3758096384
1068681418
0
1072168599
2147483648
1071944791
3221225472
1070628352
2147483648
1069895204
2147483648
1071721799
536870912
1072099729
1610612736
1071238922
1073741824
1069789443
2147483648
1072641666
2147483648
1072028941
1610612736
1070289452
0
1072250398
2684354560
1072423011
2147483648
1071809509
3758096384
1071787889
3221225472
1072596300
1073741824
1066687792
0
1072643067
3758096384
1072299907
2684354560
1071638044
1073741824
1072464883
3758096384
1071915586
2684354560
1071344554
3221225472
1072401655
2147483648
1071472227
1073741824
1070633736
1073741824
1066017880
0
1072544244
536870912
1069071303
0
1068841108
0
1070948111
0
1071777995
3758096384
1071086247
3221225472
1071331359
2147483648
1072165165
2147483648
1070690225
2147483648
1072438266
3758096384
1072577585
2684354560
1069979602
2147483648
1072311622
536870912
1072121050
1073741824
1072013749
3221225472
1071568558
2147483648
1071661675
2147483648
1071439136
1073741824
1071749497
0
1072004019
3758096384
1072611233
1610612736
1071815308
2147483648
1072033245
536870912
1072390737
3221225472
1072266219
3758096384
1071008278
3221225472
1071086448
0
1071379947
0
1070851056
0
1069948449
2147483648
1072655612
1610612736
1072207088
3221225472
1071760727
2684354560
1071199860
1073741824
1071675414
2147483648
1071651584
0
1070050023
0
1072570867
2147483648
1072494223
1073741824
1072065177
3758096384
1069811573
2147483648
1070518542
2147483648
1072457899
1610612736
1066898644
0
1071984792
1073741824
1070101707
2147483648
1072117932
1073741824
1071762019
3758096384
1069467393
0
1069075630
0
1071906727
1610612736
1071793455
2147483648
1068662269
0
1068349462
0
1071730143
536870912
1071348674
1073741824
1064223968
0
1072242771
2147483648
1072190240
1073741824
1070602034
2147483648
1071964362
2684354560
1071350865
2147483648
1071857774
3758096384
1069593815
2147483648
1071351675
1073741824
1072027674
1073741824
1071163273
1073741824
1072175023
536870912
1071461100
1073741824
1072693247
2684354560
6
