Uvec
2226355706
1072450942
3221225472
1071199339
1073741824
1071729404
2684354560
1072682691
2147483648
1072115730
3758096384
1070261791
2147483648
1072467447
1073741824
1070986501
0
1062470400
0
1072388788
536870912
1072145428
2684354560
1070588498
2147483648
1071481772
3221225472
1072057396
2684354560
1072014062
3221225472
1071288982
2147483648
1072569371
1073741824
1069529780
0
1072633786
2147483648
1072657749
536870912
1071892532
536870912
1072343350
536870912
1072455183
2684354560
1072438765
1610612736
1069648011
0
1072461053
0
1071432695
0
1069647352
0
1071963607
0
1071503153
3221225472
1071699666
3221225472
1071797639
0
1072609374
2147483648
1070776202
3221225472
1070600235
2147483648
1072421993
0
1072254422
0
1071789252
3221225472
1069410459
0
1072444794
0
1072287253
2147483648
1070617005
1073741824
1072622724
2684354560
1072501982
2684354560
1069551337
0
1071781447
1610612736
1070610461
0
1071466081
1073741824
1071143252
0
1071752621
3221225472
1072201291
2684354560
1071514433
2147483648
1071707765
2684354560
1071916236
1610612736
1069786790
0
1072475804
1610612736
1072112911
1073741824
1069189825
0
1071726618
1610612736
1071610428
3221225472
1071998891
2147483648
1069358603
0
1071988685
3758096384
1070323706
2147483648
1070753920
0
1070735026
3221225472
1072618688
0
1070786286
0
1072207996
1610612736
1072151146
3758096384
1069839335
0
1072558863
0
1071654975
2684354560
1070533296
2147483648
1071309362
2147483648
1071692204
1073741824
1072687622
1610612736
1072143883
3758096384
1072613785
2684354560
1069983765
2147483648
1067697150
0
1070994577
2147483648
1072596425
2684354560
1072358521
3758096384
1072631787
0
1072542427
2147483648
1072085219
2147483648
1072066925
2147483648
1070924165
0
1072211021
536870912
1070754950
2147483648
1070432956
2147483648
1069339605
0
1072357917
3221225472
1071779611
2147483648
1072289035
1073741824
1071652323
536870912
1072359390
2684354560
1071461100
1073741824
1072693247
2684354560
70
