Uvec
2226355706
1071398270
2147483648
1072576376
0
1069499453
0
1071742645
536870912
1071936673
2147483648
1070647312
1073741824
1070044403
2147483648
1072185790
0
1071033189
2147483648
1071665329
1610612736
1072274136
3758096384
1069009920
0
1071518855
1073741824
1072146730
2684354560
1069492291
0
1072481397
2147483648
1069999086
2147483648
1072608390
3221225472
1068515795
0
1069995911
0
1072610400
2147483648
1072073997
1073741824
1072314005
3221225472
1072340198
2147483648
1072324074
1073741824
1071167481
0
1070002384
0
1069852315
0
1071484907
2147483648
1072055924
1073741824
1071539700
2147483648
1070704867
0
1071727003
1073741824
1072182529
1073741824
1071957477
1610612736
1071138897
1073741824
1071936693
3758096384
1070299593
0
1069975441
0
1068290598
0
1067899530
0
1071333240
3221225472
1071947219
0
1072150606
2147483648
1071080798
3221225472
1067875992
0
1072334687
2684354560
1072273058
536870912
1072373022
536870912
1071658255
3221225472
1070154284
2147483648
1071856689
1073741824
1071528829
3221225472
1072664102
1610612736
1064597344
0
1072380380
3221225472
1072619080
536870912
1072294033
0
1072149366
3221225472
1072034240
2684354560
1072472134
3221225472
1068230440
0
1069052564
0
1071017811
0
1071764619
2684354560
1072347064
2147483648
1071475518
1073741824
1071742687
0
1072350422
2147483648
1071832387
3221225472
1071611638
2147483648
1071655147
3221225472
1071712786
2684354560
1070906652
3221225472
1072012466
3221225472
1071012921
2147483648
1071969637
2147483648
1070424868
2147483648
1069973150
0
1069931930
2147483648
1070739160
2147483648
1066462804
0
1069646869
2147483648
1070409465
2147483648
1071060871
0
1071928176
536870912
1069557470
0
1070796639
3221225472
1072049709
3221225472
1071945779
3758096384
1069695002
2147483648
1069862234
0
1072154280
2147483648
1071933919
2147483648
1072289217
2684354560
1072673743
3758096384
1072497760
0
1071872573
0
1071461100
1073741824
1072693247
2684354560
22
