Uvec
2226355706
1072129712
2684354560
1071742296
2147483648
1070756654
3221225472
1071030699
2147483648
1069302350
0
1072138797
2684354560
1072292921
1073741824
1071579554
3221225472
1072256606
3221225472
1072574844
536870912
1069802953
2147483648
1072553160
1610612736
1071208213
1073741824
1068381674
0
1071902074
3758096384
1069504499
0
1071324651
3221225472
1072111572
1073741824
1071683452
2147483648
1069722035
0
1069574812
2147483648
1071947197
0
1071018719
0
1072488731
1073741824
1072661823
1073741824
1061942400
0
1071759554
1610612736
1068997248
0
1070621803
3221225472
1072518888
2684354560
1072101939
2147483648
1071146844
0
1071296265
1073741824
1072542313
1610612736
1072417676
1073741824
1070913669
3221225472
1072300123
0
1070484761
0
1072122940
536870912
1071133374
2147483648
1071786331
3221225472
1072051544
1073741824
1071773078
536870912
1071391856
3221225472
1071851559
2147483648
1071996563
1610612736
1071673785
3221225472
1072440742
2684354560
1071682683
2147483648
1072063873
3758096384
1072457905
3221225472
1071251363
0
1067211780
0
1072239685
1073741824
1072106145
536870912
1071885963
0
1069503138
0
1069161153
0
1069711824
2147483648
1069857607
2147483648
1071605090
3221225472
1072253057
2147483648
1072290028
536870912
1071740443
3221225472
1068604938
0
1071807792
2147483648
1072327046
536870912
1072026264
1073741824
1067907216
0
1071998243
3758096384
1070283527
2147483648
1069154886
0
1070954988
2147483648
1072515456
0
1071710780
2147483648
1072537587
536870912
1072427588
2147483648
1067187432
0
1069597030
2147483648
1072486158
1610612736
1072663658
3221225472
1072080034
3221225472
1072207077
536870912
1072621210
1073741824
1071896433
3221225472
1071300256
0
1068285452
0
1072440044
1610612736
1069505262
0
1072350972
1073741824
1072159630
3221225472
1071470512
1073741824
1072624800
1073741824
1072671866
2684354560
1071511426
0
1071999306
3758096384
1069482556
0
1070733347
3221225472
1071461100
1073741824
1072693247
2684354560
39
