Uvec
2226355706
1072428529
2147483648
1070226511
0
1070385450
2147483648
1071716381
3221225472
1070257977
2147483648
1072475927
2147483648
1071303497
2147483648
1069938528
0
1069307449
0
1071182402
0
1069921199
2147483648
1072610163
2684354560
1072391065
0
1071929444
3758096384
1070086365
2147483648
1069668745
2147483648
1068671144
0
1072176898
2684354560
1072388067
0
1072457797
2147483648
1072574902
536870912
1068720346
0
1072309850
2147483648
1071425945
0
1072039691
536870912
1069654982
2147483648
1071793978
1610612736
1072490567
1610612736
1069288550
0
1072113701
1610612736
1071736174
2684354560
1070912765
2147483648
1070438817
2147483648
1071964498
2147483648
1070939487
3221225472
1071789538
3758096384
1071911042
1610612736
1069731522
0
1069528687
0
1068214214
0
1071603291
0
1072197704
2147483648
1071703965
3758096384
1071775782
2147483648
1072423912
2147483648
1071282601
2147483648
1070351153
2147483648
1072066592
536870912
1071949964
3221225472
1068872041
0
1070892010
3221225472
1070608038
1073741824
1072361803
3221225472
1071713599
0
1072556234
3221225472
1069815673
2147483648
1071842450
2684354560
1071316613
3221225472
1071161621
3221225472
1070692854
2147483648
1072114458
3221225472
1069580225
0
1068515756
0
1070621683
1073741824
1072003090
3221225472
1071135685
1073741824
1067804686
0
1072091551
1073741824
1070816182
1073741824
1070921846
2147483648
1072520178
1073741824
1069800623
0
1070847035
1073741824
1072236891
1073741824
1069597263
0
1071966442
1073741824
1071647961
536870912
1070969268
1073741824
1071019322
3221225472
1071178585
0
1066857552
0
1072224715
2147483648
1071850312
0
1070533086
2147483648
1069990340
2147483648
1071012483
3221225472
1067564142
0
1070546346
0
1071364697
0
1072320629
536870912
1069873810
2147483648
1070048529
2147483648
1071709931
0
1067952500
0
1069063736
0
1071984082
1610612736
1072005570
0
1067903034
0
1071461100
1073741824
1072693247
2684354560
51
