Uvec
2226355706
1070631055
0
1069549460
2147483648
1071717285
2147483648
1068082962
0
1072105288
1610612736
1072150116
1610612736
1072519856
3758096384
1071019728
0
1072081298
2147483648
1071021622
3221225472
1070443770
2147483648
1071194420
0
1067566204
0
1072002285
2684354560
1070271796
0
1072119046
2147483648
1070833373
2147483648
1071950278
0
1071476898
1073741824
1072045752
1610612736
1071822934
1610612736
1071865064
536870912
1068943776
0
1065494528
0
1070884709
3221225472
1070008617
2147483648
1072630758
1610612736
1071491920
1073741824
1072185177
3758096384
1072274660
1073741824
1071326297
1073741824
1072457383
2147483648
1072483541
2147483648
1072154145
2147483648
1071958478
2684354560
1070014714
0
1071294953
0
1064950928
0
1068232044
0
1070847129
3221225472
1070068083
0
1071339141
2147483648
1069484854
0
1071164629
1073741824
1069246243
0
1071928213
1610612736
1071864524
536870912
1071606755
3221225472
1072564340
0
1064068096
0
1072013846
3221225472
1072513354
3221225472
1066556564
0
1071909053
2147483648
1069796640
0
1072303447
3758096384
1070709102
2147483648
1072177869
2147483648
1062509824
0
1070646410
0
1071354211
0
1072122455
1073741824
1072020225
3758096384
1068655060
0
1066428820
0
1070155181
2147483648
1072352934
536870912
1071835453
1073741824
1067147588
0
1071800437
536870912
1069520605
0
1072383629
0
1070630087
2147483648
1071947922
1073741824
1069188848
0
1068479736
0
1071709877
3758096384
1070861624
0
1068549860
0
1071789484
1610612736
1064380688
0
1072246907
2684354560
1072023881
0
1072452977
3221225472
1072026841
2684354560
1071971763
1610612736
1072346582
2684354560
1072502434
3221225472
1072515358
2684354560
1071667206
2684354560
1072256644
0
1071369927
3221225472
1070396101
0
1072544411
2684354560
1072602604
3221225472
1072016809
536870912
1072014658
3758096384
1072597223
3221225472
1071461100
1073741824
1072693247
2684354560
48
