Uvec
2226355706
1072215366
3758096384
1072172686
0
1072245905
1610612736
1069709478
2147483648
1072152556
1073741824
1072501343
2684354560
1071568466
0
1070020420
2147483648
1069174694
0
1070982433
0
1067800558
0
1071276381
3221225472
1070126764
2147483648
1072213412
2147483648
1072478633
3221225472
1071928703
3758096384
1071999520
2684354560
1072163189
1073741824
1072405824
3758096384
1069607512
0
1072296704
1610612736
1071915727
0
1072538065
3758096384
1072388672
2147483648
1072600902
0
1070616290
2147483648
1071831142
536870912
1070286483
2147483648
1069798117
2147483648
1069695499
0
1071934431
536870912
1072212759
0
1072308616
1610612736
1072244269
2147483648
1068966254
0
1071958612
1073741824
1071364903
0
1070263372
2147483648
1072440788
1610612736
1067548552
0
1072118489
1610612736
1072107771
2147483648
1071094075
3221225472
1069671166
2147483648
1069554946
2147483648
1071325371
0
1071885916
1073741824
1071879138
3758096384
1070781353
1073741824
1071817507
3758096384
1072561972
536870912
1071330166
1073741824
1068390474
0
1069441950
0
1070950983
0
1069893443
2147483648
1071973193
0
1071126142
1073741824
1070624466
0
1071106185
1073741824
1068222620
0
1071483581
3221225472
1070816076
0
1070448168
0
1070314935
2147483648
1070756387
2147483648
1072422555
3758096384
1071517511
3221225472
1070975777
1073741824
1071058015
0
1072346143
1073741824
1070971215
0
1071063239
1073741824
1071861513
2147483648
1069281311
0
1071255237
0
1070902827
1073741824
1068516496
0
1072331775
3758096384
1070857741
3221225472
1072309497
536870912
1072456728
3221225472
1070593410
2147483648
1070372182
0
1069871056
2147483648
1071878275
3221225472
1069754616
2147483648
1071383602
0
1067044588
0
1072661921
536870912
1072520540
0
1072567014
0
1067320276
0
1064478528
0
1070729641
1073741824
1067751688
0
1072165554
2684354560
1071585058
1073741824
1071461100
1073741824
1072693247
2684354560
79
