Uvec
2226355706
1071873663
1073741824
1070723110
3221225472
1072470974
2147483648
1071884836
536870912
1069112905
0
1071631417
1073741824
1070222101
0
1066665996
0
1070085673
2147483648
1071693716
3758096384
1072056390
1610612736
1071353489
2147483648
1072457206
0
1071556804
3221225472
1071057661
1073741824
1072030828
0
1071677523
1073741824
1072599008
2684354560
1072513951
2684354560
1068425656
0
1072455686
0
1071376109
0
1072404863
3221225472
1071164059
0
1068891806
0
1071001778
0
1072073563
3221225472
1071693046
2684354560
1072280299
3221225472
1071434027
0
1070132400
2147483648
1072218269
0
1061094656
0
1072434778
2684354560
1067964270
0
1070110696
0
1072550991
2147483648
1070481435
2147483648
1065444408
0
1072061868
1073741824
1071685792
536870912
1070885028
3221225472
1072042617
3221225472
1072049892
2684354560
1071943758
536870912
1071128723
3221225472
1071594857
3221225472
1072672305
1610612736
1070715617
1073741824
1069088176
0
1071592523
2147483648
1071598032
3221225472
1071182711
3221225472
1067039084
0
1072399691
3221225472
1072340316
3758096384
1072219068
1610612736
1072100308
1073741824
1070425379
0
1072602088
536870912
1069361975
0
1070894539
3221225472
1070716991
0
1071971925
536870912
1070340615
0
1071987028
2684354560
1071091337
0
1072320970
3758096384
1069715866
2147483648
1072548937
3758096384
1071822231
2684354560
1072427240
2147483648
1071946963
1073741824
1072163643
0
1072191549
0
1070808701
2147483648
1065169024
0
1071771246
1073741824
1072173798
1610612736
1071242786
0
1072013142
2684354560
1070884763
0
1071035632
2147483648
1069584130
2147483648
1071736827
1610612736
1070063690
0
1072565290
2147483648
1070684754
0
1070819666
3221225472
1062937280
0
1072078219
1073741824
1070862637
2147483648
1072101463
2684354560
1071639459
0
1071749346
1610612736
1072076583
1073741824
1072466576
3221225472
1071213840
3221225472
1071461100
1073741824
1072693247
2684354560
1
