Uvec
2226355706
1071970637
1073741824
1070959226
3221225472
1072220372
0
1066603572
0
1072134622
1610612736
1072498445
3221225472
1071650491
1073741824
1072211116
0
1070931113
1073741824
1072670422
1073741824
1070636966
3221225472
1071787821
1610612736
1072312432
1073741824
1072625427
1610612736
1072484638
3758096384
1070853099
1073741824
1071684254
3221225472
1069178430
0
1072218168
3221225472
1072433859
0
1072253987
1073741824
1070918061
3221225472
1072095439
3758096384
1071046980
0
1070617915
0
1069961624
2147483648
1071821373
2147483648
1071835954
1610612736
1069918846
0
1072253484
3221225472
1069380011
0
1072498790
2147483648
1071602565
0
1072465974
1610612736
1072651600
0
1067623570
0
1070638044
0
1069605451
0
1072286734
3221225472
1072516823
3758096384
1072255168
3758096384
1067686058
0
1070563833
2147483648
1070656407
2147483648
1070601211
1073741824
1071011107
3221225472
1070763087
1073741824
1071698761
2684354560
1071818626
1610612736
1072108103
3758096384
1071451388
3221225472
1072436616
1073741824
1071664196
3758096384
1072391463
2684354560
1072667157
0
1072611294
2684354560
1072255983
2147483648
1072116882
2147483648
1071437570
2147483648
1071095888
0
1072530980
2684354560
1072637139
1073741824
1072430752
2684354560
1069687658
0
1071039885
1073741824
1072565862
2147483648
1070992148
2147483648
1071958436
1073741824
1072000117
3221225472
1072662616
2684354560
1072347570
2684354560
1071663674
3758096384
1071407195
2147483648
1069616594
2147483648
1070932460
3221225472
1070631142
2147483648
1069009127
0
1068997912
0
1072102852
3758096384
1072650481
1073741824
1071668447
0
1069775530
2147483648
1071107348
1073741824
1072670848
2684354560
1070263374
2147483648
1071167424
3221225472
1071918490
536870912
1068428638
0
1072567864
536870912
1068760516
0
1071231666
0
1071656751
2684354560
1069976822
2147483648
1072321696
3758096384
1072060959
1073741824
1072568771
2684354560
1071911880
3221225472
1070902827
2147483648
1071461100
1073741824
1072693247
2684354560
18
