Uvec
2226355706
1069911598
2147483648
1069818527
0
1072269996
2147483648
1072361701
0
1072275577
3758096384
1072086566
1073741824
1071886532
0
1072430789
0
1072245354
1073741824
1072473714
1073741824
1063778752
0
1067509934
0
1072368737
2147483648
1067752694
0
1070062105
0
1069607940
0
1072183455
2684354560
1071460880
0
1071668690
2147483648
1070916107
2147483648
1072621869
3221225472
1072524922
2147483648
1072478640
3221225472
1071390469
0
1072054349
1610612736
1068694848
0
1070957908
1073741824
1070311965
2147483648
1069577439
0
1072111748
2147483648
1067192852
0
1071974024
2684354560
1071312253
0
1072285085
0
1070701509
3221225472
1071121062
2147483648
1072088910
3221225472
1068052152
0
1070706875
3221225472
1068415008
0
1068079756
0
1066909700
0
1072455165
3758096384
1071105567
1073741824
1071366568
2147483648
1071370372
0
1069621230
2147483648
1068698219
0
1071648271
2147483648
1071868478
0
1071961673
1610612736
1072437011
0
1070147084
2147483648
1072482835
2147483648
1071945286
536870912
1070759051
2147483648
1072163756
2147483648
1071877020
1610612736
1070454062
2147483648
1068505387
0
1071995022
1073741824
1071404266
1073741824
1071242120
3221225472
1072506268
3221225472
1070971878
0
1068071970
0
1072538141
0
1072382383
0
1071369568
2147483648
1072488540
1073741824
1071800972
2684354560
1072170277
2147483648
1069745910
2147483648
1072192062
1610612736
1067254540
0
1070733532
3221225472
1072182977
536870912
1072139338
1073741824
1067211288
0
1072149089
0
1071869369
1073741824
1071966114
2684354560
1072511009
1073741824
1072665642
3758096384
1069726415
2147483648
1072568069
3758096384
1072430122
3758096384
1070465227
2147483648
1070554926
0
1071886516
2684354560
1070135814
0
1066753912
0
1070642296
3221225472
1070590436
0
1071875130
1610612736
1072571437
536870912
1070742206
2147483648
1071523857
1073741824
1071461100
1073741824
1072693247
2684354560
13
