Uvec
2226355706
1069836539
2147483648
1070627818
2147483648
1072447160
1073741824
1072192717
536870912
1072581498
536870912
1068296806
0
1068917454
0
1071515232
0
1071647897
2147483648
1072133051
0
1072106265
2147483648
1069726538
0
1072113214
0
1071569912
0
1071580000
1073741824
1072044595
3758096384
1071533135
2147483648
1071953432
3221225472
1072428573
2684354560
1066124576
0
1070930552
2147483648
1069885920
0
1072123241
2147483648
1070755770
0
1072043513
0
1069026333
0
1069780453
2147483648
1072066666
2147483648
1071659131
1073741824
1072405279
3221225472
1071864490
2147483648
1072057741
3758096384
1070966758
1073741824
1069750037
2147483648
1071727059
1610612736
1067831468
0
1072246333
0
1072528026
1610612736
1072482256
536870912
1070309578
2147483648
1072062749
3221225472
1071902676
536870912
1071061344
3221225472
1071281612
0
1071632966
2147483648
1071959389
3758096384
1072179015
0
1071672160
1610612736
1072665295
2684354560
1072188903
0
1071601462
0
1072104421
3221225472
1072301428
0
1071691596
1073741824
1070164233
2147483648
1070803761
3221225472
1069887790
2147483648
1070969270
0
1071885596
1073741824
1072131727
1073741824
1070793210
0
1071614419
0
1072431892
536870912
1071999582
3221225472
1072477903
536870912
1070396337
0
1068561503
0
1071085895
3221225472
1072589300
1610612736
1070689300
3221225472
1072249157
1610612736
1070784142
0
1070719700
3221225472
1069101591
0
1064928608
0
1071735244
2147483648
1072627451
2147483648
1071188080
0
1071127578
1073741824
1071313258
2147483648
1070099776
0
1066385304
0
1072611024
2684354560
1072422190
1073741824
1072520404
536870912
1072161542
1073741824
1070641885
0
1072181136
1073741824
1070966924
0
1072423291
536870912
1072191105
3221225472
1071800134
3221225472
1070625349
2147483648
1072410957
1610612736
1071861767
2684354560
1071672065
2684354560
1071527750
0
1072670698
536870912
1071461100
1073741824
1072693247
2684354560
78
