Uvec
2226355706
1070297490
0
1071655079
3758096384
1067702602
0
1071833659
1610612736
1071068177
2147483648
1071876141
536870912
1068150626
0
1069755755
0
1072149912
3221225472
1072358889
536870912
1072686023
1610612736
1072459454
0
1071176214
1073741824
1072563529
1073741824
1071674389
1073741824
1072310489
3221225472
1071552577
0
1072378227
3221225472
1071966402
2684354560
1070850414
3221225472
1070911927
0
1071722913
2147483648
1071505294
0
1072348096
2147483648
1070759293
1073741824
1072128745
2684354560
1071874733
536870912
1070748211
0
1071712541
536870912
1069031622
0
1070703771
1073741824
1072045403
2684354560
1071859926
3758096384
1071688871
1073741824
1071789315
536870912
1072041603
2684354560
1071893430
1073741824
1070324467
0
1071419158
2147483648
1071568984
3221225472
1067970406
0
1071616456
2147483648
1068882043
0
1072274402
2684354560
1072089011
2684354560
1070664921
0
1071818405
3221225472
1066679688
0
1071398296
3221225472
1071846868
0
1071155746
1073741824
1070640490
1073741824
1071727248
3758096384
1067479178
0
1072166166
1610612736
1071872036
2147483648
1072688407
2147483648
1071039327
3221225472
1072182586
2147483648
1071653011
536870912
1067111948
0
1072023452
3758096384
1071477347
0
1071651840
536870912
1071013331
3221225472
1071893314
3758096384
1070880863
3221225472
1068566753
0
1072360747
3758096384
1071710726
1610612736
1072254783
3758096384
1071674939
2684354560
1066591040
0
1070971372
2147483648
1071892674
0
1072139386
536870912
1072352514
2147483648
1067809264
0
1070801638
3221225472
1069169359
0
1071908097
2147483648
1071878180
2684354560
1072584849
1610612736
1071667106
3758096384
1071157368
3221225472
1069502270
0
1072580704
3221225472
1071639930
1073741824
1072468889
1073741824
1071969031
0
1071189187
3221225472
1071875059
3758096384
1072370022
0
1072047205
0
1070856577
3221225472
1072575302
536870912
1072437122
2684354560
1069946556
2147483648
1071461100
1073741824
1072693247
2684354560
4
