Uvec
2226355706
1070699702
1073741824
1071296879
3221225472
1071575236
1073741824
1071324305
0
1067310072
0
1070668277
3221225472
1072323305
2684354560
1070786742
2147483648
1071223184
0
1071401032
1073741824
1072675864
3221225472
1068878182
0
1072602458
0
1070651144
1073741824
1067828634
0
1070769802
1073741824
1072327797
1610612736
1069456356
0
1071532197
2147483648
1070692958
1073741824
1072077932
0
1072439314
1610612736
1071130398
2147483648
1071940240
3221225472
1072447201
3758096384
1071891632
3758096384
1072436572
2684354560
1071361873
2147483648
1072205031
3221225472
1072176172
1073741824
1069883000
0
1068872752
0
1071913835
3221225472
1072251655
3758096384
1070929292
3221225472
1072668117
3758096384
1070427025
0
1068847598
0
1072640025
2684354560
1071947878
3221225472
1066988004
0
1071686472
3221225472
1071664086
0
1072252487
1073741824
1071683909
0
1070052845
0
1071810972
1610612736
1071121661
3221225472
1072652009
3221225472
1068144300
0
1070217277
2147483648
1070611147
3221225472
1070198888
0
1068667309
0
1071740171
3221225472
1072280322
1610612736
1072509441
536870912
1069993701
0
1070937086
2147483648
1072090288
2147483648
1071166308
0
1072547756
3221225472
1070524754
2147483648
1069994456
0
1071568256
3221225472
1069809904
2147483648
1069493101
0
1072078805
1073741824
1067863126
0
1070885098
2147483648
1072249588
1610612736
1071471217
0
1072308401
0
1072305955
1610612736
1072364721
2684354560
1070175567
0
1072606503
1073741824
1068615451
0
1071881994
536870912
1072310002
0
1071820077
1610612736
1069479353
0
1072107693
2147483648
1072678599
1610612736
1071663601
1073741824
1071605335
3221225472
1070803231
2147483648
1071173828
0
1070366639
0
1072075706
0
1071902406
3758096384
1071222025
2147483648
1071119884
3221225472
1072408155
3221225472
1071832733
3221225472
1070502897
0
1071445831
1073741824
1072239390
536870912
1071461100
1073741824
1072693247
2684354560
46
