Uvec
2226355706
1072146471
2147483648
1069720855
2147483648
1072366927
1073741824
1070504110
2147483648
1068693182
0
1072137965
2147483648
1072059815
3758096384
1069681164
2147483648
1069977111
2147483648
1062499264
0
1068628857
0
1072041281
3221225472
1072375231
3758096384
1072124898
536870912
1072407333
3221225472
1071752509
536870912
1070787865
2147483648
1069689283
0
1071343341
0
1071005177
2147483648
1071227030
1073741824
1072378374
3221225472
1070806660
2147483648
1071462692
3221225472
1071076492
0
1068690951
0
1070660542
1073741824
1072460904
536870912
1072637734
1610612736
1067421236
0
1071820765
3221225472
1070712217
2147483648
1070259226
2147483648
1071762258
3758096384
1070177549
0
1069170319
0
1072240352
0
1071667807
3758096384
1069381182
0
1072203227
3758096384
1072123238
3221225472
1067717334
0
1072297445
0
1071867887
536870912
1072544035
2147483648
1071928347
536870912
1071859223
2147483648
1071386961
1073741824
1071610585
3221225472
1070646345
1073741824
1071618692
1073741824
1072627470
1610612736
1070367376
0
1072264852
536870912
1072602531
1610612736
1069573545
0
1072435598
2684354560
1072312796
1610612736
1072650528
0
1069564604
2147483648
1072426186
2684354560
1072574648
1610612736
1071030814
0
1072654402
3758096384
1072659208
3221225472
1069723085
0
1071257367
3221225472
1072558659
1073741824
1071554132
1073741824
1072286874
536870912
1071974690
3758096384
1072128984
1610612736
1072248909
0
1072215345
1610612736
1072056824
3758096384
1072318240
2147483648
1071971622
0
1072451921
2147483648
1067545884
0
1072290444
536870912
1070105551
0
1072297910
3221225472
1071930187
2147483648
1071492202
0
1068760767
0
1071793140
1073741824
1071728901
3221225472
1068487686
0
1071068467
1073741824
1070869243
1073741824
1072354868
2147483648
1071113817
2147483648
1072211773
3758096384
1072310488
1610612736
1070823732
3221225472
1072387914
1610612736
1069812848
0
1072213662
2147483648
1071461100
1073741824
1072693247
2684354560
19
