Uvec
2226355706
1071999976
1610612736
1071157294
1073741824
1072126391
2684354560
1071640507
3221225472
1072536339
1073741824
1071853245
1610612736
1071626786
0
1071502784
0
1071749519
2684354560
1071048473
0
1072372905
1610612736
1069675017
2147483648
1070438315
0
1071986493
2147483648
1072264964
536870912
1069378354
0
1069626077
2147483648
1070609307
1073741824
1072648616
3221225472
1068399068
0
1070138470
2147483648
1072348277
2147483648
1071697693
3758096384
1072465408
1073741824
1070483017
0
1071749038
0
1068639877
0
1070799194
1073741824
1070535537
0
1072102053
2684354560
1070681289
0
1072079341
0
1071684236
536870912
1070618297
0
1070056698
2147483648
1071118432
2147483648
1072199844
536870912
1068527325
0
1071664213
1610612736
1072310846
1073741824
1070637714
1073741824
1069605592
2147483648
1071819390
3758096384
1072254048
3221225472
1072320811
0
1069637288
2147483648
1071582162
0
1071697211
3221225472
1072627095
0
1072400818
536870912
1064966544
0
1071467516
3221225472
1072090710
536870912
1071116913
3221225472
1064987664
0
1072214237
0
1071849687
3221225472
1072241766
3758096384
1070063840
2147483648
1071939968
1073741824
1068126846
0
1072305051
3221225472
1071222551
1073741824
1068493766
0
1066263856
0
1071742830
0
1070861219
1073741824
1071174846
1073741824
1070034413
0
1072049021
3758096384
1069386734
0
1069970582
0
1070818660
2147483648
1072678126
536870912
1072072977
2147483648
1069667603
2147483648
1072594060
0
1072289394
536870912
1070523784
0
1072184769
2147483648
1072497655
2684354560
1070984861
3221225472
1068285598
0
1071127317
0
1072666981
2147483648
1071554919
3221225472
1072663469
1073741824
1070433104
0
1071489848
3221225472
1072672315
3221225472
1071129093
3221225472
1072374825
3758096384
1072521229
2684354560
1072283596
1610612736
1068142002
0
1070303222
2147483648
1069805209
0
1069355019
0
1071461100
1073741824
1072693247
2684354560
27
