Uvec
2226355706
1071847644
0
1072460973
3221225472
1072177573
536870912
1070371958
2147483648
1069419971
0
1072562556
3221225472
1072001006
0
1070919855
0
1071694739
2684354560
1071619866
0
1066539284
0
1071263732
3221225472
1071640569
2147483648
1072228590
536870912
1070059099
2147483648
1070823793
3221225472
1069399974
0
1070090151
2147483648
1071302134
1073741824
1071453566
1073741824
1072300388
536870912
1071835669
3758096384
1072644310
536870912
1071939952
3758096384
1072244320
1610612736
1068902866
0
1072516982
3758096384
1070031688
2147483648
1069721413
2147483648
1071909593
3221225472
1064704256
0
1071997190
1610612736
1071120520
3221225472
1066783020
0
1071973446
3221225472
1068237700
0
1070500770
0
1067605700
0
1069626311
0
1071569868
0
1071510857
1073741824
1071991360
536870912
1071991204
536870912
1071365203
1073741824
1072400875
2684354560
1072012088
1073741824
1072499075
0
1071887434
1073741824
1069578278
2147483648
1070923208
1073741824
1069704937
0
1071831021
2684354560
1063273696
0
1071399955
0
1072508351
2147483648
1070482069
0
1071048865
3221225472
1072658003
2684354560
1072275940
2684354560
1071490967
2147483648
1065391536
0
1072214061
1073741824
1072040227
1610612736
1072596440
3758096384
1071881872
536870912
1070990527
2147483648
1069502902
0
1071745233
536870912
1070803957
2147483648
1072365944
3758096384
1072463027
1073741824
1071622167
0
1072506012
2684354560
1072411788
536870912
1070308714
0
1071950549
3221225472
1071869563
2684354560
1072192114
3221225472
1072091241
536870912
1071057618
3221225472
1072590494
3221225472
1070381108
0
1071916794
2147483648
1064821168
0
1071956782
2147483648
1068806855
0
1071576358
1073741824
1070920082
3221225472
1071418158
2147483648
1068150290
0
1072012047
3221225472
1070607337
2147483648
1072399785
1073741824
1072423994
1610612736
1070477292
0
1071636186
0
1069750740
2147483648
1071779751
0
1071461100
1073741824
1072693247
2684354560
25
