Uvec
2226355706
1067990410
0
1072217563
1610612736
1072680797
1610612736
1072563117
536870912
1071736500
1610612736
1067774730
0
1071878066
3758096384
1071784624
1610612736
1066826868
0
1072506964
0
1071622125
1073741824
1069992409
2147483648
1072452922
1610612736
1072425659
1073741824
1072318967
2147483648
1070372704
2147483648
1070696049
1073741824
1072467335
2147483648
1071918625
0
1070931014
2147483648
1067713216
0
1072631281
2684354560
1070812233
3221225472
1071819678
2147483648
1071540374
2147483648
1072227263
3758096384
1070237865
0
1070728771
2147483648
1070627457
3221225472
1072075519
0
1071915144
1610612736
1071903665
536870912
1072281969
2684354560
1070138266
2147483648
1071821844
1073741824
1072608421
3221225472
1072240844
0
1072401434
536870912
1066826720
0
1070900640
3221225472
1072516556
1073741824
1069790807
0
1069645141
2147483648
1070256033
2147483648
1070538981
2147483648
1072602828
2147483648
1071281104
1073741824
1072550606
1610612736
1069082736
0
1069710671
0
1071664492
2147483648
1071783428
3758096384
1071369727
2147483648
1072512207
1073741824
1072663103
1073741824
1068195120
0
1072290281
1073741824
1067670538
0
1070095768
2147483648
1070478501
2147483648
1070912345
3221225472
1070477520
0
1071650455
3221225472
1072541067
536870912
1072262930
3221225472
1072483914
0
1072363448
0
1072381910
1073741824
1071288952
1073741824
1071943919
0
1071869647
1073741824
1070664386
3221225472
1070846137
1073741824
1068195222
0
1069844141
0
1072269142
3221225472
1072319154
3758096384
1071878130
1610612736
1069804069
0
1070023786
2147483648
1071264068
2147483648
1070703110
1073741824
1071853705
536870912
1071875986
536870912
1071661576
3221225472
1072513257
1610612736
1070609556
1073741824
1071720106
2147483648
1072082683
3221225472
1071024032
3221225472
1070929264
2147483648
1067688110
0
1067636116
0
1072499199
536870912
1072088611
0
1071822661
536870912
1071887304
3221225472
1071661166
2147483648
1071461100
1073741824
1072693247
2684354560
44
