Uvec
2226355706
1072437903
1610612736
1071029745
1073741824
1072223391
3221225472
1071696122
3758096384
1070022954
0
1071947178
3758096384
1070634050
1073741824
1070399729
2147483648
1072360745
1610612736
1066494456
0
1071316581
1073741824
1072052709
3221225472
1072212816
0
1072585316
3221225472
1071423880
1073741824
1072203275
536870912
1070297766
0
1072365789
3758096384
1070599167
3221225472
1070869814
0
1072211469
3758096384
1068458084
0
1070892988
0
1071926852
1610612736
1069875704
0
1069280538
0
1071688265
0
1072565393
3221225472
1072614980
3221225472
1072038237
3758096384
1072355404
3221225472
1072346562
3758096384
1071028869
0
1072371241
1073741824
1072410049
3221225472
1069285334
0
1072094809
536870912
1071440391
3221225472
1072125243
3221225472
1072233701
1610612736
1072480540
3221225472
1072679273
536870912
1070418368
2147483648
1072034760
536870912
1072509169
536870912
1072528867
2684354560
1072420138
1073741824
1072345617
2147483648
1072259819
0
1067372240
0
1071867513
2684354560
1069651540
2147483648
1071831232
2684354560
1072526678
2684354560
1068900319
0
1070885174
0
1070611277
0
1072659154
3758096384
1070860265
1073741824
1072451816
0
1071091860
0
1064752368
0
1072103085
2684354560
1072198436
0
1072165313
0
1070207778
2147483648
1072215464
1610612736
1071264738
0
1065682344
0
1068050278
0
1072538064
2147483648
1067465240
0
1070253547
2147483648
1071645002
536870912
1072268241
536870912
1069565059
2147483648
1072073446
2147483648
1071426486
0
1068649958
0
1071000833
3221225472
1070956323
2147483648
1070043096
0
1069525541
0
1070747398
2147483648
1070618689
3221225472
1072574436
2147483648
1071378716
0
1071893449
0
1068753177
0
1072251611
1610612736
1072598627
1073741824
1070237700
0
1071887201
1610612736
1071214207
1073741824
1072334713
1610612736
1072077894
0
1067817358
0
1072100362
1610612736
1071461100
1073741824
1072693247
2684354560
77
