Uvec
2226355706
1072542038
1610612736
1072456040
1073741824
1072682630
2684354560
1072202703
1073741824
1072551195
1610612736
1072126344
1610612736
1071164344
0
1072658598
1073741824
1067040396
0
1071671708
2147483648
1069264545
0
1069050019
0
1070604867
0
1069641960
2147483648
1071352333
2147483648
1071099441
1073741824
1070766389
0
1069095833
0
1070637632
2147483648
1072616726
2684354560
1072018572
2147483648
1070837046
0
1069790531
0
1070917849
2147483648
1072029954
1073741824
1071966600
3758096384
1071027375
1073741824
1067131696
0
1071292994
2147483648
1071053859
3221225472
1067764422
0
1071190795
2147483648
1071691404
1610612736
1072430794
2147483648
1072040539
0
1069243468
0
1067612022
0
1072209714
0
1072194738
1073741824
1070908866
0
1070796200
0
1071796949
2684354560
1069917618
2147483648
1071651146
2147483648
1072635582
3758096384
1071707715
3758096384
1068499313
0
1072574014
536870912
1071235544
3221225472
1072175768
3758096384
1070967518
2147483648
1072128952
3758096384
1068611749
0
1072388144
1610612736
1071487460
1073741824
1068776207
0
1072060181
2684354560
1068234890
0
1069414911
0
1072379539
2684354560
1070840469
0
1072664419
2147483648
1069799520
0
1068901666
0
1072599327
2147483648
1070048604
2147483648
1072296375
0
1070946726
1073741824
1071768913
2684354560
1071013499
1073741824
1070661213
1073741824
1072261561
0
1070252777
0
1069672267
0
1071611294
2147483648
1072565198
1610612736
1070468166
2147483648
1070949314
2147483648
1072624536
0
1072361218
1073741824
1070190985
2147483648
1069936768
0
1072420140
2147483648
1072457582
536870912
1069099913
0
1070837358
2147483648
1072336295
536870912
1072562143
3758096384
1070679989
2147483648
1069596684
0
1065791176
0
1071488863
3221225472
1072359833
536870912
1072630784
3758096384
1072614561
1073741824
1069794150
2147483648
1068481954
0
1071957615
2684354560
1071461100
1073741824
1072693247
2684354560
53
