Uvec
2226355706
1067824864
0
1070724556
2147483648
1072240067
1073741824
1068030656
0
1071039312
3221225472
1072585552
2147483648
1072359912
0
1068527056
0
1070899313
0
1071668829
3221225472
1070594156
2147483648
1068852735
0
1071844956
3221225472
1072173734
1610612736
1072475407
536870912
1071659659
2147483648
1072545674
3221225472
1071830400
2684354560
1067905956
0
1071885733
2147483648
1071065112
1073741824
1071740016
1610612736
1067746714
0
1070708207
1073741824
1069177554
0
1071299415
0
1071826953
2684354560
1071501461
1073741824
1068809711
0
1071862568
3221225472
1072252984
1073741824
1072638716
536870912
1072201144
0
1072635832
3221225472
1071486461
2147483648
1069878856
2147483648
1071411845
1073741824
1067105600
0
1069560378
0
1065163744
0
1070581206
2147483648
1071319079
1073741824
1069682530
0
1071547525
0
1069981143
0
1071971315
1073741824
1069674938
2147483648
1069946690
0
1071972418
1610612736
1071677243
1073741824
1070546015
0
1072440397
1073741824
1071716059
2684354560
1070775672
2147483648
1070119515
0
1071381587
1073741824
1072322077
3221225472
1070746477
2147483648
1072090917
2684354560
1072045120
2684354560
1072557801
2684354560
1071501098
0
1072475466
3221225472
1071230355
2147483648
1063902048
0
1072121176
1073741824
1071623569
0
1068051768
0
1069804392
0
1072140410
2147483648
1070276227
2147483648
1071928418
2684354560
1072208654
1073741824
1072000411
2684354560
1072117640
2147483648
1069949520
2147483648
1070865448
1073741824
1070996621
3221225472
1072127514
1610612736
1071371604
2147483648
1072017910
1610612736
1072191257
0
1069419974
0
1071691401
536870912
1072159341
2147483648
1072650806
2147483648
1070002976
0
1069816069
2147483648
1072115109
0
1072250158
1610612736
1072304887
1073741824
1071268810
1073741824
1071906334
2684354560
1071922670
1610612736
1071919308
2684354560
1070936720
3221225472
1069312172
0
1071206026
3221225472
1071461100
1073741824
1072693247
2684354560
59
