Uvec
2226355706
1071187713
1073741824
1071820114
1073741824
1068602839
0
1070294990
2147483648
1072223423
0
1071767329
2684354560
1071109452
2147483648
1072307090
536870912
1069956488
0
1071646671
2147483648
1071494272
2147483648
1071691928
0
1070477082
0
1072169226
1610612736
1068421562
0
1072438363
0
1069350803
0
1072233424
1073741824
1071330411
2147483648
1072400252
3221225472
1072425853
0
1071850420
2147483648
1070746748
3221225472
1072135084
2147483648
1072091479
3758096384
1071863579
0
1067975752
0
1072331713
3221225472
1072025061
2684354560
1072013823
536870912
1072400116
2147483648
1071924276
3758096384
1072480043
0
1070350079
0
1072011822
3221225472
1070870794
1073741824
1070921650
2147483648
1071381473
0
1071179449
3221225472
1072493328
2147483648
1068002288
0
1072516855
536870912
1071230451
2147483648
1071633126
2147483648
1071835190
2684354560
1070632041
0
1072559685
3221225472
1072518685
536870912
1072584098
1073741824
1068849305
0
1070370089
2147483648
1072102051
2684354560
1072252140
536870912
1072545151
3758096384
1072137172
0
1071211064
1073741824
1072072255
3758096384
1071803605
1610612736
1071033020
3221225472
1070550070
0
1071671237
3758096384
1072469668
0
1072515320
1073741824
1071663802
2147483648
1071206442
3221225472
1071910620
1610612736
1072114848
2684354560
1070758045
2147483648
1070372740
0
1071945327
1073741824
1072383201
536870912
1070653060
1073741824
1071822091
2684354560
1064329616
0
1071982310
2684354560
1071641341
2147483648
1072139831
0
1071631195
1073741824
1066797996
0
1071481928
3221225472
1072011467
536870912
1068158906
0
1069932696
0
1071966753
1073741824
1072189341
1073741824
1072649168
1610612736
1070643505
1073741824
1072573841
2684354560
1070873600
3221225472
1068208294
0
1072321812
2684354560
1072270261
2684354560
1070687562
2147483648
1070665539
0
1071445103
1073741824
1069834906
2147483648
1071754158
1610612736
1068931134
0
1071461100
1073741824
1072693247
2684354560
67
