Uvec
2226355706
1072414228
2684354560
1072064033
2684354560
1072427551
1610612736
1072526945
536870912
1072376072
536870912
1072051691
3221225472
1072683890
2684354560
1072601696
1073741824
1072570952
3221225472
1072349021
1610612736
1072607330
2147483648
1070622423
1073741824
1069574037
0
1069762500
2147483648
1070699095
1073741824
1069980049
2147483648
1071365071
3221225472
1072441977
3221225472
1072241269
1610612736
1066943216
0
1072044101
3221225472
1071236141
1073741824
1070684153
3221225472
1072084841
3758096384
1071683400
2147483648
1070895743
1073741824
1069813815
2147483648
1072194556
1610612736
1069625352
0
1072684306
1073741824
1070719560
0
1072225243
0
1071821544
1610612736
1071947353
3758096384
1071492379
1073741824
1067374300
0
1071909049
1610612736
1072444954
3221225472
1072462611
2147483648
1072155132
1073741824
1072499494
0
1071315588
2147483648
1070094034
0
1070621543
1073741824
1071759524
0
1072180086
0
1070687901
1073741824
1072497513
1073741824
1071657861
1073741824
1071344689
2147483648
1071600003
1073741824
1072621223
3758096384
1072523795
536870912
1072140746
2684354560
1064676192
0
1071640251
3221225472
1072319376
536870912
1069166911
0
1070304914
2147483648
1071846147
3758096384
1072264344
1073741824
1072182254
1073741824
1070858386
1073741824
1072323282
3221225472
1070322786
0
1071628415
3221225472
1071484980
3221225472
1070822401
1073741824
1071264175
2147483648
1069776351
0
1064316384
0
1072155315
3758096384
1072060886
536870912
1071263752
3221225472
1070874890
3221225472
1071208986
2147483648
1072509999
3758096384
1069690587
2147483648
1071940776
536870912
1070619744
1073741824
1072554974
1073741824
1070850471
2147483648
1071175916
2147483648
1070852062
3221225472
1071347874
1073741824
1071664179
0
1071039341
3221225472
1070865502
0
1072583306
536870912
1071701847
1073741824
1070988086
1073741824
1071356616
3221225472
1072444559
1073741824
1071454932
0
1071807536
1610612736
1071460059
1073741824
1069680873
2147483648
1071116268
0
1071461100
1073741824
1072693247
2684354560
39
