Uvec
2226355706
1072329917
0
1072153966
0
1070472612
0
1070378257
0
1072400643
3758096384
1068605097
0
1072475245
2684354560
1071592685
3221225472
1072148453
2147483648
1071009616
2147483648
1071791884
3758096384
1072357715
536870912
1070129711
0
1072191171
1073741824
1071162906
0
1070577704
0
1071389053
3221225472
1072641513
2147483648
1067677902
0
1071575349
2147483648
1068840833
0
1071166851
1073741824
1070713046
1073741824
1071054823
2147483648
1072028984
3221225472
1072224703
536870912
1068994488
0
1068321896
0
1072301268
3758096384
1071851911
2147483648
1067877990
0
1072399341
2684354560
1071078647
0
1069793547
0
1071958515
2147483648
1070697735
1073741824
1072139706
3221225472
1072068882
3221225472
1072596385
536870912
1071688950
536870912
1072442239
536870912
1070768115
2147483648
1071059664
2147483648
1072510232
3221225472
1071512424
2147483648
1071160205
2147483648
1072076560
3221225472
1072498532
2684354560
1072033069
2684354560
1070610643
2147483648
1071674804
3758096384
1072552359
1610612736
1072602214
0
1071809096
536870912
1071800297
0
1071866282
3758096384
1071932700
0
1070347678
2147483648
1072499311
3758096384
1070921659
1073741824
1072293710
536870912
1071856950
1610612736
1072025866
2147483648
1072079574
3758096384
1071318755
0
1067033360
0
1070802887
2147483648
1071801158
0
1068186338
0
1071026352
1073741824
1072342236
0
1071924244
536870912
1072131846
2684354560
1071845588
2684354560
1072518271
0
1072568667
2147483648
1070257394
2147483648
1070898822
2147483648
1072231927
3221225472
1072080218
3758096384
1069669140
0
1069346603
0
1069444310
0
1071086660
0
1069756601
2147483648
1071705515
3758096384
1072433620
1610612736
1071912972
3221225472
1072507216
2684354560
1072249424
3758096384
1070242532
2147483648
1072246279
0
1071258838
3221225472
1071894568
0
1072108926
1610612736
1068032666
0
1070037530
0
1068025816
0
1071461100
1073741824
1072693247
2684354560
41
