Uvec
2226355706
1071568095
1073741824
1071873612
2147483648
1071911562
3758096384
1070974840
2147483648
1072683116
3758096384
1068523783
0
1067585132
0
1068942533
0
1070836175
3221225472
1072327148
1073741824
1071940734
536870912
1070229344
0
1072333099
536870912
1072169443
1073741824
1071752881
1610612736
1072221179
536870912
1072044955
2147483648
1072113842
2684354560
1069522088
0
1070764809
3221225472
1071982625
1610612736
1071464385
1073741824
1069321416
0
1067699716
0
1071259606
0
1072205842
536870912
1072264337
2684354560
1072689215
2147483648
1072653821
2147483648
1070706105
3221225472
1071831355
2684354560
1072046390
536870912
1070756195
1073741824
1071208141
1073741824
1072266587
536870912
1071997389
0
1072192922
1610612736
1072373538
536870912
1067299236
0
1069064167
0
1069805616
2147483648
1071319385
1073741824
1071672010
1610612736
1070843643
0
1069626162
0
1071100744
0
1072392559
536870912
1069420477
0
1072002287
2684354560
1069669257
0
1071772824
3221225472
1072103320
3221225472
1070378665
0
1072063620
3221225472
1066518116
0
1071931818
3221225472
1071652738
1610612736
1070051198
2147483648
1070090802
0
1069476380
0
1072652590
3758096384
1071616673
0
1072519679
0
1072266696
536870912
1067903870
0
1068759934
0
1071427755
1073741824
1071861503
536870912
1072364239
536870912
1072441321
0
1071998641
3221225472
1071572929
1073741824
1071140429
1073741824
1070953053
2147483648
1070041103
2147483648
1070103562
2147483648
1070603069
0
1072631953
1610612736
1072249295
3758096384
1072026051
3221225472
1072224058
536870912
1070874603
2147483648
1071904977
2147483648
1071103314
2147483648
1072630998
1073741824
1072426960
2684354560
1070851362
1073741824
1072530611
0
1071186538
0
1069384455
0
1069768196
0
1068793121
0
1072520243
536870912
1070770344
0
1072269136
3758096384
1070094082
2147483648
1072137484
2684354560
1069909918
0
1071461100
1073741824
1072693247
2684354560
72
