Uvec
2226355706
1071680836
1610612736
1068724770
0
1072121633
3758096384
1072163193
1073741824
1071207835
3221225472
1071696354
1610612736
1071583139
1073741824
1072020907
536870912
1072457142
536870912
1071065916
3221225472
1067560734
0
1072474920
3221225472
1071789115
3221225472
1071285943
1073741824
1071760688
3221225472
1072392337
0
1071780983
2147483648
1067669204
0
1069732726
0
1071722969
1610612736
1071922313
2684354560
1070993902
1073741824
1072218631
3758096384
1064169792
0
1071315571
1073741824
1072033467
1073741824
1067705500
0
1072320059
1610612736
1070823033
1073741824
1072274707
0
1071823923
2147483648
1070331114
0
1071975010
3221225472
1068769142
0
1071641828
1073741824
1071766346
2684354560
1072345847
3221225472
1070934316
2147483648
1070834296
2147483648
1072057499
0
1071235653
0
1070910891
1073741824
1068651736
0
1070661944
2147483648
1072248350
3758096384
1071944839
3758096384
1071529301
3221225472
1071101375
1073741824
1068949897
0
1072323530
1073741824
1071959515
2147483648
1071680566
3221225472
1070301551
0
1070849029
1073741824
1070618839
2147483648
1072483866
3221225472
1072214399
2684354560
1071851719
1073741824
1072538040
1610612736
1072195373
3758096384
1070833159
2147483648
1072103596
3221225472
1069723305
2147483648
1065452960
0
1072211654
1610612736
1070271533
0
1072069939
2684354560
1070252495
2147483648
1072337887
3758096384
1069429805
0
1068122050
0
1069677577
2147483648
1070677223
1073741824
1071703605
2684354560
1064943760
0
1071162903
2147483648
1071777951
3221225472
1067948280
0
1071861546
3221225472
1072041881
536870912
1070746744
2147483648
1071291080
3221225472
1071023981
1073741824
1071656517
2684354560
1071712223
3758096384
1072425095
2684354560
1067980858
0
1070574633
0
1070627405
2147483648
1071832008
0
1072008917
1610612736
1071321034
0
1071104474
1073741824
1068738437
0
1071945300
3758096384
1071489185
2147483648
1072363866
3221225472
1072216658
536870912
1071461100
1073741824
1072693247
2684354560
9
