Uvec
2226355706
1072360318
3758096384
1071256848
3221225472
1072690743
3758096384
1067701998
0
1071031118
2147483648
1072340904
1610612736
1071817216
0
1070778491
2147483648
1072578495
2684354560
1070367343
0
1072616320
536870912
1070790636
3221225472
1069961643
2147483648
1071873278
2684354560
1072073570
1610612736
1071982351
0
1070487529
2147483648
1070821007
2147483648
1070427982
2147483648
1070701272
3221225472
1071636450
2147483648
1072622270
3758096384
1072374863
0
1072161626
1073741824
1071296390
2147483648
1071634654
3221225472
1072043064
1610612736
1070714402
1073741824
1071074359
3221225472
1069875579
2147483648
1072182757
3221225472
1070486835
0
1071592509
3221225472
1072361890
3758096384
1071290914
3221225472
1071536753
3221225472
1070466668
2147483648
1072088458
0
1072596002
2147483648
1072034987
2147483648
1070555340
2147483648
1067576952
0
1072368348
0
1072454993
3221225472
1072121134
3758096384
1067651758
0
1071897375
0
1072317692
2147483648
1072370954
3221225472
1071950850
2684354560
1072286410
2147483648
1071497700
0
1071907965
0
1072590470
2684354560
1070370680
0
1071843326
1073741824
1070814242
2147483648
1071159599
2147483648
1072647244
536870912
1071157761
0
1072600851
0
1072271684
1610612736
1072005656
1073741824
1071675858
2684354560
1071783291
0
1072291988
3221225472
1070677213
2147483648
1072478950
536870912
1072205963
3221225472
1071343129
2147483648
1071811829
2684354560
1064900000
0
1071961366
536870912
1066845996
0
1072439511
3758096384
1072636262
2147483648
1072621588
3758096384
1072467166
3758096384
1072041531
1610612736
1072175930
1073741824
1071433000
0
1070948239
3221225472
1071475672
3221225472
1070121759
2147483648
1068112118
0
1071178846
2147483648
1071295865
0
1072385435
2684354560
1070532945
0
1072449653
0
1065087280
0
1071287224
1073741824
1063194304
0
1071138670
3221225472
1072545482
0
1071843467
3758096384
1067220776
0
1072496783
1610612736
1071461100
1073741824
1072693247
2684354560
90
