Uvec
2226355706
1071160198
3221225472
1071046895
2147483648
1070620336
0
1068033936
0
1072234975
536870912
1070281441
2147483648
1072555395
0
1071807443
3758096384
1068701267
0
1071075016
2147483648
1071766222
0
1071770279
3758096384
1071160839
1073741824
1070957796
3221225472
1065968272
0
1071732177
1073741824
1072488657
3758096384
1068375276
0
1066854048
0
1071731397
3221225472
1069708241
0
1070647622
2147483648
1071077422
0
1071770865
3221225472
1072158028
3758096384
1071475485
1073741824
1072562612
0
1068791753
0
1067860586
0
1070769024
2147483648
1070352026
2147483648
1072434442
3221225472
1061367296
0
1069618380
0
1068968113
0
1072616293
3221225472
1072458747
3221225472
1072074152
536870912
1066536360
0
1071132094
0
1071120150
1073741824
1069382490
0
1072211045
0
1071163535
2147483648
1070618395
2147483648
1070893381
3221225472
1071610405
1073741824
1071771841
2684354560
1072616352
2684354560
1067413748
0
1071946066
2147483648
1068351200
0
1071479094
2147483648
1072148006
0
1072560097
2684354560
1072499289
3758096384
1070991681
3221225472
1070732492
0
1070151396
2147483648
1068592727
0
1071676120
0
1072484951
3221225472
1071517550
3221225472
1071332219
3221225472
1072145452
2147483648
1069611982
2147483648
1072606548
3221225472
1072656499
1610612736
1072353340
1073741824
1071536614
2147483648
1071948883
2684354560
1071711193
3221225472
1072216711
2684354560
1072623586
2684354560
1071310531
2147483648
1070826892
0
1071123470
1073741824
1072400927
1610612736
1070272068
0
1072469137
1610612736
1071234355
2147483648
1072059821
0
1069579840
0
1072200953
2684354560
1070687511
1073741824
1071103570
0
1071167438
3221225472
1071225026
0
1063491136
0
1072511885
536870912
1070272660
0
1072566756
3221225472
1069600207
2147483648
1070154443
0
1069364098
0
1070908677
3221225472
1070628452
1073741824
1071778282
3758096384
1071461100
1073741824
1072693247
2684354560
0
