Uvec
2226355706
1072384582
1073741824
1071324719
0
1068952080
0
1072439738
2684354560
1069631261
2147483648
1066844508
0
1067930124
0
1071981522
1073741824
1072056544
1073741824
1071392643
2147483648
1071659081
0
1072550332
1610612736
1072661924
1073741824
1066498848
0
1072162571
1073741824
1072576082
2684354560
1072316531
3758096384
1072181501
0
1072557902
536870912
1070813804
3221225472
1069301732
0
1070220774
2147483648
1068204692
0
1071329070
1073741824
1071274146
2147483648
1071771251
2684354560
1069492950
0
1071983775
536870912
1069011983
0
1071815907
2684354560
1072034217
1610612736
1070699906
3221225472
1072542903
0
1072309099
3221225472
1072227286
2147483648
1072628215
0
1072468283
2684354560
1071044851
2147483648
1069112351
0
1071895677
536870912
1071928752
2684354560
1071237359
1073741824
1071684241
536870912
1071849614
536870912
1072421725
2684354560
1071735765
536870912
1072452532
3221225472
1072276768
536870912
1068996588
0
1072561939
0
1071723331
1610612736
1072338570
1073741824
1071578806
2147483648
1071165785
1073741824
1069507137
0
1071173679
0
1064839008
0
1072369382
2684354560
1072593949
3758096384
1072585323
536870912
1071804674
0
1070928798
3221225472
1071087789
3221225472
1071772158
536870912
1071796851
2684354560
1070160031
2147483648
1071219860
2147483648
1069711593
2147483648
1072658235
1073741824
1070818722
0
1069044374
0
1068191920
0
1071918345
536870912
1071649747
0
1072619922
3221225472
1072245658
2147483648
1072430956
3221225472
1071725109
0
1071301277
0
1072586979
1073741824
1070831176
3221225472
1071809193
0
1072189553
1073741824
1070626220
3221225472
1071938384
0
1069976058
2147483648
1072007987
536870912
1067423584
0
1070740894
0
1072369228
0
1068907684
0
1070629529
1073741824
1072367724
1073741824
1071729227
3221225472
1071264444
0
1072526310
2684354560
1071525653
0
1072522327
0
1071461100
1073741824
1072693247
2684354560
30
