Uvec
2226355706
1071967749
1073741824
1071542254
0
1072399309
2147483648
1068729965
0
1069570107
0
1068085558
0
1067719052
0
1071831547
1073741824
1070022818
2147483648
1071630874
1073741824
1072380695
2684354560
1071555053
1073741824
1072077781
0
1069714560
2147483648
1071570368
2147483648
1072431477
536870912
1071371283
2147483648
1071840568
1073741824
1072316303
2147483648
1071705549
2684354560
1070695295
3221225472
1072322839
536870912
1072332516
1610612736
1071147091
1073741824
1070302457
2147483648
1070675092
1073741824
1070461012
0
1071039383
2147483648
1072443301
0
1071642649
3221225472
1068433396
0
1072343537
3221225472
1071993415
1610612736
1071794109
0
1068825032
0
1072537588
2147483648
1072036364
2684354560
1070938805
1073741824
1072292395
536870912
1072054411
1073741824
1071661896
3758096384
1072264659
1073741824
1071912356
1073741824
1067467678
0
1070639232
3221225472
1071693219
1610612736
1072383869
0
1071515687
2147483648
1072539311
0
1072258603
0
1068887953
0
1071268085
2147483648
1071466122
3221225472
1062884224
0
1071202030
0
1071283859
2147483648
1071493339
2147483648
1069962602
0
1072309277
1073741824
1072128973
3758096384
1071733700
3221225472
1072401199
1610612736
1071942120
1073741824
1067583356
0
1071920304
0
1068784779
0
1070229949
0
1068913037
0
1068859668
0
1072542854
2684354560
1071993452
1073741824
1071532849
0
1072388567
0
1069228769
0
1071551031
3221225472
1070931895
2147483648
1072235917
3221225472
1071169669
2147483648
1071190530
2147483648
1071916205
536870912
1071936690
1073741824
1071318733
0
1072401681
536870912
1072472810
2684354560
1071825283
2147483648
1072190888
1610612736
1071125900
2147483648
1070374850
2147483648
1072543711
2147483648
1071559129
2147483648
1071600208
1073741824
1071840549
0
1071439495
0
1072194920
1073741824
1070629517
2147483648
1070690739
3221225472
1063589664
0
1069615671
2147483648
1071461100
1073741824
1072693247
2684354560
95
