Uvec
2226355706
1071959283
536870912
1072636994
3221225472
1072138995
536870912
1072234988
536870912
1071358045
0
1072094644
0
1071852348
536870912
1070973056
1073741824
1070633130
2147483648
1072564043
2147483648
1070430312
0
1071626295
2147483648
1068555393
0
1072377591
1073741824
1071996727
536870912
1070734945
0
1071548818
0
1069746291
2147483648
1072120590
3221225472
1072122814
3758096384
1071881614
536870912
1071156187
1073741824
1072375683
3221225472
1071518662
1073741824
1067907918
0
1068669773
0
1072641744
1610612736
1072210942
3221225472
1071115454
0
1071719755
3221225472
1072016807
3221225472
1071596561
2147483648
1072301913
2147483648
1072436684
0
1071688619
3758096384
1072589943
3221225472
1070989714
1073741824
1072502079
2684354560
1071831021
536870912
1066006544
0
1071671391
3221225472
1071924324
2147483648
1071885558
1610612736
1072235206
0
1070812509
1073741824
1071866090
3221225472
1068843505
0
1072653628
0
1071425982
1073741824
1070722132
2147483648
1072543066
3221225472
1072491647
1073741824
1072141979
0
1070662764
0
1072371715
1073741824
1070052220
2147483648
1071823676
1073741824
1072512279
2147483648
1071817626
2684354560
1071534166
3221225472
1070766330
1073741824
1071838437
3221225472
1072570114
2684354560
1067270224
0
1072484830
2147483648
1072026866
0
1069932477
2147483648
1072289897
2684354560
1072509985
0
1072547870
2684354560
1072285728
1610612736
1069784402
2147483648
1071738010
1073741824
1071015682
3221225472
1072426144
3221225472
1071938084
1610612736
1071677111
1073741824
1071665153
536870912
1071709342
3221225472
1071164309
3221225472
1071201751
2147483648
1071338755
1073741824
1070265998
0
1072444568
1610612736
1072369682
3758096384
1071990883
0
1070756156
0
1072390261
1610612736
1072662858
0
1070069479
2147483648
1071890434
0
1069547578
0
1071122367
3221225472
1071863208
3758096384
1070398354
0
1071382735
3221225472
1072054654
1610612736
1072147293
3221225472
1071461100
1073741824
1072693247
2684354560
87
