Uvec
2226355706
1070404371
2147483648
1071743720
1073741824
1068403816
0
1072409402
536870912
1070267942
2147483648
1071616952
3221225472
1071697740
3221225472
1069742658
2147483648
1071079053
3221225472
1071326681
2147483648
1069552284
0
1071773515
0
1070735823
1073741824
1072273060
1610612736
1072359304
0
1071664627
536870912
1072484983
2684354560
1071230287
3221225472
1068454094
0
1071849637
536870912
1071998808
1073741824
1072289515
1073741824
1072496989
536870912
1070714301
0
1069927982
0
1071990661
3758096384
1071852122
536870912
1072397137
3221225472
1071774350
3221225472
1072320605
1610612736
1072265542
1073741824
1072067172
3758096384
1071182049
0
1070933624
3221225472
1072284755
0
1068586870
0
1072619883
0
1071795644
3758096384
1072201658
2684354560
1064592336
0
1072560986
1073741824
1071684849
2684354560
1066954404
0
1071361950
0
1071710895
1073741824
1067855718
0
1072384144
2147483648
1072171089
0
1071626370
3221225472
1070603128
3221225472
1072589683
536870912
1068589818
0
1072150450
1610612736
1070537561
2147483648
1072159910
3758096384
1071147562
1073741824
1071567926
0
1071624454
3221225472
1065663864
0
1069716637
2147483648
1070599205
0
1072432831
536870912
1070907912
2147483648
1072357480
1610612736
1070028440
0
1071036846
0
1070170585
2147483648
1070828304
1073741824
1069783322
0
1072650935
1073741824
1065220496
0
1069698546
0
1071249806
0
1071921670
536870912
1068620927
0
1071930951
2147483648
1071734449
2684354560
1069640837
0
1071846462
2684354560
1072636345
536870912
1072334362
3758096384
1072358789
3758096384
1067704830
0
1067684056
0
1072023658
3221225472
1072017263
0
1067736756
0
1071673534
3221225472
1072603587
536870912
1072002162
3221225472
1067939794
0
1071751035
2684354560
1071251689
3221225472
1072271320
2147483648
1069926159
2147483648
1068923123
0
1071266345
0
1072538002
0
1071461100
1073741824
1072693247
2684354560
53
