Uvec
2226355706
1066716804
0
1071282834
3221225472
1070122537
0
1072108461
1610612736
1071820959
1610612736
1071795337
2684354560
1068374608
0
1071953548
536870912
1071781678
536870912
1071935458
536870912
1069474663
0
1071112809
3221225472
1069069101
0
1072503792
2147483648
1072560505
3221225472
1071989533
3758096384
1071368399
0
1071937341
3221225472
1071063254
1073741824
1069268060
0
1071180460
3221225472
1070711955
2147483648
1072187782
1610612736
1071973670
536870912
1071020918
1073741824
1070691325
3221225472
1071833456
2684354560
1072619659
2684354560
1071390430
0
1071425377
2147483648
1072216637
2147483648
1072563373
536870912
1071918155
3758096384
1069716600
0
1071907093
3758096384
1071337286
2147483648
1071035638
1073741824
1071860000
0
1071256388
3221225472
1068426130
0
1071793476
2684354560
1071958350
1073741824
1072078618
2147483648
1072356946
1073741824
1071658273
536870912
1072625741
536870912
1071776006
2684354560
1070871336
0
1067693976
0
1069859320
2147483648
1071590759
1073741824
1072428276
1073741824
1071764479
536870912
1071369977
0
1072593340
1073741824
1072585793
1073741824
1072517148
536870912
1071493914
1073741824
1070812698
3221225472
1071514634
3221225472
1071979374
3758096384
1071032993
0
1071243576
3221225472
1071524637
0
1071717326
0
1071937197
1073741824
1070803546
0
1068921172
0
1072351423
1610612736
1072249749
2684354560
1068529740
0
1071601805
0
1068109440
0
1071994783
2684354560
1072138846
536870912
1068966085
0
1067958094
0
1070595864
2147483648
1071413754
2147483648
1072121091
2147483648
1072637556
536870912
1070669539
0
1069982051
2147483648
1071947331
3758096384
1069630274
2147483648
1068734859
0
1072665707
0
1071764850
1610612736
1072154200
1610612736
1072341417
3221225472
1069782370
0
1071194189
2147483648
1070203955
2147483648
1071818208
3221225472
1072494476
0
1071622693
0
1064363088
0
1070803482
2147483648
1071461100
1073741824
1072693247
2684354560
17
