Uvec
2226355706
1068529120
0
1070035629
2147483648
1072333094
0
1071505519
3221225472
1071562580
2147483648
1072404969
3758096384
1071973793
2684354560
1069732483
0
1071877452
2684354560
1072075553
3221225472
1072031931
3758096384
1071896165
3221225472
1072248170
3758096384
1067452034
0
1070048311
0
1068485192
0
1071279844
1073741824
1072331491
3221225472
1070284569
2147483648
1072252183
2684354560
1071157162
3221225472
1071494736
1073741824
1071665629
1073741824
1071863427
3758096384
1071758273
1073741824
1072172683
3221225472
1071259483
3221225472
1067457870
0
1070024180
0
1071154880
2147483648
1072561710
2684354560
1071913180
536870912
1072663778
2147483648
1069208839
0
1072003566
1610612736
1071742560
1073741824
1070468046
2147483648
1069604457
2147483648
1072549848
0
1072529047
2147483648
1069609060
0
1071046212
1073741824
1072526867
0
1069908562
2147483648
1072458173
536870912
1072519833
0
1071862492
3221225472
1072680104
536870912
1071715498
2147483648
1072330804
1610612736
1068774927
0
1072617987
2147483648
1070677629
3221225472
1072242811
3758096384
1072290989
2684354560
1068955128
0
1070964029
3221225472
1072269390
3221225472
1071704495
3758096384
1072094971
1073741824
1071721283
2147483648
1071952786
3221225472
1068855183
0
1072243529
1610612736
1071699720
536870912
1072377412
2684354560
1070211434
2147483648
1072204824
1073741824
1069813870
2147483648
1070208734
2147483648
1072643795
3758096384
1071230785
3221225472
1071761334
1610612736
1072378245
0
1069525203
0
1071748775
2147483648
1071178053
3221225472
1072085695
1073741824
1069860933
0
1070849246
0
1070159620
2147483648
1072254232
3758096384
1072336601
3758096384
1071631231
0
1066705224
0
1071671707
1610612736
1071323043
0
1071557232
3221225472
1072020614
536870912
1063945888
0
1071109569
0
1072591887
3758096384
1072275405
536870912
1071396205
3221225472
1071945894
536870912
1072438365
0
1071441558
1073741824
1072223512
2684354560
1071461100
1073741824
1072693247
2684354560
23
