Uvec
2226355706
1070696922
2147483648
1071173737
3221225472
1070508072
2147483648
1071627687
1073741824
1067704482
0
1071472268
0
1071735083
2147483648
1072480604
0
1070182285
0
1072420078
0
1070869728
1073741824
1071318723
2147483648
1071118700
0
1071141653
1073741824
1069558703
2147483648
1072384913
3221225472
1065549600
0
1069351281
0
1072560446
3221225472
1072018481
1610612736
1072376642
1073741824
1072419512
2147483648
1068790379
0
1069783719
2147483648
1070862429
3221225472
1070382699
2147483648
1071911211
2147483648
1071806115
0
1072334112
0
1071686322
536870912
1072427368
1610612736
1070855948
0
1071433767
3221225472
1069882879
2147483648
1072401372
2684354560
1072207727
2684354560
1072103191
536870912
1067216892
0
1072452077
3221225472
1071732711
536870912
1072044809
2684354560
1069961256
2147483648
1067752832
0
1071700092
0
1070787079
1073741824
1072107470
1073741824
1072093371
2147483648
1069141035
0
1070629459
3221225472
1072092742
0
1072142160
536870912
1071902660
3221225472
1070072678
2147483648
1070995745
0
1071235141
1073741824
1071677866
3758096384
1072275998
0
1072035187
1610612736
1071803221
2147483648
1071505260
2147483648
1072031295
536870912
1072310105
3221225472
1072467672
3221225472
1072617298
2147483648
1072204305
1610612736
1072199396
1073741824
1072520512
3758096384
1070663912
3221225472
1072128471
0
1071793611
3221225472
1072129468
1073741824
1070956696
1073741824
1072686959
536870912
1072392125
0
1072295111
2147483648
1069167275
0
1071426047
2147483648
1072284933
3221225472
1071684484
1073741824
1072245066
1073741824
1070018778
2147483648
1071863253
2147483648
1070195826
0
1072595865
3221225472
1071642555
2147483648
1068538153
0
1072627684
0
1070872666
1073741824
1071903696
2684354560
1072324358
3758096384
1071645626
0
1068503161
0
1071154783
3221225472
1072606258
2147483648
1072284802
2684354560
1071827397
1610612736
1071784490
0
1072157913
3221225472
1071461100
1073741824
1072693247
2684354560
84
