Uvec
2226355706
1072267975
2684354560
1070739715
0
1071723265
0
1070361514
2147483648
1072197823
3758096384
1072214517
3221225472
1071841081
536870912
1072502837
1073741824
1070828478
0
1071127360
3221225472
1072238309
0
1071751298
2147483648
1072370987
3758096384
1067264452
0
1070841446
2147483648
1072166356
3221225472
1072429406
2684354560
1072107233
1073741824
1072129946
2147483648
1070017316
2147483648
1071059394
0
1072509942
1073741824
1070965179
1073741824
1072412175
0
1070451999
0
1071625992
0
1072213834
3221225472
1070121835
0
1071975798
2147483648
1072137531
0
1070772525
2147483648
1071900654
1073741824
1072505809
3758096384
1070466175
2147483648
1072394304
0
1069097694
0
1072257068
1073741824
1068524859
0
1072420667
2147483648
1072595147
0
1072457091
536870912
1072480954
3758096384
1071656237
1073741824
1070507974
2147483648
1072625930
1610612736
1072566233
2147483648
1070105368
2147483648
1072568385
0
1072340441
536870912
1071812607
0
1069411239
0
1072530791
0
1071708793
2147483648
1072054962
0
1072223585
3758096384
1069572851
0
1067654788
0
1066096264
0
1072573869
2147483648
1072693090
1073741824
1071746837
1073741824
1067148676
0
1071213622
3221225472
1069915163
0
1071161947
2147483648
1072271109
0
1071691110
2147483648
1071755974
3221225472
1070022967
0
1071197481
2147483648
1071558892
2147483648
1071459295
2147483648
1071031908
1073741824
1072444664
2147483648
1071302607
1073741824
1070047457
0
1071465844
2147483648
1070099423
2147483648
1071721277
1073741824
1070993232
1073741824
1072377892
3221225472
1067858992
0
1070073423
0
1070618864
1073741824
1072210349
1073741824
1070711193
2147483648
1072671522
3221225472
1072541994
2684354560
1069507189
0
1071553139
1073741824
1069809181
2147483648
1072494149
1073741824
1071964539
1610612736
1071733778
1073741824
1071672811
1610612736
1064633664
0
1070793147
2147483648
1072155010
536870912
1071461100
1073741824
1072693247
2684354560
89
