Uvec
2226355706
1072504628
3221225472
1071057223
3221225472
1069410657
0
1071174406
3221225472
1072675527
1073741824
1069804136
2147483648
1072336409
3758096384
1071741042
2684354560
1069657198
2147483648
1072460460
0
1071973207
3758096384
1072510474
536870912
1071752115
3221225472
1067513120
0
1069673636
2147483648
1072211306
536870912
1069889196
2147483648
1071995683
1073741824
1072269984
2684354560
1070897082
3221225472
1070147691
0
1072293851
3221225472
1071570593
2147483648
1072264079
1610612736
1071982837
0
1071795291
1073741824
1071847130
536870912
1071106217
1073741824
1069817660
2147483648
1071846543
0
1066961120
0
1071770495
1610612736
1071332996
3221225472
1063447488
0
1071471080
0
1072071500
1073741824
1072322624
2147483648
1072449113
2684354560
1072384302
536870912
1072647551
1073741824
1072393750
2147483648
1072429876
536870912
1070638165
3221225472
1070955954
1073741824
1071301070
0
1068657971
0
1072648767
0
1072497028
2684354560
1071817903
536870912
1071786351
3758096384
1071928451
2684354560
1071195528
1073741824
1072265266
536870912
1072265804
2147483648
1072293164
3221225472
1069501310
0
1071739578
1073741824
1071871783
1073741824
1069877970
0
1072185868
1073741824
1071263254
1073741824
1071237064
0
1068531422
0
1072050025
2147483648
1070775756
1073741824
1072060221
0
1069866336
2147483648
1072566637
1610612736
1072387618
1073741824
1072607253
1073741824
1071481720
1073741824
1072540092
3758096384
1071445582
2147483648
1069279142
0
1072568742
536870912
1071703172
3221225472
1071632530
2147483648
1071845811
2147483648
1072608757
2684354560
1072073077
3758096384
1071812493
3221225472
1070074995
2147483648
1071701813
0
1072169432
0
1067662386
0
1068710682
0
1069796433
2147483648
1072269755
3758096384
1071825308
3221225472
1071787192
3758096384
1067564788
0
1072265361
3221225472
1066957324
0
1071831829
2147483648
1071884319
2147483648
1071762539
2147483648
1070612868
3221225472
1072247085
3221225472
1071461100
1073741824
1072693247
2684354560
49
