Uvec
2226355706
1070056308
0
1072329413
536870912
1071215326
3221225472
1072143340
3221225472
1069865596
2147483648
1071754142
1610612736
1072394590
3221225472
1071771776
536870912
1071068673
1073741824
1072333833
3221225472
1072279388
536870912
1071234760
0
1070363985
0
1072133996
536870912
1069244230
0
1071478261
1073741824
1072268087
536870912
1072383615
2147483648
1071344875
0
1069595427
2147483648
1072427979
2147483648
1072247648
0
1071912870
536870912
1072601459
3758096384
1072411607
2684354560
1071999869
2684354560
1071919862
1073741824
1072156283
3221225472
1072561174
0
1072234291
3758096384
1072578537
1073741824
1070785951
3221225472
1071337710
1073741824
1070660762
2147483648
1071608421
2147483648
1072229436
3758096384
1071808527
3758096384
1071879613
3758096384
1071107724
0
1072578131
2684354560
1072166005
536870912
1070852067
0
1071662188
0
1071196334
0
1072040273
2147483648
1069724025
0
1071762295
0
1072525817
3758096384
1072207977
1610612736
1072159322
536870912
1070849017
2147483648
1072468987
0
1072207136
3221225472
1071736059
2147483648
1071194165
3221225472
1071593065
3221225472
1065502200
0
1070873234
2147483648
1072399769
0
1069371974
0
1072195314
2147483648
1072419422
0
1071787493
3221225472
1071807508
1610612736
1070238942
2147483648
1067137388
0
1071939348
536870912
1072383435
3221225472
1072650720
536870912
1070421077
0
1071191043
0
1071700056
1073741824
1072329137
1073741824
1071535781
3221225472
1072247538
3221225472
1071803030
3758096384
1071149058
1073741824
1071313260
0
1071495165
3221225472
1070650972
2147483648
1072535760
2684354560
1072509929
3221225472
1070644528
3221225472
1071588017
3221225472
1071820930
0
1071188289
3221225472
1070953850
1073741824
1071765397
3758096384
1069619685
2147483648
1068282642
0
1072312335
2147483648
1070806122
2147483648
1071462864
0
1072194290
2684354560
1071664547
1073741824
1071830403
2147483648
1072087910
2147483648
1072070306
2147483648
1071461100
1073741824
1072693247
2684354560
12
