Uvec
2226355706
1071220344
0
1070723964
2147483648
1072540002
1610612736
1071910882
1073741824
1070043512
0
1072184048
1073741824
1071701379
1073741824
1071129462
0
1070919832
3221225472
1072393038
3758096384
1070808188
0
1071274138
2147483648
1071698139
3758096384
1071097180
2147483648
1068895690
0
1071467545
3221225472
1072597132
1610612736
1070486676
0
1071899928
0
1070503399
0
1071771644
536870912
1069628651
0
1069756604
2147483648
1071998809
536870912
1072598302
1073741824
1071636806
3221225472
1072176569
1073741824
1071443675
1073741824
1072298275
1073741824
1069299063
0
1071635438
0
1070970428
0
1071922239
2684354560
1071602765
3221225472
1069829734
0
1065755360
0
1068240842
0
1072338971
1610612736
1066721004
0
1071846862
1073741824
1071417508
3221225472
1069214962
0
1072102118
536870912
1070778897
1073741824
1071277694
2147483648
1070065777
0
1072222326
2147483648
1066880440
0
1071590159
3221225472
1071333950
1073741824
1070570723
0
1070725442
3221225472
1071097106
2147483648
1071817289
0
1068634277
0
1070683245
0
1072321772
2684354560
1070622053
1073741824
1072397366
536870912
1063617184
0
1072640892
1073741824
1072411253
1073741824
1071068257
0
1068610950
0
1069860344
0
1070107180
0
1069865775
0
1072143821
2684354560
1069142333
0
1071412917
3221225472
1069602222
2147483648
1069897674
0
1072343708
0
1072295074
1073741824
1070800614
3221225472
1068234294
0
1072683712
1073741824
1072641895
536870912
1071835706
1073741824
1070708953
0
1069699516
0
1072188454
0
1072648223
1610612736
1071185412
3221225472
1071717716
3221225472
1068479042
0
1071903889
3221225472
1071292549
3221225472
1069678729
0
1071082796
1073741824
1071389204
3221225472
1071655411
3758096384
1068829902
0
1070185758
2147483648
1070964931
0
1072276890
2684354560
1070476712
2147483648
1068530618
0
1071461100
1073741824
1072693247
2684354560
35
