Uvec
2226355706
1068629375
0
1068765388
0
1072438494
3221225472
1071920660
536870912
1070215897
0
1072513825
2147483648
1071951143
3221225472
1071812072
1610612736
1072662072
1073741824
1070995959
3221225472
1071667103
3758096384
1072110200
1073741824
1069886777
2147483648
1072222588
0
1072399926
3758096384
1071945184
0
1070897350
1073741824
1072029034
0
1071915341
0
1070017690
0
1072079962
536870912
1071138119
2147483648
1072329124
0
1072235922
3221225472
1071116601
3221225472
1071885317
2684354560
1071429285
2147483648
1072088494
1073741824
1070959871
0
1072493344
2147483648
1067995948
0
1072679682
0
1072428687
2684354560
1070565205
0
1070432442
0
1072060270
2684354560
1069989165
2147483648
1071981321
2147483648
1071558642
0
1072053505
1073741824
1070774852
0
1072223097
0
1071838514
3221225472
1070787416
0
1071439549
1073741824
1072595501
536870912
1071920583
3758096384
1072335745
1073741824
1071823781
3221225472
1069600297
0
1072185134
1073741824
1072459681
536870912
1072282259
3221225472
1068233288
0
1071827222
2684354560
1072072331
0
1070769630
2147483648
1068613399
0
1072666340
2147483648
1071034066
3221225472
1066519592
0
1070599105
2147483648
1071875715
0
1068798639
0
1067818626
0
1069664618
0
1071144084
2147483648
1070527850
0
1070742686
1073741824
1069853745
0
1071087381
0
1071949639
1073741824
1072609498
2684354560
1072644699
1610612736
1072135540
2684354560
1071189157
3221225472
1067951844
0
1071836067
2147483648
1069754399
0
1072417074
536870912
1071550102
1073741824
1072364577
3758096384
1071962038
0
1072412162
0
1070648385
3221225472
1071624620
0
1070852342
3221225472
1072065290
1610612736
1072555157
3221225472
1069923655
0
1072651117
3221225472
1071054374
0
1072270949
3221225472
1070745446
0
1072625908
0
1071310167
1073741824
1072226337
1610612736
1071612305
0
1071461100
1073741824
1072693247
2684354560
78
