Uvec
2226355706
1069200173
0
1072499936
536870912
1067102808
0
1071365037
3221225472
1072620708
0
1071870779
536870912
1072132750
1073741824
1071182818
0
1067526382
0
1072643217
3221225472
1071991136
3221225472
1070827600
1073741824
1071491698
3221225472
1067745964
0
1072308855
1610612736
1071890840
0
1070317025
0
1071690570
3221225472
1070741661
1073741824
1069021929
0
1072222043
1610612736
1071362207
2147483648
1072012257
3221225472
1072406007
1073741824
1065241280
0
1071464140
2147483648
1071936457
2684354560
1070928651
1073741824
1071610611
1073741824
1072372258
2684354560
1071927564
0
1069976497
2147483648
1072544232
2147483648
1069975366
2147483648
1071497589
2147483648
1070975682
1073741824
1072389519
1073741824
1064307536
0
1072671656
2147483648
1071106193
2147483648
1071960801
3758096384
1071375266
1073741824
1071180341
1073741824
1072225654
2147483648
1072203217
1610612736
1071904911
2684354560
1066645164
0
1071889153
2147483648
1072606950
3758096384
1071439445
0
1071695093
2147483648
1070661379
0
1069472620
0
1071471522
2147483648
1072425630
1610612736
1067623138
0
1071004350
0
1070643661
1073741824
1066324072
0
1069973420
0
1070187126
2147483648
1072251828
0
1067901006
0
1071093362
0
1072583286
2684354560
1071980238
2684354560
1071123186
0
1069497907
0
1071140388
1073741824
1061666432
0
1071206326
3221225472
1071611350
0
1072022769
0
1071660761
2147483648
1071814187
0
1072642178
536870912
1067780932
0
1070622496
1073741824
1067790258
0
1072425503
1073741824
1072434302
1073741824
1072267161
536870912
1071109355
3221225472
1071573049
1073741824
1072624971
1073741824
1071821323
3221225472
1070100538
2147483648
1072299116
2684354560
1071574240
3221225472
1072552603
3221225472
1071964496
2147483648
1072565325
3221225472
1070551167
0
1071849365
2684354560
1072281847
1073741824
1068976657
0
1071988102
0
1072075531
2684354560
1071461100
1073741824
1072693247
2684354560
27
