Uvec
2226355706
1071151830
0
1070997064
1073741824
1071921519
2684354560
1072141652
3221225472
1071156336
3221225472
1071672232
2147483648
1071925406
2684354560
1069566864
2147483648
1069296477
0
1072152561
1610612736
1067171900
0
1072568148
2684354560
1069035533
0
1069900009
0
1071129670
1073741824
1072489607
1073741824
1072001901
536870912
1071327859
0
1070225213
0
1070687503
2147483648
1071816978
0
1067748358
0
1070709924
2147483648
1069640884
2147483648
1071004850
3221225472
1071796509
3758096384
1072469846
1073741824
1072394054
3221225472
1072057809
536870912
1071195233
1073741824
1069936849
2147483648
1070821757
3221225472
1069722041
2147483648
1072656164
1610612736
1071078448
1073741824
1071846024
536870912
1071043694
0
1071652066
2147483648
1072321436
3758096384
1072482512
3221225472
1071671417
1610612736
1072008590
3758096384
1071792672
536870912
1069804168
0
1072637747
2684354560
1069695071
0
1071066552
3221225472
1071962417
3758096384
1071976288
1073741824
1071570525
2147483648
1071495529
1073741824
1072547122
0
1072250817
0
1069488996
0
1070680033
3221225472
1072269281
2684354560
1071729251
2684354560
1071911111
1073741824
1072102911
1610612736
1071767719
2147483648
1070707959
2147483648
1069733646
2147483648
1070904289
3221225472
1066579688
0
1071863073
2147483648
1071852935
0
1064403808
0
1071822352
1610612736
1069969901
2147483648
1070628015
1073741824
1071517906
3221225472
1070776485
0
1070592684
2147483648
1070694180
1073741824
1068883999
0
1071299861
3221225472
1072112899
2684354560
1070116316
2147483648
1072015077
3758096384
1071980940
3221225472
1071580085
1073741824
1072402371
1073741824
1072008422
3758096384
1072633688
3221225472
1070713384
3221225472
1072497311
2147483648
1069083207
0
1071295233
0
1070981270
0
1072534505
3221225472
1072614253
3758096384
1072548682
536870912
1070091968
2147483648
1061192448
0
1070209677
2147483648
1070256159
2147483648
1071799185
0
1070337476
0
1071461100
1073741824
1072693247
2684354560
61
