Uvec
2226355706
1070876268
3221225472
1072168512
1073741824
1069679341
0
1068976293
0
1072095569
0
1071671765
3221225472
1068419428
0
1072258481
3221225472
1072264994
3758096384
1071998160
2684354560
1072005752
2684354560
1070834243
0
1069409120
0
1072556804
2684354560
1072616276
1610612736
1070908975
2147483648
1069892237
2147483648
1072265623
536870912
1071740796
1073741824
1071483221
0
1071731535
0
1068957737
0
1069080965
0
1072049254
1610612736
1069871867
0
1072205458
1073741824
1071325818
3221225472
1071831206
536870912
1070820824
2147483648
1072669897
536870912
1068872020
0
1068964338
0
1072074522
1610612736
1071761461
3221225472
1070702401
2147483648
1069794015
0
1071974554
3221225472
1071904864
1610612736
1071962194
3758096384
1071388490
3221225472
1070993650
1073741824
1072506452
1610612736
1070070547
0
1070751826
0
1071598327
2147483648
1070836721
0
1071661773
1073741824
1068793825
0
1072114948
3758096384
1072523399
1073741824
1071729033
1073741824
1069815777
2147483648
1072679966
536870912
1072093728
0
1072454179
3221225472
1069779974
0
1069747518
0
1071936561
2147483648
1071554263
0
1070245924
2147483648
1071705253
0
1070774928
2147483648
1070224859
0
1072643580
3221225472
1072574605
1610612736
1067985424
0
1072105996
536870912
1069896538
2147483648
1070671297
2147483648
1071621504
3221225472
1067494950
0
1072228797
3221225472
1072304086
3758096384
1072548166
0
1071809332
2147483648
1071473540
1073741824
1072065497
536870912
1072259439
1610612736
1072094811
3221225472
1070418601
2147483648
1071891410
536870912
1072089967
2147483648
1071859559
2684354560
1072021743
1610612736
1072219015
0
1071655103
2147483648
1072181848
3758096384
1070210232
0
1072529313
1073741824
1072333440
2147483648
1067595208
0
1071729313
0
1071566379
2147483648
1068648928
0
1071674249
0
1069908680
0
1070611770
2147483648
1072042987
2684354560
1071461100
1073741824
1072693247
2684354560
10
