Uvec
2226355706
1069918372
0
1071520348
3221225472
1071543856
0
1072465874
0
1072507166
3758096384
1067492486
0
1066865416
0
1070901538
1073741824
1072142323
0
1071675858
3221225472
1072369820
0
1071856162
536870912
1071177299
3221225472
1070854654
0
1071920585
536870912
1071168610
3221225472
1072166051
0
1067277916
0
1072031982
1073741824
1071776038
3758096384
1071969039
1610612736
1072241382
1073741824
1071856724
2147483648
1072329543
1073741824
1072013031
2147483648
1071717773
536870912
1069848365
0
1070715694
2147483648
1072431854
536870912
1071897722
1610612736
1071628476
1073741824
1069971983
0
1070497625
2147483648
1071162485
1073741824
1071868495
1610612736
1071329958
2147483648
1071248126
0
1071925282
1610612736
1071974196
2684354560
1071750958
3221225472
1070507855
2147483648
1066612196
0
1072326320
1073741824
1072471128
536870912
1072153953
3221225472
1068541899
0
1072167474
1610612736
1072286638
3221225472
1070069076
0
1070419288
0
1071558718
0
1072067434
0
1072066514
0
1072165993
2147483648
1072634739
3758096384
1070074534
0
1071325203
3221225472
1069080977
0
1072499153
3758096384
1072122047
3221225472
1070558381
0
1070401202
0
1072636101
1610612736
1071972650
3221225472
1072599075
1610612736
1069160545
0
1071178827
0
1072155754
3758096384
1071781497
3758096384
1072351729
1073741824
1071029567
2147483648
1072470173
3758096384
1072174243
1610612736
1070681356
2147483648
1071478425
1073741824
1070926686
0
1071823794
3758096384
1072489615
0
1069830660
2147483648
1070984901
3221225472
1071969077
536870912
1071705900
1610612736
1072091137
536870912
1071556468
2147483648
1072634220
0
1071114671
2147483648
1072221610
0
1071561289
1073741824
1072121401
3221225472
1068675399
0
1072310380
1073741824
1071050832
2147483648
1070711892
3221225472
1068542273
0
1072333769
0
1071974921
0
1071898195
2684354560
1072196790
536870912
1071461100
1073741824
1072693247
2684354560
63
