Uvec
2226355706
1070009880
0
1070924461
3221225472
1065249616
0
1070987895
1073741824
1068887427
0
1071864477
1073741824
1072389989
1073741824
1070267183
0
1072672375
3758096384
1070882161
0
1072170810
2684354560
1069468374
0
1071547082
1073741824
1070275238
0
1071712994
0
1072443862
3221225472
1071274461
1073741824
1072273266
2147483648
1072558463
2684354560
1071267597
2147483648
1070621804
2147483648
1072118537
3758096384
1071799682
1610612736
1070896931
1073741824
1071593430
1073741824
1072419927
0
1068749281
0
1068805582
0
1070894136
2147483648
1069851119
0
1071483696
0
1071932895
0
1072120356
536870912
1072305143
2147483648
1072151049
536870912
1072400884
1610612736
1072327752
0
1071829810
0
1071445752
1073741824
1071138018
3221225472
1072417526
1073741824
1072091402
0
1071656528
2147483648
1065353608
0
1070417942
0
1072410076
0
1072487712
536870912
1071958848
1073741824
1071267776
1073741824
1070096450
0
1071538573
2147483648
1071687446
536870912
1072022637
2147483648
1072691656
2684354560
1069170999
0
1072240681
0
1072084327
0
1064635888
0
1072049756
1610612736
1072016001
0
1071786586
2684354560
1072097308
2147483648
1069955925
0
1070486997
2147483648
1070365900
2147483648
1070257812
2147483648
1070681805
0
1070973269
2147483648
1072678728
1073741824
1071696231
2684354560
1071719016
536870912
1071689583
3758096384
1070303877
0
1071083871
1073741824
1072301748
1610612736
1071165956
2147483648
1072058849
3758096384
1070806966
3221225472
1070723914
0
1069845060
2147483648
1065506120
0
1071917028
1610612736
1070625859
2147483648
1070896393
2147483648
1071745155
1610612736
1072568135
0
1072366639
2684354560
1072297572
1610612736
1065725912
0
1071999878
3221225472
1072494541
2684354560
1072164486
536870912
1069800878
2147483648
1072221380
536870912
1072620274
1073741824
1071218867
3221225472
1072149149
0
1070314891
0
1071461100
1073741824
1072693247
2684354560
64
