Uvec
2226355706
1072275612
3221225472
1072576197
3221225472
1072521694
2684354560
1072312088
536870912
1072626087
0
1071479777
2147483648
1071499048
2147483648
1070666751
3221225472
1072135429
1610612736
1070831314
0
1070692698
3221225472
1072093428
1610612736
1072620370
0
1072202863
2147483648
1072082058
1610612736
1070433254
2147483648
1070508960
0
1070731279
2147483648
1072259320
2147483648
1070462513
0
1071848192
2147483648
1071667586
2684354560
1071343470
0
1067815794
0
1072416162
2684354560
1072257898
2684354560
1071082223
0
1072576069
3758096384
1072489917
3758096384
1071663662
536870912
1069455130
0
1067268080
0
1072187716
536870912
1072658982
2684354560
1070646716
0
1071534306
3221225472
1069861968
0
1071420349
1073741824
1071552614
3221225472
1071552459
2147483648
1072135721
2147483648
1072076333
2684354560
1071619097
1073741824
1071111857
1073741824
1071512061
1073741824
1071946613
2684354560
1070510268
2147483648
1070671583
1073741824
1071539610
3221225472
1072505331
0
1071183446
3221225472
1071764918
1610612736
1069767781
0
1068206598
0
1070480163
2147483648
1071666462
2147483648
1070730778
1073741824
1065976360
0
1069927220
0
1070699682
1073741824
1072190570
1610612736
1069577075
0
1071364473
2147483648
1068886757
0
1070928291
0
1071799882
2147483648
1071438598
0
1070937442
0
1072212805
1610612736
1070031246
0
1072188368
2684354560
1070854970
2147483648
1072671020
1073741824
1071409071
0
1071284594
2147483648
1071861059
0
1072287686
1073741824
1070910854
2147483648
1072237982
1073741824
1071208569
2147483648
1072354963
0
1068653643
0
1069866535
0
1063785632
0
1070962299
1073741824
1072039994
3758096384
1071938152
3221225472
1072605156
1610612736
1070246349
2147483648
1072075857
0
1072616997
0
1072284044
2147483648
1068249300
0
1071637350
1073741824
1069760765
0
1072078435
0
1069710308
2147483648
1069821858
0
1071461100
1073741824
1072693247
2684354560
89
