Uvec
2226355706
1069728775
0
1072564390
2147483648
1071746202
3221225472
1071863674
3758096384
1066156112
0
1072377557
1073741824
1072040421
3221225472
1072052903
1610612736
1070623896
0
1070606755
0
1069781546
2147483648
1071480943
2147483648
1071809732
1073741824
1070487260
0
1072301858
3221225472
1071597903
3221225472
1070599908
0
1072421673
2147483648
1070284026
0
1072080913
1610612736
1071555054
2147483648
1070035708
0
1071454124
0
1072100557
1073741824
1071757121
1610612736
1067580590
0
1071921253
2684354560
1072346384
1073741824
1070298236
2147483648
1068506220
0
1072034473
3221225472
1072125633
3758096384
1072550757
536870912
1068889063
0
1072687566
0
1070715313
0
1071539267
2147483648
1072174717
0
1071543735
1073741824
1069729814
0
1072373461
1610612736
1072612737
536870912
1067520998
0
1067733176
0
1071968546
1073741824
1071687106
2147483648
1070660167
2147483648
1071754661
3758096384
1070766351
0
1070778831
0
1072309918
1610612736
1072042248
3221225472
1071044693
3221225472
1072107364
2147483648
1067505876
0
1068475716
0
1072477020
2684354560
1071186174
1073741824
1072616574
1610612736
1070370987
2147483648
1069889684
0
1066431040
0
1071909030
0
1069989200
2147483648
1072389067
3758096384
1072677001
0
1071827226
1610612736
1070673395
0
1072595677
2684354560
1066777704
0
1070956822
3221225472
1072681453
3221225472
1069914330
0
1071452979
1073741824
1067261352
0
1072643371
1610612736
1072489015
3758096384
1067472342
0
1070777440
1073741824
1070903982
2147483648
1072691340
2147483648
1071520586
1073741824
1069844057
0
1067811818
0
1068032796
0
1071548089
2147483648
1072527753
536870912
1072050544
3758096384
1072111728
2147483648
1071074198
1073741824
1071871311
1610612736
1071873832
3221225472
1069794178
2147483648
1070207994
0
1071320392
0
1066583024
0
1072443403
2147483648
1071633681
1073741824
1071461100
1073741824
1072693247
2684354560
74
