Uvec
2226355706
1069904990
2147483648
1071962724
2147483648
1072057619
0
1071334792
3221225472
1069225311
0
1071245675
1073741824
1068938970
0
1071810513
536870912
1070464748
2147483648
1070610631
3221225472
1071313576
2147483648
1071670570
1073741824
1066534980
0
1072258732
0
1070979685
3221225472
1067119880
0
1071775893
536870912
1071992023
1610612736
1071701223
1610612736
1071933809
0
1071783369
2147483648
1071224355
3221225472
1072496009
3221225472
1071295703
2147483648
1072002164
536870912
1072212279
1610612736
1068814822
0
1069580369
0
1070141123
0
1070831826
2147483648
1072354570
1073741824
1072088689
3758096384
1068201672
0
1071725771
2684354560
1071902596
3758096384
1070708374
0
1072431794
3758096384
1068198522
0
1071827301
536870912
1071277721
2147483648
1072563502
1610612736
1071692406
2684354560
1070371267
2147483648
1072565340
2147483648
1070803143
1073741824
1069191570
0
1072111514
2147483648
1071178099
1073741824
1071481154
1073741824
1072428227
1610612736
1070157322
2147483648
1069865783
2147483648
1071141400
1073741824
1072055859
0
1072510157
3758096384
1072092363
2684354560
1072042121
536870912
1070411664
2147483648
1072429485
2147483648
1070544623
0
1071756122
1073741824
1070874569
0
1071292282
0
1070659824
2147483648
1069813687
0
1072301561
3221225472
1072082638
3221225472
1071652755
1610612736
1070630726
3221225472
1070975023
0
1072059227
0
1070529256
2147483648
1070773778
3221225472
1070928543
1073741824
1065275824
0
1072547871
1610612736
1070689844
0
1071122664
3221225472
1072382549
1073741824
1072258965
2684354560
1071713736
1073741824
1070769294
1073741824
1068078232
0
1070166437
2147483648
1072259608
1073741824
1072424943
1610612736
1070941399
1073741824
1072048512
2684354560
1071705897
3758096384
1072221517
0
1072393541
1073741824
1072676200
3758096384
1069836524
2147483648
1068783641
0
1071383464
3221225472
1065056272
0
1072399659
3758096384
1070911596
0
1071461100
1073741824
1072693247
2684354560
64
