Uvec
2226355706
1071606505
3221225472
1071875415
2684354560
1072076815
3758096384
1071342901
3221225472
1072090135
1073741824
1070656405
0
1071829688
3758096384
1072407787
3221225472
1072412519
1610612736
1071976511
536870912
1071782046
536870912
1072477748
0
1072450904
1610612736
1071252208
1073741824
1066292248
0
1072417641
1610612736
1072240250
536870912
1069852994
2147483648
1071978427
2147483648
1072013600
3758096384
1071846318
3758096384
1071654631
3221225472
1071301640
3221225472
1069895163
0
1069820226
0
1072000737
3221225472
1071830627
536870912
1071235381
3221225472
1072616163
1073741824
1069934591
2147483648
1072331442
0
1070482013
0
1071202418
1073741824
1071676703
3758096384
1072256869
0
1070861219
1073741824
1072113780
536870912
1072025584
536870912
1072469245
1073741824
1071730336
0
1072101063
0
1069295499
0
1069858407
2147483648
1071312460
3221225472
1071697591
536870912
1070323209
2147483648
1072591517
536870912
1072206100
1073741824
1072219431
2684354560
1072100284
2147483648
1068880928
0
1070953716
1073741824
1067582958
0
1072532173
1073741824
1071738726
536870912
1072690584
3221225472
1071800756
2147483648
1071453251
1073741824
1072659430
536870912
1072686221
0
1071315631
1073741824
1072670709
2684354560
1068817547
0
1071969447
0
1072382999
2147483648
1071734367
1610612736
1072360750
2684354560
1071395951
2147483648
1071588931
0
1071971496
536870912
1071411872
0
1069626570
2147483648
1072122339
2684354560
1070996719
1073741824
1072540795
2147483648
1069224683
0
1070315535
2147483648
1072221929
3758096384
1072634642
0
1072572849
536870912
1072506743
1610612736
1071975497
2684354560
1072171638
1073741824
1072436315
3221225472
1071684656
536870912
1070709045
2147483648
1068782169
0
1072565335
2147483648
1071440269
1073741824
1072478258
536870912
1071806752
0
1071083094
1073741824
1072048314
2147483648
1072596222
0
1072353547
3221225472
1071948567
1610612736
1072388792
3221225472
1072579802
0
1071461100
1073741824
1072693247
2684354560
34
