Uvec
2226355706
1071339883
0
1072528622
3221225472
1072185668
3221225472
1071664347
3221225472
1072324253
0
1072391658
1610612736
1071467951
2147483648
1072311320
2684354560
1072669410
536870912
1071227899
3221225472
1070103520
2147483648
1072030039
0
1072318761
536870912
1071371047
1073741824
1067924132
0
1071854622
0
1068902240
0
1071849193
2147483648
1070215036
2147483648
1071913340
0
1070235269
2147483648
1068764036
0
1069804695
2147483648
1072107833
3758096384
1069632500
0
1066877204
0
1072573850
2684354560
1069776476
0
1070737876
1073741824
1072133119
3758096384
1070512490
0
1068033582
0
1072077729
2147483648
1071013226
1073741824
1070620504
3221225472
1071121596
0
1071564208
0
1072163160
2147483648
1071720747
3221225472
1072118655
3221225472
1072613502
1073741824
1070277756
0
1072472680
2147483648
1071414405
3221225472
1071765149
2147483648
1071585697
0
1070987100
0
1072403531
1073741824
1071472426
0
1068393352
0
1068430060
0
1069943779
2147483648
1070760191
3221225472
1068186062
0
1072067523
2147483648
1070377815
2147483648
1072670925
2147483648
1072157225
3221225472
1071851044
3221225472
1072658494
1073741824
1072001331
1073741824
1071736264
3221225472
1070740276
3221225472
1072083374
3758096384
1070524553
2147483648
1071141708
0
1071774928
3221225472
1072134842
536870912
1070067923
2147483648
1072332066
536870912
1069952737
0
1071353749
1073741824
1072292534
2684354560
1071499514
1073741824
1072117197
2147483648
1072045487
0
1071800810
3221225472
1071877182
1610612736
1072255562
1610612736
1072104747
0
1069892346
0
1070751214
0
1069560119
0
1072052704
3758096384
1070761652
0
1068403390
0
1072450789
1610612736
1071850148
2147483648
1070541735
0
1071577887
3221225472
1072483334
2684354560
1071281668
1073741824
1070004904
2147483648
1072448187
2684354560
1072631229
3758096384
1072632064
2147483648
1072253611
1610612736
1069994234
0
1071461100
1073741824
1072693247
2684354560
55
