Uvec
2226355706
1071619540
0
1071798719
2684354560
1071741517
1073741824
1072504304
2684354560
1069680788
0
1070810559
3221225472
1072042491
1073741824
1068519272
0
1071771583
3221225472
1072365879
536870912
1071698924
2684354560
1068596985
0
1070360982
2147483648
1071014124
2147483648
1072321184
0
1069706793
2147483648
1071667653
3758096384
1071166511
1073741824
1069712226
0
1071989677
1610612736
1070455160
0
1068715176
0
1072355383
2147483648
1071347244
3221225472
1072670484
2684354560
1070761453
0
1069584052
2147483648
1070625599
0
1072588326
2147483648
1071844811
3758096384
1071244035
1073741824
1069546257
0
1072273741
536870912
1072351093
1073741824
1072408923
1610612736
1068198466
0
1070648428
1073741824
1070878705
1073741824
1068595778
0
1070971009
1073741824
1072597925
1610612736
1072281345
1073741824
1072419120
3758096384
1071489199
2147483648
1071400344
1073741824
1072185306
3758096384
1072366377
3221225472
1069572094
0
1070423957
2147483648
1072028603
2684354560
1070757911
0
1069097582
0
1071236983
2147483648
1071259343
2147483648
1071964745
3758096384
1071685987
3221225472
1070527935
0
1066667088
0
1071262255
2147483648
1072581262
0
1072479128
0
1072094047
1610612736
1072478743
1610612736
1072002868
2147483648
1072584490
1610612736
1072144167
536870912
1069550705
0
1071064024
0
1070476850
2147483648
1071772618
536870912
1072481331
536870912
1072322405
1073741824
1069495741
0
1071268823
0
1071621586
0
1069034414
0
1072510860
1610612736
1071850734
3221225472
1069370021
0
1072631916
536870912
1071267591
1073741824
1071986358
3221225472
1070053374
0
1069040588
0
1071047524
2147483648
1072318756
536870912
1067842354
0
1071280938
0
1071606740
2147483648
1071013611
0
1068512697
0
1072007817
3221225472
1070585324
0
1069474717
0
1070485402
0
1069963576
2147483648
1071700863
1610612736
1071584676
2147483648
1071461100
1073741824
1072693247
2684354560
21
