Uvec
2226355706
1072630502
2147483648
1072683732
1073741824
1070994767
0
1072187759
536870912
1064270304
0
1070183776
2147483648
1068651701
0
1071659207
2684354560
1071792976
0
1071801955
1610612736
1070232184
2147483648
1071841689
1073741824
1068747701
0
1070242604
2147483648
1070287372
2147483648
1072319710
3758096384
1072593162
2147483648
1071792371
1073741824
1070653589
3221225472
1069927431
2147483648
1071262313
0
1072327927
1073741824
1067138664
0
1070622849
2147483648
1071076580
3221225472
1070678346
2147483648
1069550534
0
1070305241
2147483648
1071721787
0
1072671128
2147483648
1071344159
2147483648
1071816017
2147483648
1070720864
2147483648
1070901473
0
1070805421
0
1071255155
1073741824
1071729477
2147483648
1072039787
536870912
1069903941
2147483648
1070745104
0
1069582569
2147483648
1070488061
2147483648
1070369886
2147483648
1070766596
2147483648
1070963751
3221225472
1072099317
0
1070890334
0
1071467874
0
1071068073
0
1072621552
2684354560
1071101469
0
1071751227
1610612736
1070511649
0
1067802098
0
1068050834
0
1072670316
1610612736
1072484070
3758096384
1067612128
0
1072125922
2147483648
1071852487
536870912
1072102493
2147483648
1072139726
3221225472
1071668759
1073741824
1070928594
3221225472
1072165473
3758096384
1071868423
536870912
1071990645
3221225472
1071954649
1073741824
1070828959
3221225472
1072581828
1610612736
1071536428
3221225472
1070291850
0
1069673243
0
1072413406
2684354560
1066910896
0
1072061248
0
1072197831
0
1069283918
0
1072252981
2684354560
1071809554
1073741824
1069872667
0
1071748529
1073741824
1067907748
0
1072608129
2147483648
1072305498
2147483648
1071052122
1073741824
1070811943
3221225472
1069852626
2147483648
1070424113
0
1071463832
1073741824
1071310902
2147483648
1071732009
2147483648
1072653635
3758096384
1072419173
0
1071739225
1610612736
1071938663
0
1069934157
0
1072460586
2147483648
1071461100
1073741824
1072693247
2684354560
21
