Uvec
2226355706
1071561326
2147483648
1071888650
2684354560
1071470189
0
1071617402
1073741824
1070240297
2147483648
1071121168
3221225472
1072104092
3221225472
1070114261
0
1071917513
0
1072664647
3758096384
1071049284
1073741824
1070903888
2147483648
1071876421
2147483648
1071846465
536870912
1071333750
1073741824
1070818436
3221225472
1072662858
1610612736
1072450498
536870912
1072050082
2684354560
1069749669
0
1072405264
536870912
1068280026
0
1071729336
536870912
1068641653
0
1069720526
0
1072576067
3758096384
1072623196
2684354560
1071999709
1610612736
1071800022
3221225472
1070642667
3221225472
1069419939
0
1071847637
3221225472
1072558733
2684354560
1072384324
2147483648
1071965997
3221225472
1070756328
3221225472
1070767883
3221225472
1068085126
0
1072529993
1073741824
1071912794
3758096384
1071375737
3221225472
1071609399
1073741824
1072235243
3221225472
1071254566
2147483648
1068927895
0
1070615052
0
1062759936
0
1072107133
3221225472
1071491913
3221225472
1072165554
2684354560
1072217278
2147483648
1067664612
0
1064937632
0
1071283615
0
1069185583
0
1067899576
0
1071767075
536870912
1071146983
2147483648
1071675238
536870912
1071914384
1610612736
1071515874
1073741824
1072580827
0
1069708369
0
1071440553
3221225472
1072452187
2684354560
1072036104
1610612736
1071892927
2684354560
1068731791
0
1071713003
1073741824
1072453791
1610612736
1065869952
0
1071704734
1073741824
1072089501
1610612736
1072360533
1073741824
1069674172
0
1072603325
3221225472
1066621404
0
1072286463
2684354560
1071710334
0
1072561938
0
1070213558
0
1072681796
1073741824
1071749529
1610612736
1069211439
0
1070162667
2147483648
1071810468
3221225472
1072103282
1073741824
1072270296
0
1072424567
1073741824
1072521116
2684354560
1068807711
0
1070504359
0
1071675965
536870912
1072275456
0
1072651081
1073741824
1072579175
0
1071686955
3758096384
1071867514
0
1071461100
1073741824
1072693247
2684354560
75
