Uvec
2226355706
1071993182
1073741824
1068924025
0
1070536145
2147483648
1072583203
3221225472
1066085368
0
1072533156
1073741824
1071461104
0
1070395636
2147483648
1071257630
2147483648
1070748774
2147483648
1072075191
536870912
1072188081
1073741824
1065681672
0
1071867695
1610612736
1070756734
3221225472
1071208275
3221225472
1069581043
0
1069649618
2147483648
1072315999
3221225472
1071208402
3221225472
1070215201
2147483648
1071573245
1073741824
1071655093
1610612736
1069562532
0
1072335760
3758096384
1068106422
0
1071807098
3758096384
1072484119
1073741824
1070818989
3221225472
1071371835
0
1071778594
2684354560
1069318604
0
1072478457
2147483648
1071682824
536870912
1069936165
0
1071845539
0
1072001452
0
1071533908
3221225472
1070980678
3221225472
1068421550
0
1071873960
2147483648
1071355879
0
1071270971
0
1072614694
536870912
1071155584
2147483648
1071265968
3221225472
1072250477
536870912
1071741360
3758096384
1072288600
2147483648
1065516640
0
1069496577
0
1072484260
536870912
1069000578
0
1072051042
2147483648
1071735186
3221225472
1071561191
0
1070225436
2147483648
1072634070
2147483648
1071218180
0
1071719628
2147483648
1072283474
1073741824
1070890328
0
1072420842
3758096384
1070163823
0
1071288395
3221225472
1067080156
0
1071280075
3221225472
1070852705
2147483648
1072064069
536870912
1072121872
1610612736
1069668744
2147483648
1071847913
1610612736
1071752614
536870912
1072333834
3758096384
1070485873
0
1070455426
2147483648
1072267579
2684354560
1071648799
2684354560
1072137826
1610612736
1072293420
3221225472
1072139786
2684354560
1071031884
0
1071917493
3221225472
1072259765
3758096384
1072053538
3758096384
1072500280
2684354560
1072578823
2684354560
1072034779
3758096384
1071918692
1073741824
1071709700
3221225472
1070637848
3221225472
1070824075
1073741824
1071950167
3221225472
1071886761
2684354560
1072157596
3758096384
1069805384
0
1071091689
2147483648
1072278746
3758096384
1071461100
1073741824
1072693247
2684354560
45
