Uvec
2226355706
1066356736
0
1072372540
3221225472
1071668701
2147483648
1070185834
0
1065840448
0
1070685632
0
1071228199
1073741824
1068038978
0
1071115632
3221225472
1072456924
1073741824
1069950271
2147483648
1072256330
1073741824
1070802327
3221225472
1070853028
2147483648
1068057084
0
1068184100
0
1070647934
0
1070910233
2147483648
1072016437
1610612736
1070078186
0
1072070154
3221225472
1070948590
3221225472
1071536267
1073741824
1072013709
1610612736
1070923499
1073741824
1070821528
2147483648
1071471964
0
1072335121
1073741824
1072056823
1073741824
1071931011
0
1070252540
2147483648
1068135086
0
1070861175
1073741824
1064408704
0
1071479929
0
1072492750
1073741824
1072516073
3758096384
1070610337
0
1072582955
3221225472
1071766197
1610612736
1068595600
0
1072159686
1073741824
1071331706
2147483648
1071506085
2147483648
1072132094
0
1072177667
1073741824
1072365454
1610612736
1069775348
2147483648
1069762001
2147483648
1072661862
536870912
1071018064
2147483648
1072218477
2147483648
1071884346
3221225472
1072157585
1610612736
1068073528
0
1072500363
536870912
1072468569
3758096384
1072139412
3221225472
1072584553
2684354560
1071440031
0
1070027201
2147483648
1072365327
3758096384
1072223093
536870912
1071695805
536870912
1067660424
0
1072417085
3221225472
1070420789
0
1069579937
2147483648
1069383692
0
1071955178
0
1072254622
2684354560
1072195692
2684354560
1071680704
1610612736
1069926977
2147483648
1071753412
2147483648
1072523355
3758096384
1071233134
1073741824
1071698171
3758096384
1072537818
2684354560
1067852446
0
1071906726
2147483648
1072013817
1610612736
1072571723
1073741824
1071865543
1073741824
1071338453
1073741824
1072065963
2147483648
1071787835
1610612736
1070137126
0
1072568330
1610612736
1071893887
536870912
1070333766
0
1069117638
0
1071684194
1073741824
1071589001
1073741824
1072477886
2684354560
1071823988
0
1071084387
0
1071787177
536870912
1071461100
1073741824
1072693247
2684354560
2
