Uvec
2226355706
1072282340
1610612736
1070454278
0
1069265635
0
1070246952
2147483648
1070666879
0
1072584391
3758096384
1071917029
2684354560
1072360961
1073741824
1072051862
2147483648
1070871799
2147483648
1072638483
3221225472
1072364880
1610612736
1069912525
2147483648
1072586631
3221225472
1071429485
3221225472
1071359720
3221225472
1072572901
3758096384
1072440527
2147483648
1072313295
0
1072542354
2684354560
1071190511
3221225472
1069871002
0
1072549706
2684354560
1071690113
0
1069912104
2147483648
1071828062
3758096384
1072596183
3758096384
1072117581
2684354560
1072382803
1610612736
1071919852
2684354560
1071483168
1073741824
1070338550
0
1070287792
0
1072038932
2684354560
1071887915
536870912
1071353041
2147483648
1069719215
0
1072440634
2147483648
1069689567
2147483648
1071220401
3221225472
1071071467
3221225472
1068293868
0
1071617499
0
1071257057
2147483648
1072573677
3221225472
1071711848
3758096384
1065193504
0
1071184800
2147483648
1068303300
0
1072246390
1610612736
1072642978
1610612736
1071522067
0
1070685191
3221225472
1070615841
2147483648
1070576371
0
1070853565
1073741824
1067772948
0
1068700908
0
1072341492
1610612736
1068627370
0
1070670364
1073741824
1067590268
0
1072299239
536870912
1070468135
2147483648
1071023210
2147483648
1070995380
3221225472
1071690722
0
1072074123
2684354560
1072433746
2684354560
1072634285
3221225472
1071667830
0
1070659142
0
1072479958
1073741824
1067530532
0
1072255349
0
1072358435
3221225472
1072149393
2147483648
1067866104
0
1072526646
0
1072387380
3758096384
1071988755
1610612736
1071326483
1073741824
1072412417
1073741824
1072216297
1073741824
1072385960
2147483648
1070495208
0
1070706827
1073741824
1072459952
2684354560
1072432270
3758096384
1072326165
1073741824
1071728982
2147483648
1072548964
536870912
1069999310
2147483648
1070944244
2147483648
1071941453
0
1072360268
3758096384
1071779413
3221225472
1067427796
0
1071461100
1073741824
1072693247
2684354560
5
