Uvec
2226355706
1070478007
2147483648
1071360705
3221225472
1072050268
0
1072475033
2147483648
1072033092
1610612736
1071810588
536870912
1072272941
3758096384
1072676989
3221225472
1070959693
0
1072446406
0
1067188548
0
1069661149
2147483648
1065973952
0
1072588177
2684354560
1071175887
1073741824
1071870620
0
1070496916
2147483648
1071736965
2147483648
1067992288
0
1071994545
1073741824
1070709841
0
1072221230
1610612736
1071798446
536870912
1072220539
3758096384
1071448733
2147483648
1071015787
3221225472
1071414321
3221225472
1069952466
2147483648
1072440650
1073741824
1072241928
2147483648
1071685569
3758096384
1071896263
0
1071434323
3221225472
1063901280
0
1072486778
2147483648
1070422273
2147483648
1072692433
1073741824
1070756050
1073741824
1071869850
1610612736
1068768119
0
1070906784
2147483648
1072027037
1610612736
1072470799
2684354560
1071735521
1073741824
1072077739
3758096384
1070744854
0
1071246760
1073741824
1070170736
2147483648
1072358480
1073741824
1071486819
1073741824
1072328154
2684354560
1070890893
0
1069584736
2147483648
1070606773
1073741824
1071706613
3758096384
1072129025
1073741824
1069989365
0
1072415768
2684354560
1070786103
3221225472
1069851708
2147483648
1071506693
0
1072603427
1610612736
1069623162
2147483648
1072377086
3221225472
1072169700
3758096384
1069862230
2147483648
1072053208
1610612736
1072317740
1073741824
1069608885
0
1068781175
0
1072260250
3758096384
1072581089
0
1068238278
0
1071194278
2147483648
1066524440
0
1069514867
0
1072208235
3758096384
1072257853
3221225472
1071899458
2147483648
1069974577
2147483648
1066948844
0
1072447592
1610612736
1072124559
1073741824
1071825341
2684354560
1071785535
3221225472
1068427288
0
1071906686
3758096384
1072090080
1610612736
1069892027
2147483648
1070963825
0
1072001789
2684354560
1071567957
0
1071463342
3221225472
1068543398
0
1071719618
3758096384
1072672110
2147483648
1070607043
3221225472
1072529406
0
1071461100
1073741824
1072693247
2684354560
4
