Uvec
2226355706
1071907209
0
1071770370
536870912
1071648648
3221225472
1071776134
2684354560
1072533513
2147483648
1071743338
3758096384
1071663809
0
1071990093
1073741824
1071968267
3221225472
1070992265
2147483648
1064579008
0
1068587404
0
1069274553
0
1072155465
3758096384
1071199725
0
1068979365
0
1071396625
3221225472
1070547654
2147483648
1072415739
536870912
1069956962
0
1069030532
0
1071908559
536870912
1071051711
0
1072098711
1073741824
1068175842
0
1072526423
2684354560
1072443846
1073741824
1071884658
2684354560
1069975533
0
1072547197
2147483648
1072254050
1610612736
1072489697
536870912
1071900209
0
1071303925
0
1071002220
2147483648
1071740271
0
1070784018
3221225472
1072376625
2684354560
1070328071
2147483648
1069010438
0
1071819586
3758096384
1070523304
2147483648
1070312552
0
1070764350
0
1070980025
1073741824
1071562112
2147483648
1070668149
1073741824
1072130555
3758096384
1071796103
1073741824
1072568810
1610612736
1072073176
0
1068115360
0
1072524251
536870912
1072263795
2147483648
1065321648
0
1071630446
3221225472
1071956508
0
1070912119
2147483648
1072370237
2684354560
1070631865
3221225472
1071908112
0
1070636203
3221225472
1070479848
0
1071857533
0
1072057457
1073741824
1071685798
2684354560
1067606468
0
1071730530
1610612736
1072362920
3758096384
1071780422
2684354560
1072054764
0
1071462011
0
1071018344
1073741824
1070794150
0
1071959643
2147483648
1072336149
0
1071968973
1610612736
1070127543
0
1063386400
0
1069800516
0
1072238316
536870912
1068323438
0
1069742403
0
1071383762
1073741824
1070951166
1073741824
1072217038
3221225472
1069641300
2147483648
1071864025
2684354560
1071698810
1073741824
1070743430
0
1071466640
0
1072108813
1610612736
1072246999
1073741824
1072446546
1073741824
1071164653
2147483648
1068017622
0
1071644971
0
1071228331
2147483648
1071461100
1073741824
1072693247
2684354560
25
