Uvec
2226355706
1071734984
1610612736
1072212266
1610612736
1070346234
0
1071573401
1073741824
1071222117
1073741824
1071703441
0
1072297627
3758096384
1067081584
0
1070103167
2147483648
1071128038
0
1070635001
0
1069866258
2147483648
1072689295
1610612736
1066403584
0
1072390101
3221225472
1071006760
0
1071029704
0
1072245901
3758096384
1069928791
0
1070737904
0
1072540682
1073741824
1069675753
0
1072269490
2684354560
1071921949
3221225472
1071494382
3221225472
1068858417
0
1069427139
0
1071485753
1073741824
1071296338
3221225472
1072289395
2684354560
1069953545
2147483648
1072489350
3758096384
1072321232
1610612736
1069606684
2147483648
1071648113
3758096384
1066472688
0
1070738680
2147483648
1072126893
3221225472
1067973854
0
1071531388
1073741824
1072368795
2147483648
1072310156
2147483648
1072531190
0
1072123273
3758096384
1071395785
0
1071374621
3221225472
1071722065
0
1070847749
2147483648
1072542265
1073741824
1070516026
2147483648
1071742597
0
1071973914
2147483648
1072675125
2684354560
1071773545
536870912
1072531483
3758096384
1071783186
536870912
1070276418
2147483648
1069448257
0
1069145555
0
1072121626
3758096384
1072645936
2147483648
1065466376
0
1072340924
1073741824
1071790701
536870912
1072324610
1610612736
1068655032
0
1068986472
0
1072324208
2147483648
1071867622
2684354560
1072419561
3758096384
1071452174
1073741824
1072211110
1073741824
1070802242
1073741824
1071996040
0
1072482355
3221225472
1071036523
1073741824
1067938544
0
1071850237
0
1069102701
0
1072310922
0
1071227526
0
1070934853
1073741824
1071780039
1610612736
1072222206
3221225472
1071971404
536870912
1069949078
0
1072097462
2147483648
1071708861
2147483648
1072672792
0
1070988089
2147483648
1072288161
3758096384
1066278104
0
1072088691
3758096384
1072260156
1610612736
1071968001
2684354560
1069022363
0
1070255332
2147483648
1068820494
0
1071461100
1073741824
1072693247
2684354560
87
