Uvec
2226355706
1072042127
2684354560
1071552394
2147483648
1069600917
2147483648
1071099433
2147483648
1072253769
3758096384
1069798122
0
1072676790
2684354560
1072086372
1610612736
1072080178
1610612736
1071646080
2684354560
1072228075
2684354560
1072513904
1610612736
1070650572
1073741824
1072361538
2684354560
1072585129
3758096384
1072065754
2684354560
1072086282
2147483648
1072090389
3221225472
1071795250
1073741824
1071718952
1610612736
1070314794
2147483648
1072203581
1073741824
1071778820
3221225472
1072526826
1610612736
1071709336
536870912
1072351893
2684354560
1071954872
3758096384
1072174648
1073741824
1069344344
0
1069458821
0
1070897483
3221225472
1069628066
2147483648
1070213146
2147483648
1071036078
1073741824
1068610777
0
1070543350
0
1071849720
3758096384
1069000308
0
1068847166
0
1072214674
2684354560
1071942986
2147483648
1071985867
1610612736
1071264279
2147483648
1071049678
0
1071288381
0
1072112950
0
1072197419
0
1071106312
3221225472
1072499610
1073741824
1072532975
536870912
1070521828
2147483648
1070312504
0
1070993320
3221225472
1072157596
0
1071688050
2684354560
1071982901
1073741824
1072394384
1610612736
1071307527
3221225472
1072512669
1073741824
1071800804
536870912
1070017436
2147483648
1071930002
1610612736
1070756444
0
1071079142
1073741824
1072614671
2147483648
1071467566
3221225472
1071861470
1073741824
1069848802
2147483648
1072429671
0
1072059616
2684354560
1070662149
0
1069012264
0
1071152723
2147483648
1072054857
1610612736
1071242566
3221225472
1066951628
0
1072650603
1073741824
1072148188
536870912
1071896219
0
1071828672
0
1072507190
3221225472
1071278385
0
1069154288
0
1070238727
2147483648
1071902143
3758096384
1072380290
3758096384
1070634772
1073741824
1071728696
0
1072147469
2684354560
1071164106
3221225472
1072381694
2684354560
1069514656
0
1071925158
1610612736
1066912040
0
1071782446
3221225472
1072081805
2147483648
1072175414
0
1071814332
3758096384
1071461100
1073741824
1072693247
2684354560
7
