Uvec
2226355706
1069824932
2147483648
1071867431
2147483648
1071948359
3758096384
1072626190
536870912
1067747106
0
1072504167
2147483648
1071746721
2147483648
1069548451
0
1072590333
0
1071046379
2147483648
1070997453
1073741824
1070469635
0
1069915618
0
1072489050
2147483648
1070849312
2147483648
1069556024
2147483648
1069558716
2147483648
1072423346
0
1068792609
0
1072688806
2684354560
1072369101
1610612736
1070595678
2147483648
1070594538
2147483648
1071306851
0
1071999186
1073741824
1072384152
2684354560
1068999115
0
1072202016
2147483648
1070527636
0
1069164967
0
1072442855
0
1070015334
2147483648
1070386507
0
1072136563
3758096384
1072175568
2684354560
1071664355
2147483648
1071759974
3758096384
1072435433
2684354560
1070649170
0
1070696775
3221225472
1072614246
1610612736
1070751622
1073741824
1072426877
3758096384
1070726172
2147483648
1072231571
2684354560
1070786176
3221225472
1070327108
2147483648
1070577940
2147483648
1071422804
0
1071847513
3221225472
1072233549
2147483648
1072312331
0
1069625002
2147483648
1071329793
2147483648
1072383167
0
1071327708
0
1063591424
0
1069799362
0
1069865716
2147483648
1072499551
3758096384
1071452984
1073741824
1067296708
0
1068878050
0
1069953903
2147483648
1070965777
2147483648
1070520113
2147483648
1071570871
1073741824
1070463343
2147483648
1072381330
2684354560
1071124926
0
1071031101
3221225472
1070432645
2147483648
1071942227
2684354560
1070233362
2147483648
1069605788
0
1072375706
1073741824
1071339688
2147483648
1071897972
3221225472
1072314069
536870912
1071624145
2147483648
1072657316
0
1071733418
536870912
1072501838
536870912
1070495520
2147483648
1070957960
3221225472
1069634903
0
1070443361
0
1071779624
2684354560
1072444266
536870912
1070027537
0
1072233349
1610612736
1071169918
0
1071724881
3758096384
1071073689
0
1071878374
2684354560
1072550649
0
1072481760
2684354560
1071840479
536870912
1071461100
1073741824
1072693247
2684354560
93
