Uvec
2226355706
1072205518
536870912
1069755754
2147483648
1070657438
1073741824
1067046696
0
1071071271
0
1071914272
2684354560
1070910856
0
1071395031
0
1071025208
1073741824
1072478110
536870912
1070238353
0
1071965928
0
1071734438
3221225472
1068662573
0
1069991491
0
1070731320
2147483648
1071055397
0
1072526232
2147483648
1072492030
0
1071159925
3221225472
1067746654
0
1071866256
0
1070851428
1073741824
1071159106
0
1066470220
0
1072362580
2147483648
1071362512
3221225472
1072461884
3221225472
1069755542
0
1071937158
1610612736
1072525792
1073741824
1072518470
2147483648
1069163044
0
1072158112
1610612736
1072369898
1073741824
1072166247
2684354560
1072594209
536870912
1068704425
0
1072399620
3221225472
1071590777
1073741824
1068979114
0
1068489910
0
1070031298
2147483648
1072569845
1073741824
1072391825
0
1066972460
0
1071803247
1610612736
1070604799
3221225472
1069880911
0
1069122385
0
1071682866
3758096384
1069658838
0
1072025242
2684354560
1071765902
3221225472
1070984598
3221225472
1072447209
2147483648
1072435748
2147483648
1072160741
3758096384
1066666636
0
1072298853
2147483648
1072091767
2684354560
1068419670
0
1070307676
0
1069017309
0
1071888899
2147483648
1070713996
0
1072345388
536870912
1070178185
0
1069862473
2147483648
1069634739
0
1072209108
1073741824
1071679013
3221225472
1072521346
1610612736
1072303720
2147483648
1072158814
1073741824
1071170323
3221225472
1072400754
1610612736
1072617735
1073741824
1072528416
2684354560
1071666138
0
1072368597
2147483648
1072468411
1610612736
1069054661
0
1072666077
3758096384
1072224550
1073741824
1071532883
3221225472
1071627312
2147483648
1072032637
2147483648
1066465580
0
1070416196
2147483648
1071461857
2147483648
1072177793
0
1071100400
2147483648
1070347893
2147483648
1070381735
0
1070617695
3221225472
1072183914
2684354560
1071891266
536870912
1071461100
1073741824
1072693247
2684354560
95
