Uvec
2226355706
1071815725
3758096384
1072167470
0
1070014745
2147483648
1071751851
2684354560
1071994931
1073741824
1072473867
0
1071484532
1073741824
1072432469
2147483648
1071756920
1073741824
1070877358
0
1071798737
2147483648
1072293207
1073741824
1069768989
0
1069722827
2147483648
1068131204
0
1072584513
2147483648
1072497458
1073741824
1070184728
2147483648
1072421893
0
1072426389
2684354560
1068183718
0
1071612647
3221225472
1067814466
0
1072193150
1073741824
1070996416
1073741824
1070656036
3221225472
1072079979
2684354560
1069013532
0
1072281087
0
1072123798
2147483648
1072074363
1073741824
1072352040
2147483648
1070971337
1073741824
1072516731
0
1071758196
1610612736
1072343028
2147483648
1072080752
2684354560
1071959234
3758096384
1071464450
3221225472
1072341598
2147483648
1067247356
0
1071694237
2147483648
1071897992
1073741824
1070205435
0
1071909921
2147483648
1070981979
0
1072123111
2147483648
1068887337
0
1071693862
1073741824
1070327552
0
1072660968
1073741824
1072214304
3221225472
1071168254
1073741824
1071451057
1073741824
1072571545
0
1072379241
3758096384
1071280356
0
1066445748
0
1072625134
536870912
1072448281
1073741824
1071142754
3221225472
1072115481
0
1069610240
2147483648
1068293998
0
1070986639
2147483648
1072404419
1610612736
1072285083
1073741824
1072574196
3758096384
1071982769
3221225472
1072151254
3221225472
1070361906
0
1072207905
3221225472
1072086762
2684354560
1072165094
2147483648
1070667731
1073741824
1072245995
2684354560
1072497831
1073741824
1070526248
0
1072177604
2684354560
1068304606
0
1071260894
3221225472
1072141942
0
1071949938
2147483648
1072546674
3221225472
1072366236
2684354560
1066404632
0
1072577353
3221225472
1072449687
1073741824
1069379014
0
1072674406
2147483648
1067191436
0
1071804029
0
1069571078
0
1069571585
0
1072439652
0
1071521996
3221225472
1071092434
0
1072111712
0
1071461100
1073741824
1072693247
2684354560
14
