Uvec
2226355706
1067755246
0
1072343148
0
1072559026
0
1072540305
1610612736
1070628931
3221225472
1072570464
0
1071875265
1610612736
1072397583
536870912
1072532347
0
1071649376
3221225472
1072646031
0
1071849060
1073741824
1068802584
0
1072089203
0
1072396922
0
1069486291
0
1070354525
2147483648
1072020956
0
1072309547
536870912
1061448832
0
1072550672
1073741824
1069717037
0
1071217824
3221225472
1071818941
3221225472
1071688652
3758096384
1072654664
2684354560
1070351741
2147483648
1070333155
2147483648
1072230127
2684354560
1071235352
1073741824
1072519692
1610612736
1070936923
2147483648
1070032285
2147483648
1071333055
2147483648
1070803290
0
1072654958
3221225472
1070821269
1073741824
1071925586
536870912
1072066325
1073741824
1065911784
0
1070938845
2147483648
1070279255
0
1071952383
1610612736
1071175145
0
1072640317
1610612736
1071230496
3221225472
1071033386
3221225472
1070702357
1073741824
1072632176
1073741824
1066766096
0
1071673062
2684354560
1066399336
0
1071760485
2147483648
1071890109
3221225472
1071436467
0
1070423585
2147483648
1071390827
2147483648
1071410916
3221225472
1071763197
536870912
1071969545
536870912
1072400593
3221225472
1072495690
0
1070798669
0
1068867662
0
1066341840
0
1069383661
0
1072545258
1073741824
1072056402
3758096384
1069979892
2147483648
1068229128
0
1071787930
536870912
1072066579
3221225472
1071844292
2684354560
1071777332
3758096384
1072246934
2147483648
1071164189
1073741824
1072462572
2684354560
1068987259
0
1071497501
1073741824
1072643201
3758096384
1070288126
2147483648
1072039462
3221225472
1071732434
2684354560
1072130119
536870912
1071662137
536870912
1071447334
2147483648
1071952822
2684354560
1072395415
1610612736
1071357296
0
1071834273
1073741824
1071823888
1610612736
1071528668
2147483648
1071724892
1610612736
1070795298
0
1071450801
1073741824
1071717611
1610612736
1072440046
1610612736
1069423172
0
1071461100
1073741824
1072693247
2684354560
83
