Uvec
2226355706
1071975447
2147483648
1071436364
2147483648
1071949058
2147483648
1071260272
0
1070322490
0
1071828498
3221225472
1071969327
2684354560
1071818757
0
1072560231
2684354560
1068524017
0
1071945102
3758096384
1072418397
536870912
1070749610
1073741824
1070998139
0
1072392415
536870912
1072441326
0
1067743912
0
1071562886
0
1072683289
2684354560
1070014573
2147483648
1071408537
0
1072607481
1610612736
1071750780
2684354560
1069514928
0
1070662331
2147483648
1072442762
3758096384
1072315947
1610612736
1071705754
536870912
1071788351
2147483648
1069209351
0
1072403048
536870912
1070670827
0
1071756919
3758096384
1071434949
2147483648
1072556132
2147483648
1071654530
3758096384
1071052063
0
1072374140
3758096384
1069926445
0
1070344259
2147483648
1072101531
536870912
1067250212
0
1070549542
2147483648
1072147682
3221225472
1072080395
2684354560
1071051183
1073741824
1071228140
1073741824
1071564631
1073741824
1072413444
3221225472
1071362923
3221225472
1072691197
1073741824
1066023872
0
1071206689
3221225472
1072474898
1073741824
1071843833
2147483648
1070918219
2147483648
1071656709
3221225472
1071863558
1073741824
1072370062
0
1071740961
1610612736
1072296336
0
1071290189
2147483648
1069489624
0
1072166056
0
1072518719
2684354560
1071191115
0
1072306425
1610612736
1072473705
2147483648
1069791803
0
1071783466
1610612736
1071272031
3221225472
1072174294
2684354560
1071990092
2684354560
1072366523
2684354560
1070818591
2147483648
1071706698
1073741824
1071004654
1073741824
1071952520
0
1071365254
3221225472
1072200513
3758096384
1072593729
3221225472
1072201694
3758096384
1069995333
2147483648
1070867571
3221225472
1072351932
3221225472
1071769374
1610612736
1071973195
536870912
1072480073
1073741824
1070981798
0
1072243195
3758096384
1072522213
1610612736
1072452571
0
1072288580
0
1071923909
3221225472
1070944395
2147483648
1072339026
3221225472
1072547994
3221225472
1072257941
0
1071461100
1073741824
1072693247
2684354560
80
