Uvec
2226355706
1072447860
1073741824
1070070004
2147483648
1068894038
0
1071111418
0
1072195171
536870912
1070969408
1073741824
1066802464
0
1072599052
3221225472
1072406210
1610612736
1072127219
3758096384
1070421673
2147483648
1071126022
1073741824
1067576808
0
1072514175
1073741824
1071473625
2147483648
1071675117
3758096384
1071351993
0
1072402895
2684354560
1065278288
0
1070672545
0
1071465089
0
1068670662
0
1071671440
0
1071159098
1073741824
1072529734
0
1071422294
2147483648
1067241012
0
1071492211
2147483648
1071520650
1073741824
1071127263
3221225472
1071736445
0
1068737804
0
1071231163
0
1068046890
0
1071405032
2147483648
1070383493
0
1071666799
0
1072412103
1610612736
1072581323
1073741824
1072173568
2684354560
1070596678
0
1071440554
3221225472
1071983551
1610612736
1071834932
0
1071503360
1073741824
1070631818
0
1070583062
2147483648
1070115955
0
1068904552
0
1071954215
2147483648
1069808587
2147483648
1071872990
2684354560
1068766014
0
1071478072
1073741824
1072403843
1073741824
1072525679
536870912
1070688041
1073741824
1071156738
0
1072060607
3758096384
1070596311
1073741824
1072513371
2147483648
1072298588
3221225472
1072387341
0
1070783329
2147483648
1071078813
0
1071568617
1073741824
1070982628
0
1071883268
0
1069589561
2147483648
1071713803
1073741824
1071011657
3221225472
1072391404
3221225472
1071743258
2147483648
1072592138
2684354560
1070848274
3221225472
1072295734
1073741824
1072354538
3758096384
1071088893
2147483648
1072031991
0
1071777784
3758096384
1069651096
2147483648
1070083322
2147483648
1072095632
1073741824
1070958038
2147483648
1070898568
0
1071482707
3221225472
1071917779
1610612736
1071869475
2684354560
1072093411
0
1071926234
536870912
1071930415
1610612736
1072398424
1610612736
1072636708
2147483648
1072533969
2147483648
1066561720
0
1071070278
2147483648
1070258809
0
1072009787
3758096384
1071461100
1073741824
1072693247
2684354560
40
