Uvec
2226355706
1070985265
3221225472
1067072292
0
1072189031
1073741824
1071598005
1073741824
1072221436
2684354560
1072058259
2147483648
1070579912
2147483648
1069033818
0
1072581877
536870912
1071441806
2147483648
1071098675
3221225472
1072495925
0
1071865980
536870912
1071742289
1610612736
1071520476
3221225472
1072604921
536870912
1070985042
1073741824
1072049604
0
1070819283
1073741824
1069893347
0
1071660007
2684354560
1070953745
1073741824
1071393445
0
1072064235
1610612736
1068719208
0
1071733739
2147483648
1067539350
0
1069954880
2147483648
1070671696
3221225472
1071720720
1073741824
1070685527
2147483648
1070945663
2147483648
1071333461
1073741824
1072063993
1073741824
1071918054
1610612736
1071847718
3758096384
1072045189
536870912
1069047298
0
1072253042
1073741824
1072566056
0
1071564720
1073741824
1070993845
0
1072186163
2147483648
1069908373
2147483648
1068057386
0
1071143265
0
1070444397
0
1072612043
2147483648
1071872722
1610612736
1071889252
3758096384
1071780253
536870912
1071301455
2147483648
1071688528
1610612736
1071652892
536870912
1072005868
2684354560
1069701956
0
1071967504
2684354560
1072090683
0
1071646595
2147483648
1070932001
3221225472
1070978631
2147483648
1069660113
2147483648
1070146024
0
1072249043
2684354560
1070721435
0
1068490020
0
1071814216
2147483648
1070752245
3221225472
1072232554
1610612736
1070199745
2147483648
1071050626
2147483648
1072570326
2147483648
1071389684
3221225472
1072062139
536870912
1071852067
0
1063450304
0
1072037342
3221225472
1071126764
0
1071927990
2147483648
1072651502
2147483648
1072220634
2684354560
1071738062
1610612736
1071606469
0
1070569788
0
1071833269
1610612736
1071737237
3221225472
1071200649
2147483648
1070904537
2147483648
1072126862
2147483648
1072055303
2684354560
1072560665
1610612736
1071702003
2684354560
1072167830
536870912
1070946243
0
1070723299
1073741824
1065657088
0
1072206701
3758096384
1068590860
0
1071461100
1073741824
1072693247
2684354560
82
