Uvec
2226355706
1072038035
536870912
1071661744
2147483648
1071658497
536870912
1071736293
2684354560
1071960779
3758096384
1071369585
0
1072149500
3758096384
1066699136
0
1069818099
2147483648
1069688319
2147483648
1072077489
2147483648
1072116450
1073741824
1072582857
1610612736
1071274547
0
1071695579
0
1071790092
3221225472
1070482722
2147483648
1069776123
0
1071397644
0
1072241929
3221225472
1071681781
3221225472
1070459858
0
1069601416
0
1071130015
1073741824
1066443056
0
1069888422
2147483648
1072244685
536870912
1071581097
0
1071271385
2147483648
1071883516
3221225472
1071728912
2684354560
1071246977
0
1067023424
0
1071932762
3758096384
1072347918
1610612736
1066755808
0
1072287758
2147483648
1072400117
1610612736
1071678388
2147483648
1068442876
0
1069706535
2147483648
1070460419
0
1071066285
3221225472
1072058153
2684354560
1069691211
2147483648
1071754938
2684354560
1072526932
536870912
1070493469
2147483648
1070485928
0
1070631429
1073741824
1072551918
536870912
1071660716
0
1072329208
0
1072515290
1610612736
1070456652
0
1071889607
536870912
1071463172
1073741824
1071538501
0
1072148346
0
1068634611
0
1070710359
2147483648
1070863518
1073741824
1071917991
536870912
1072531115
2684354560
1072610283
2147483648
1070125228
2147483648
1070630762
1073741824
1071772277
2684354560
1071803252
3221225472
1071896273
536870912
1072475987
2684354560
1066934668
0
1067986592
0
1072536004
2147483648
1072135917
3758096384
1068666210
0
1071923202
1073741824
1070582000
0
1071706550
2147483648
1071630484
1073741824
1072310176
536870912
1072422896
536870912
1071247784
3221225472
1071278661
0
1068804387
0
1071813027
3221225472
1072179887
1073741824
1067578036
0
1070815831
0
1072684951
1073741824
1072157917
1610612736
1072270277
1073741824
1070981175
2147483648
1071590970
0
1072456892
2147483648
1072148319
2147483648
1072220021
1610612736
1071703070
2684354560
1071461100
1073741824
1072693247
2684354560
88
