Uvec
2226355706
1072088844
1073741824
1071039442
3221225472
1071891829
2684354560
1072647065
0
1071862052
2147483648
1070413194
2147483648
1071843636
2147483648
1069480543
0
1071595917
3221225472
1071981824
3221225472
1071782251
1610612736
1072386806
3758096384
1072421586
2684354560
1068475058
0
1070124416
2147483648
1069733831
2147483648
1071961413
536870912
1072212064
3221225472
1070867003
2147483648
1072499607
2147483648
1072655917
536870912
1071794937
536870912
1069527190
0
1070201947
2147483648
1072234855
1610612736
1069123369
0
1072332371
1610612736
1071831302
2147483648
1071917049
0
1071831035
2147483648
1072004812
1610612736
1071817221
536870912
1072107836
1073741824
1069782198
2147483648
1071164860
1073741824
1072637009
2684354560
1067491228
0
1071923637
3758096384
1068284740
0
1071785452
536870912
1070613029
1073741824
1072639459
1610612736
1072132146
1610612736
1071874273
2684354560
1071969064
1610612736
1072670193
536870912
1071861914
3758096384
1072512564
1610612736
1071789956
2684354560
1070825328
3221225472
1071973323
0
1071876598
1073741824
1069272805
0
1072330555
2684354560
1069171263
0
1072572762
1610612736
1071480824
3221225472
1067527422
0
1072144106
1610612736
1068974327
0
1068920304
0
1072497899
2147483648
1072197820
3221225472
1071114295
0
1072067225
536870912
1067533914
0
1069607924
2147483648
1072227762
3221225472
1070939277
3221225472
1072239447
2147483648
1072254100
3221225472
1071245433
0
1071903076
1073741824
1072668936
1610612736
1072109749
3758096384
1071827052
0
1070165196
2147483648
1069452617
0
1070394661
0
1069565756
0
1072549062
0
1065006416
0
1071680018
1610612736
1070969399
0
1072451378
1610612736
1072596138
1610612736
1071674717
3758096384
1071239356
2147483648
1068134572
0
1072093983
2147483648
1071895110
0
1070780845
1073741824
1071851710
2684354560
1072536281
2684354560
1072275892
3221225472
1071736208
536870912
1072080879
0
1068413250
0
1071461100
1073741824
1072693247
2684354560
56
