Uvec
2226355706
1071322657
3221225472
1070836791
3221225472
1071487278
2147483648
1071000818
2147483648
1072034859
3758096384
1071238522
3221225472
1071393141
0
1072328826
2147483648
1070938977
1073741824
1072266015
0
1069776453
0
1071326397
0
1071534916
0
1071285998
3221225472
1072687928
3758096384
1070850668
2147483648
1069423273
0
1072491417
0
1072414795
536870912
1071778030
2684354560
1068720584
0
1070842017
2147483648
1069787967
0
1072225039
3758096384
1071682221
536870912
1067012248
0
1072246532
536870912
1072068735
0
1071006753
2147483648
1069331693
0
1071742577
1610612736
1072193516
3758096384
1069473043
0
1072560075
536870912
1072476211
2684354560
1072292757
2147483648
1072031963
1610612736
1071948490
1073741824
1071708044
2147483648
1070150209
2147483648
1071002759
0
1069114442
0
1072401604
1610612736
1070656834
3221225472
1072134228
3758096384
1067575596
0
1072613067
3221225472
1069707204
2147483648
1071422873
3221225472
1069774295
2147483648
1071451448
3221225472
1072525647
0
1069817301
0
1069473628
0
1066106488
0
1072166521
1610612736
1072042199
3758096384
1072488965
2684354560
1070720938
1073741824
1072528022
3758096384
1071730448
1610612736
1071834544
0
1070428337
0
1071961860
536870912
1071684541
2147483648
1069716685
2147483648
1070014825
2147483648
1072267894
3221225472
1072034651
0
1072494232
0
1065531864
0
1071781696
2147483648
1071669866
1073741824
1071600843
3221225472
1068641377
0
1072455213
3758096384
1070796693
3221225472
1071948887
536870912
1070620309
0
1072329432
536870912
1071349427
2147483648
1071890243
2684354560
1071991364
3758096384
1069821682
0
1071293656
0
1072398887
2147483648
1069184469
0
1069683194
2147483648
1072653319
1073741824
1071060493
3221225472
1061750784
0
1071653641
2684354560
1070631020
0
1072595281
1073741824
1072452491
2147483648
1071155626
0
1072661280
1073741824
1072686339
2684354560
1071461100
1073741824
1072693247
2684354560
38
