Uvec
2226355706
1072155369
3758096384
1071678942
1610612736
1072013494
2147483648
1072412440
3758096384
1072202007
2684354560
1072688068
1073741824
1069376134
0
1068939809
0
1071187441
0
1071858007
536870912
1072505897
2684354560
1071744784
3221225472
1072525343
3221225472
1071908504
1610612736
1071626228
0
1072404083
536870912
1071853264
0
1071025036
2147483648
1072496982
2684354560
1072192581
0
1071730876
1073741824
1067490948
0
1069757415
0
1072512212
536870912
1071338323
2147483648
1067656588
0
1070546801
0
1070894789
0
1072405542
1073741824
1067911376
0
1070516334
2147483648
1072665246
0
1072184988
3221225472
1070111826
0
1072217551
1073741824
1072346512
536870912
1072619952
1073741824
1068574508
0
1072553086
2684354560
1071308344
0
1069470361
0
1066903716
0
1072335181
1073741824
1071795258
3221225472
1070430582
0
1072552081
2147483648
1072358328
3758096384
1071590335
2147483648
1072173007
1073741824
1069567769
0
1072014544
1610612736
1071399532
2147483648
1071445990
2147483648
1071959804
2684354560
1072107348
536870912
1071233377
2147483648
1072505372
536870912
1070733423
2147483648
1070537855
2147483648
1062738624
0
1069788879
0
1070852048
0
1071854284
0
1072324308
1073741824
1072482950
3221225472
1070003026
2147483648
1071360163
0
1072476035
3758096384
1071753477
0
1070675924
3221225472
1071221757
1073741824
1071187084
1073741824
1071988647
536870912
1070926079
3221225472
1071807418
1073741824
1071184144
3221225472
1071410504
0
1068266532
0
1072093595
1610612736
1072094750
2147483648
1072646814
2684354560
1070846387
2147483648
1072619982
1073741824
1071787742
2684354560
1072251915
1610612736
1072685603
2684354560
1072637554
1073741824
1062079104
0
1064337408
0
1071720085
3758096384
1071786368
1610612736
1072181919
1610612736
1071386407
1073741824
1070905564
2147483648
1072176294
3758096384
1072515373
3221225472
1069126613
0
1068762909
0
1071461100
1073741824
1072693247
2684354560
12
