Uvec
2226355706
1070437288
2147483648
1070761234
1073741824
1072120889
1073741824
1071201161
0
1069719565
0
1067300532
0
1071692475
536870912
1070281784
2147483648
1071772630
2684354560
1071246469
0
1072428109
1610612736
1071678635
3758096384
1070499954
0
1071865475
0
1072587407
1073741824
1072491698
0
1071478908
2147483648
1070368804
0
1072404096
2147483648
1070370211
2147483648
1071061218
0
1072168918
1610612736
1072217476
0
1070541343
0
1071829690
1610612736
1072025676
3221225472
1072212947
1073741824
1071648729
0
1071333970
2147483648
1071647790
1073741824
1072307629
2684354560
1071108372
2147483648
1067575548
0
1070686152
2147483648
1070966154
1073741824
1072105293
2684354560
1069918142
0
1070645175
0
1070931707
0
1067106700
0
1072188149
2684354560
1070842861
3221225472
1072072314
536870912
1072135473
0
1071971417
1073741824
1072664847
3758096384
1072247622
3221225472
1071415758
1073741824
1070331672
2147483648
1072124635
2684354560
1070308253
2147483648
1072525511
0
1071628331
3221225472
1072519169
1610612736
1072067646
1610612736
1072264047
2684354560
1069803670
0
1068180730
0
1070366477
0
1072377871
3758096384
1071892154
3221225472
1072459129
2684354560
1070383896
2147483648
1071805027
1610612736
1069518514
0
1072406583
2147483648
1066501408
0
1072144164
1610612736
1068521582
0
1069940338
2147483648
1071138387
3221225472
1071982940
1073741824
1072610309
1610612736
1072080714
2684354560
1069066848
0
1070814946
3221225472
1072482247
1610612736
1072082768
1610612736
1068627360
0
1071029746
2147483648
1072016940
3758096384
1071602057
3221225472
1072402618
2147483648
1072322016
3221225472
1071669409
1073741824
1071076650
2147483648
1071322996
3221225472
1071373384
2147483648
1069688718
2147483648
1069603646
0
1072164892
1610612736
1069662776
2147483648
1070633098
1073741824
1071805913
3221225472
1071842667
2684354560
1070416757
2147483648
1072178211
2684354560
1071461065
2147483648
1071461100
1073741824
1072693247
2684354560
18
