Uvec
2226355706
1070998043
0
1072054444
2684354560
1072394148
1610612736
1070513698
2147483648
1071945642
3758096384
1071756301
3758096384
1072192189
536870912
1072164273
3758096384
1072329733
1610612736
1072204630
3758096384
1072079880
2147483648
1068469562
0
1068951377
0
1072388858
2684354560
1072292038
2147483648
1072115817
0
1066720440
0
1071558398
2147483648
1072281048
0
1072267064
2684354560
1072004850
3758096384
1071467831
0
1072107873
1073741824
1068621241
0
1068767157
0
1071836410
536870912
1071670567
536870912
1071838507
3758096384
1071164640
3221225472
1069603977
0
1071675095
3758096384
1071294392
1073741824
1071539377
2147483648
1071955739
1073741824
1071354095
3221225472
1070861206
0
1071208047
3221225472
1071268143
0
1070756465
2147483648
1071326553
2147483648
1072149050
1073741824
1071600421
0
1071662671
2147483648
1071382742
3221225472
1071328050
1073741824
1070670303
0
1067328408
0
1071910221
2147483648
1069561604
0
1068510579
0
1072594325
1610612736
1072097569
3221225472
1070065499
0
1071117848
3221225472
1071518761
2147483648
1072479577
1610612736
1071745621
536870912
1071152319
0
1071523690
3221225472
1071780431
1073741824
1072231363
3221225472
1072286491
1610612736
1072223072
2147483648
1072671827
1073741824
1070890139
1073741824
1070616262
3221225472
1071666423
2684354560
1068924051
0
1071082492
1073741824
1072419624
3758096384
1069465981
0
1071290920
1073741824
1071760113
536870912
1068955640
0
1072439422
2147483648
1071901161
1073741824
1072178625
536870912
1071252636
3221225472
1071071730
3221225472
1066896716
0
1070062825
0
1072136954
2684354560
1071290592
2147483648
1070712728
1073741824
1070937443
1073741824
1072271119
3758096384
1069669955
2147483648
1070650956
1073741824
1071899507
3758096384
1072319345
1610612736
1066466336
0
1071920792
3758096384
1069800301
2147483648
1071324253
2147483648
1069850437
0
1070107485
0
1071955594
0
1063955680
0
1071461100
1073741824
1072693247
2684354560
7
