Uvec
2226355706
1071452941
2147483648
1068042516
0
1072265428
0
1069145818
0
1069546646
0
1066431768
0
1072208796
0
1072093978
3758096384
1068929571
0
1072466741
1610612736
1072599433
2147483648
1067746398
0
1071930145
2147483648
1072256151
1610612736
1071329734
1073741824
1071312490
3221225472
1069135285
0
1071738110
0
1072451343
536870912
1068873958
0
1072523990
2147483648
1072323218
3221225472
1069180481
0
1071444282
0
1072345810
2684354560
1070625528
2147483648
1071783099
2684354560
1067518504
0
1069618698
2147483648
1072360022
2684354560
1071675547
0
1072279204
2684354560
1072382946
2147483648
1070881553
0
1071395158
0
1067971388
0
1072391508
0
1067003552
0
1070272671
2147483648
1072665358
2684354560
1071162142
1073741824
1071410089
1073741824
1071969534
0
1071967877
2147483648
1072349975
536870912
1071811186
1073741824
1072422769
0
1072472950
3758096384
1065638024
0
1072151966
1610612736
1071756662
1610612736
1067194004
0
1069935466
0
1071441001
2147483648
1072604431
1610612736
1070893665
3221225472
1071167816
2147483648
1070170509
2147483648
1071010428
1073741824
1071099240
1073741824
1072163987
536870912
1072574765
536870912
1072411910
0
1072374242
1073741824
1070846868
2147483648
1072536057
1610612736
1071484736
1073741824
1069472310
0
1071918410
2684354560
1071126356
0
1072024861
3758096384
1071927799
0
1071111500
2147483648
1061875968
0
1069235237
0
1072299012
3221225472
1069983646
2147483648
1070786998
2147483648
1071656801
3758096384
1069592625
2147483648
1070416691
2147483648
1071841670
2684354560
1067570420
0
1071130737
2147483648
1071703226
3221225472
1072096742
3221225472
1069638302
2147483648
1071420606
2147483648
1069557219
2147483648
1072115810
1073741824
1071027695
1073741824
1072652526
536870912
1065191440
0
1071748573
2147483648
1071718391
1610612736
1071671472
1610612736
1071238205
3221225472
1072179420
1073741824
1071461100
1073741824
1072693247
2684354560
30
