Uvec
2226355706
1068683924
0
1069584672
0
1071327403
3221225472
1072210068
2684354560
1072017015
2147483648
1068176120
0
1071659241
536870912
1072674274
2684354560
1072570108
2147483648
1069832662
0
1072273919
536870912
1068323932
0
1070695542
0
1072673801
3758096384
1071700376
1610612736
1072017495
536870912
1071010182
2147483648
1067998738
0
1069333522
0
1072480005
3221225472
1072445153
3758096384
1072415149
2147483648
1072616759
2684354560
1072104843
2147483648
1070027676
0
1069782152
2147483648
1071509551
2147483648
1072000244
2147483648
1072118016
2147483648
1070333996
0
1071803440
1073741824
1069100303
0
1072470187
536870912
1069811368
2147483648
1071680866
3221225472
1069683812
0
1070585947
0
1072530336
0
1071026982
3221225472
1071504745
3221225472
1072100744
3758096384
1072291019
2684354560
1072128381
2684354560
1071728644
1073741824
1071468883
3221225472
1070638308
3221225472
1070617042
1073741824
1071613627
1073741824
1072457361
3758096384
1071127405
1073741824
1072560488
1610612736
1072584758
536870912
1071039956
1073741824
1069676459
2147483648
1064183648
0
1072628270
1610612736
1071384310
0
1071158479
2147483648
1071782397
2147483648
1072627571
0
1067454712
0
1070948225
2147483648
1071698861
3758096384
1070680139
0
1070603624
2147483648
1071241382
1073741824
1068954752
0
1072432935
3758096384
1068529422
0
1070909880
1073741824
1068135468
0
1072161989
536870912
1070624367
2147483648
1071520686
3221225472
1071256893
0
1071339986
1073741824
1072162363
2684354560
1069068730
0
1068100840
0
1072059456
1073741824
1072606653
1610612736
1072501494
1610612736
1071766725
3758096384
1068400586
0
1071692365
1610612736
1072614071
2147483648
1069981767
2147483648
1072514119
536870912
1072631186
3221225472
1072006378
2147483648
1072601301
0
1072278835
3758096384
1070741427
3221225472
1069829529
2147483648
1071837053
2147483648
1072023703
536870912
1071642216
3221225472
1068734520
0
1071461100
1073741824
1072693247
2684354560
72
