Uvec
2226355706
1072031620
1610612736
1072176670
2684354560
1071654838
1610612736
1066435164
0
1072606491
536870912
1071875325
2684354560
1071485905
1073741824
1070814333
2147483648
1072250187
2684354560
1067874634
0
1072551173
1073741824
1072152878
2147483648
1072140762
3221225472
1072111327
536870912
1070587325
2147483648
1069894980
2147483648
1061561472
0
1071987802
1073741824
1072346247
3758096384
1071291590
2147483648
1072278284
536870912
1071695759
536870912
1070833958
2147483648
1072211979
3758096384
1068516474
0
1072653973
0
1071682242
3221225472
1072607065
1073741824
1068731605
0
1070509399
0
1072440624
3221225472
1071981311
3221225472
1070872121
0
1072138480
1073741824
1071260975
2147483648
1071710881
2684354560
1072053504
3758096384
1070871976
0
1071139304
1073741824
1069672228
0
1072022824
1073741824
1064589648
0
1071953011
0
1069677670
2147483648
1070162203
0
1070872949
0
1072647268
1073741824
1071360789
2147483648
1072396579
536870912
1072273660
2684354560
1068144866
0
1070076625
0
1069961904
0
1071183914
0
1071394499
3221225472
1071956685
2684354560
1072036095
1610612736
1070185906
2147483648
1068983341
0
1069640633
0
1072306065
3758096384
1072311154
1073741824
1070121762
0
1069436356
0
1071468975
1073741824
1069633389
0
1072458514
2147483648
1070819627
3221225472
1069943064
2147483648
1072381632
0
1071124849
3221225472
1067554754
0
1072601454
3221225472
1071852798
3758096384
1072222618
2147483648
1071068910
0
1072066196
0
1071039917
2147483648
1072282547
0
1068830531
0
1072621884
3758096384
1070739207
3221225472
1072017077
536870912
1071735480
0
1070497638
2147483648
1071839546
0
1072127683
2147483648
1071866724
3758096384
1072090657
1073741824
1071679635
2147483648
1068141864
0
1071548414
3221225472
1070769218
2147483648
1070598719
1073741824
1069681492
2147483648
1072502652
2147483648
1070987228
1073741824
1072273672
2147483648
1071461100
1073741824
1072693247
2684354560
58
