Uvec
2226355706
1069443796
0
1070140902
2147483648
1072228176
3758096384
1070640454
0
1068181660
0
1069964304
0
1072271969
1610612736
1071907928
3221225472
1070214419
2147483648
1070763862
0
1072330209
3221225472
1069848285
2147483648
1069637065
2147483648
1072098645
0
1070873203
3221225472
1071631945
0
1071016164
1073741824
1072417976
3221225472
1070899707
2147483648
1071919025
0
1070390473
0
1070606955
3221225472
1072421592
1610612736
1070952492
3221225472
1066793668
0
1071861751
2147483648
1071071618
0
1071013158
2147483648
1071673802
2684354560
1072423456
2684354560
1070474099
0
1072338974
3758096384
1069753809
2147483648
1072541328
3221225472
1069312912
0
1072315773
536870912
1072503579
2147483648
1072619136
1610612736
1070804301
2147483648
1069570760
2147483648
1070602090
2147483648
1072310781
1073741824
1069357353
0
1071523975
1073741824
1072020901
1073741824
1071311638
0
1070658963
2147483648
1072361635
3221225472
1070519773
0
1069407499
0
1071148442
1073741824
1072093886
1073741824
1068988673
0
1070637722
1073741824
1072442078
1073741824
1071663660
1073741824
1072251139
1610612736
1070123245
2147483648
1072360467
536870912
1071730808
1610612736
1072545773
1073741824
1071640546
3221225472
1072340683
2147483648
1072085611
1610612736
1070298905
0
1068964237
0
1070251140
2147483648
1072483616
536870912
1071054382
1073741824
1072027471
1073741824
1071826513
536870912
1069998685
0
1072097769
2147483648
1071472336
0
1072422627
3758096384
1069359885
0
1072406190
2684354560
1071789735
1073741824
1069286034
0
1072271389
2684354560
1072336624
3758096384
1072062655
0
1071481297
3221225472
1068627706
0
1069647024
2147483648
1072342054
1073741824
1063096512
0
1070866328
2147483648
1069382144
0
1069924491
0
1070064189
0
1071765163
2147483648
1071768751
536870912
1070265442
0
1072186711
1073741824
1071688016
3221225472
1070899309
1073741824
1070780160
0
1071461100
1073741824
1072693247
2684354560
66
