Uvec
2226355706
1071058284
2147483648
1072364812
2684354560
1072541733
0
1071664450
2147483648
1069950778
2147483648
1072129966
0
1066900596
0
1071801995
2684354560
1070402095
2147483648
1063267264
0
1072103369
1073741824
1072546021
2684354560
1069367225
0
1067511642
0
1065879480
0
1071262400
3221225472
1069399897
0
1072412374
1073741824
1071809670
536870912
1069646228
2147483648
1071009429
3221225472
1068621405
0
1071579179
3221225472
1072226599
3221225472
1072637376
1073741824
1072081482
3221225472
1067765710
0
1072616867
0
1068132914
0
1071551396
3221225472
1070638180
1073741824
1070748455
2147483648
1070590620
2147483648
1071809186
3758096384
1069075634
0
1067907966
0
1070773149
1073741824
1071493998
2147483648
1065404592
0
1071666939
1073741824
1072413591
3221225472
1071689601
3758096384
1066778272
0
1072247483
536870912
1071570994
1073741824
1071250167
1073741824
1072097847
3221225472
1072197384
3758096384
1072312841
3221225472
1072105791
1073741824
1071131901
0
1072416057
1073741824
1068653578
0
1071340629
2147483648
1070999973
2147483648
1071851941
536870912
1071758492
1610612736
1070740394
1073741824
1071055591
2147483648
1069578613
0
1069102892
0
1071984129
1610612736
1072492597
0
1071897266
3758096384
1063319808
0
1071400153
3221225472
1071853934
3221225472
1072506327
536870912
1070944975
2147483648
1070867345
3221225472
1071427040
2147483648
1072110288
3221225472
1072494539
0
1071768611
536870912
1072580674
1073741824
1063918944
0
1070602627
1073741824
1070680019
3221225472
1071755785
2147483648
1066776664
0
1072542832
2684354560
1071100233
0
1071750437
2684354560
1067948876
0
1072467568
2147483648
1071263876
3221225472
1070859030
3221225472
1071454930
3221225472
1071622305
3221225472
1071982181
536870912
1070406582
2147483648
1067962920
0
1069540272
0
1072288280
0
1070039712
2147483648
1070823498
3221225472
1071290841
1073741824
1072641335
3758096384
1071461100
1073741824
1072693247
2684354560
67
