Uvec
2226355706
1067309952
0
1071233416
3221225472
1072223881
1073741824
1069765690
2147483648
1072687484
2684354560
1071634163
2147483648
1070908791
3221225472
1072176666
0
1064411456
0
1071332631
2147483648
1072481908
3758096384
1066765432
0
1068727668
0
1066878284
0
1072668835
536870912
1072074996
0
1070929541
0
1069401000
0
1071686616
1073741824
1072600947
0
1070975546
1073741824
1071820884
2684354560
1071166992
1073741824
1072075552
1073741824
1072323441
3758096384
1071118801
0
1070922118
0
1071283096
1073741824
1072091953
536870912
1072559933
0
1072481945
2684354560
1071590038
2147483648
1072445584
3758096384
1071885829
3758096384
1072649488
1073741824
1072608375
2147483648
1071866078
2684354560
1072292295
2684354560
1070014717
0
1070968167
1073741824
1072543088
2147483648
1067828926
0
1072459864
2684354560
1071850146
536870912
1071936705
3221225472
1072301764
3221225472
1068530056
0
1071647341
3221225472
1071450414
2147483648
1071379001
3221225472
1069684311
2147483648
1072170183
3758096384
1071980117
3221225472
1072475254
1073741824
1072101124
1073741824
1072537761
0
1071880990
3221225472
1065084944
0
1071756578
0
1071922156
0
1071969006
3221225472
1065604312
0
1072506619
2684354560
1070335640
2147483648
1071532839
3221225472
1071903279
1610612736
1070672984
0
1072184505
3758096384
1071575946
1073741824
1070015434
0
1071746810
536870912
1072086716
536870912
1070941858
0
1069474171
0
1071939715
2147483648
1072633599
3221225472
1072617910
1610612736
1070796371
2147483648
1072151943
536870912
1071653743
2684354560
1071985617
1073741824
1072292306
3758096384
1070107484
2147483648
1072386903
0
1071196278
0
1071938244
2147483648
1071813505
1610612736
1070052739
2147483648
1072543860
2147483648
1071205383
1073741824
1071980019
1610612736
1072310314
1073741824
1070569755
0
1069004887
0
1071575191
1073741824
1069380208
0
1071704102
2147483648
1072464724
3758096384
1071461100
1073741824
1072693247
2684354560
69
