Uvec
2226355706
1071426494
2147483648
1072344933
2684354560
1069214870
0
1071659600
1073741824
1072665740
1610612736
1071958788
1610612736
1069584553
0
1071656124
1073741824
1070334068
2147483648
1070575807
0
1072333232
2147483648
1072105339
1073741824
1072140398
536870912
1068188492
0
1071917014
536870912
1071863777
1610612736
1071268919
1073741824
1070856702
0
1071768740
1610612736
1067701922
0
1070492104
2147483648
1070994434
2147483648
1072366500
1610612736
1072609269
1610612736
1067786246
0
1072507405
0
1072587243
0
1072191684
2147483648
1072047915
3758096384
1072131954
0
1069061787
0
1072165418
1610612736
1071887732
1610612736
1070638710
3221225472
1069674136
2147483648
1072166552
3221225472
1072448639
0
1072534006
536870912
1070721850
1073741824
1071164837
0
1071916226
1610612736
1071661138
3758096384
1072027885
536870912
1071182384
1073741824
1072287465
1610612736
1071949205
1610612736
1069183584
0
1071639934
2147483648
1072616738
1073741824
1072602421
1610612736
1072530631
3221225472
1071801966
536870912
1068776956
0
1072093059
3758096384
1069714303
0
1071291599
3221225472
1071269505
1073741824
1071842001
3758096384
1072252603
3221225472
1071143515
3221225472
1071368640
3221225472
1070135743
2147483648
1071801770
0
1072251519
3758096384
1071477258
3221225472
1069731992
2147483648
1071849921
2684354560
1070936162
2147483648
1071822524
1073741824
1072115161
2684354560
1067059512
0
1071904056
3221225472
1071980861
2147483648
1068695516
0
1068819454
0
1069828850
2147483648
1071697507
3758096384
1069336854
0
1070189802
0
1072130179
536870912
1068223914
0
1071432696
1073741824
1071800713
3758096384
1071807576
0
1072214226
1073741824
1070221467
0
1069965818
2147483648
1069815004
0
1072550129
0
1069204876
0
1072507337
0
1068776962
0
1072313911
1610612736
1071777189
0
1072385661
0
1072411756
1610612736
1072275593
1610612736
1072286498
0
1071461100
1073741824
1072693247
2684354560
4
