Uvec
2226355706
1070292789
2147483648
1070256375
2147483648
1072228933
536870912
1071723885
1073741824
1071121747
2147483648
1070879175
2147483648
1068611825
0
1072486417
3758096384
1067691198
0
1070751086
3221225472
1071653422
2684354560
1072572822
536870912
1069697170
0
1071822197
1610612736
1072289104
536870912
1071418357
2147483648
1072112429
2684354560
1072158770
2684354560
1070055283
2147483648
1072206100
3758096384
1072428537
1073741824
1068627236
0
1071472507
1073741824
1070066736
2147483648
1071507466
0
1072687513
536870912
1067464874
0
1071726719
536870912
1070665608
1073741824
1070788627
2147483648
1071372841
2147483648
1068086902
0
1070112693
2147483648
1071720919
2684354560
1072592692
3758096384
1071961012
3758096384
1067824218
0
1071335609
0
1071497417
1073741824
1071982095
1610612736
1070435839
2147483648
1072169931
3758096384
1072026154
3758096384
1071690913
2147483648
1071760326
1073741824
1070957898
0
1072368245
2147483648
1072491724
0
1071260632
2147483648
1072330128
2147483648
1071607940
2147483648
1072519944
3758096384
1067009516
0
1071953264
1610612736
1071549286
2147483648
1072103766
1610612736
1068531210
0
1070012118
0
1072192434
1610612736
1072669016
3221225472
1067813222
0
1070111469
0
1072156203
1073741824
1070519063
2147483648
1070671825
1073741824
1071522668
0
1072448668
1610612736
1072147910
2147483648
1070999020
0
1067493336
0
1072097607
3221225472
1070792126
0
1065615248
0
1071652258
1610612736
1072244170
2684354560
1072265026
3758096384
1071916367
3221225472
1070014467
2147483648
1072261013
1610612736
1072048188
3221225472
1072234364
1610612736
1071466287
1073741824
1070491920
0
1069313403
0
1072499560
3221225472
1071970375
1073741824
1072396612
536870912
1072026550
1073741824
1070986290
1073741824
1070913088
3221225472
1072683212
1073741824
1071677592
0
1070980196
1073741824
1071820728
1073741824
1071715505
536870912
1069268272
0
1068813537
0
1072026513
2147483648
1071461100
1073741824
1072693247
2684354560
41
