Uvec
2226355706
1072613427
1610612736
1071816486
2147483648
1072446596
2147483648
1070693292
0
1070164283
2147483648
1071372455
2147483648
1066337600
0
1069052715
0
1071801560
1073741824
1070568494
0
1072605726
536870912
1070549641
2147483648
1067449780
0
1071026663
2147483648
1070917553
3221225472
1071665702
1073741824
1071430702
1073741824
1070783055
0
1067520634
0
1072391648
0
1072277739
1610612736
1071350075
1073741824
1072616096
2684354560
1072531580
0
1072351592
536870912
1070880321
2147483648
1070002632
0
1069830580
2147483648
1071697833
0
1067462510
0
1072381983
0
1071987193
0
1071488651
2147483648
1072188537
0
1072480607
536870912
1065772024
0
1071996323
1610612736
1071972015
3221225472
1068825123
0
1072262300
2147483648
1072058791
3221225472
1072311841
1610612736
1072266318
3758096384
1069277048
0
1072417594
2684354560
1071668349
2147483648
1072388467
1610612736
1072522411
1610612736
1072012847
3758096384
1071645516
1073741824
1071385852
3221225472
1070096993
0
1072388811
2684354560
1072100532
1610612736
1072476893
3758096384
1069823778
2147483648
1070418785
0
1072536973
2684354560
1070699516
0
1070631708
0
1072238214
536870912
1071736805
2684354560
1071663051
2684354560
1069760537
2147483648
1071880165
3758096384
1071749557
0
1071151235
1073741824
1072051775
2147483648
1071307023
1073741824
1071447328
2147483648
1072149026
3221225472
1071236760
2147483648
1072309554
3758096384
1072428528
2147483648
1071783399
2147483648
1068227860
0
1069648785
2147483648
1070753557
2147483648
1070126119
2147483648
1071070872
0
1071939667
0
1071916569
1073741824
1069021916
0
1072501582
1610612736
1072289578
1073741824
1069356002
0
1072480451
3758096384
1067755848
0
1072456093
536870912
1072582446
3758096384
1069551708
0
1069320563
0
1065541160
0
1072306713
1073741824
1070129808
2147483648
1071364348
2147483648
1072348894
536870912
1071712987
0
1071461100
1073741824
1072693247
2684354560
3
