Uvec
2226355706
1071130026
0
1067093072
0
1069672846
2147483648
1070386803
0
1072338561
1610612736
1072419030
1610612736
1071819262
1610612736
1072197867
536870912
1072468051
1073741824
1072357633
3758096384
1072640507
1610612736
1067581538
0
1071408525
2147483648
1071081684
0
1066881996
0
1071697563
2147483648
1070951325
3221225472
1072121096
2684354560
1071869135
3758096384
1070984988
0
1071914262
536870912
1065854888
0
1071656761
3758096384
1072462901
1610612736
1069238062
0
1072482923
1073741824
1071711732
536870912
1071930438
536870912
1070685982
1073741824
1068143910
0
1068592254
0
1072672787
536870912
1071200804
3221225472
1070214023
0
1071400819
2147483648
1064590512
0
1070153364
2147483648
1066727620
0
1071579397
2147483648
1070781640
2147483648
1072335214
536870912
1071231688
2147483648
1069477618
0
1071436980
0
1072352580
2684354560
1072230576
1610612736
1072028077
3221225472
1070723540
2147483648
1072161889
3758096384
1069893112
2147483648
1072302670
1073741824
1070283945
0
1071812050
1610612736
1071719728
0
1072679288
2684354560
1071801213
2147483648
1069570221
2147483648
1072117103
536870912
1072569030
2147483648
1069637523
0
1072598064
0
1071940170
3758096384
1071604133
1073741824
1071667405
536870912
1070672112
1073741824
1072634896
0
1071566894
1073741824
1072073335
2147483648
1071108868
2147483648
1072161833
1610612736
1069922080
2147483648
1068425098
0
1071846811
1610612736
1071850551
3221225472
1069376527
0
1071937067
0
1072455137
536870912
1071666630
2147483648
1066163648
0
1071665618
1610612736
1071364185
3221225472
1071975185
2684354560
1071346737
2147483648
1069859742
0
1070686581
2147483648
1072440751
2147483648
1072656763
0
1070108955
0
1072034817
0
1072619679
1610612736
1072085929
0
1071467139
3221225472
1069746660
2147483648
1069187873
0
1070999070
0
1072232764
2684354560
1071659908
1610612736
1071784532
3221225472
1071461100
1073741824
1072693247
2684354560
72
