Uvec
2226355706
1072524086
3221225472
1072692161
1610612736
1072179501
3221225472
1071532054
3221225472
1071567035
0
1070851420
2147483648
1071791671
536870912
1072472616
2684354560
1071747748
1610612736
1068602944
0
1071348513
3221225472
1070259576
2147483648
1069714754
0
1068332906
0
1071875136
0
1072603961
2684354560
1071890025
2684354560
1072326132
3758096384
1071283632
2147483648
1072197413
2147483648
1070840806
1073741824
1071653332
3758096384
1071540205
3221225472
1069389232
0
1070331569
2147483648
1072007406
536870912
1070671020
3221225472
1069311645
0
1072163833
536870912
1070380304
2147483648
1070770438
0
1071616180
3221225472
1070933157
0
1072322806
536870912
1069563878
0
1072001240
2684354560
1072104157
536870912
1072280404
1610612736
1071815723
0
1071167563
2147483648
1072404523
2147483648
1069376884
0
1072522374
2147483648
1072526471
3758096384
1072631136
2147483648
1071793755
536870912
1072343015
3221225472
1066339824
0
1070818772
0
1071901231
2147483648
1072364004
536870912
1070410414
2147483648
1072514736
1073741824
1064719808
0
1069352638
0
1071753062
1610612736
1070936478
2147483648
1072562007
2147483648
1069650579
2147483648
1072281217
1073741824
1070935173
0
1072298622
1610612736
1070622410
2147483648
1071994401
3221225472
1072546864
1073741824
1072036436
3758096384
1072209034
2684354560
1071396488
2147483648
1072191168
1610612736
1070976850
2147483648
1071073191
1073741824
1072288030
3221225472
1070971595
1073741824
1071329320
3221225472
1071319349
3221225472
1072084108
2684354560
1069573484
2147483648
1072065613
0
1069039668
0
1071116956
3221225472
1068589667
0
1072484506
2147483648
1070689144
1073741824
1071273961
2147483648
1072209739
2147483648
1071296517
3221225472
1071912394
536870912
1071966680
1073741824
1072068845
1073741824
1072595087
3758096384
1072240708
1073741824
1068953108
0
1067033204
0
1072531226
2684354560
1071450145
2147483648
1072331549
0
1071900499
2684354560
1065032384
0
1071461100
1073741824
1072693247
2684354560
29
