Uvec
2226355706
1070698931
0
1072205964
536870912
1072227043
2147483648
1071825966
0
1071190043
3221225472
1070444179
0
1072076847
2147483648
1071951967
2147483648
1072360280
2684354560
1072450779
1610612736
1071908579
3758096384
1070492885
0
1071889630
1610612736
1071422616
1073741824
1071993898
2684354560
1071384385
2147483648
1070884145
3221225472
1071965124
536870912
1072476018
0
1066627216
0
1070555373
2147483648
1072058920
0
1070939840
2147483648
1071258342
3221225472
1072075292
3221225472
1072432179
0
1071781079
1610612736
1071263757
3221225472
1070802894
0
1071929168
1073741824
1065227440
0
1072337576
2147483648
1071753722
2147483648
1071998691
2147483648
1070054341
2147483648
1071818490
3221225472
1070599278
1073741824
1071645563
1073741824
1071909899
1073741824
1072570446
3758096384
1072109947
2147483648
1072205582
2147483648
1072140296
2684354560
1067731384
0
1071841636
0
1071791331
536870912
1071320754
0
1069096351
0
1071752560
2684354560
1072401819
1073741824
1072094230
2684354560
1065857920
0
1072656395
3758096384
1067925568
0
1072410156
2684354560
1072154377
2147483648
1071587230
2147483648
1072335869
2684354560
1071480141
0
1070228823
0
1072128966
0
1072352021
2684354560
1071379790
1073741824
1070660560
0
1072606653
536870912
1072318385
0
1071040819
0
1071444896
2147483648
1071982283
536870912
1071188798
2147483648
1066236648
0
1072132858
3758096384
1071628306
3221225472
1072409432
2147483648
1070641951
3221225472
1070713280
2147483648
1070263598
0
1069269371
0
1071430870
2147483648
1070235574
0
1072674033
1610612736
1071246704
0
1071922721
0
1072481648
1610612736
1068180912
0
1072601828
2147483648
1071674857
2147483648
1072505428
3758096384
1071488361
2147483648
1072600024
2147483648
1068782321
0
1071895626
536870912
1072227281
3221225472
1068838711
0
1072209870
0
1067230340
0
1072450148
2147483648
1071724775
536870912
1071461100
1073741824
1072693247
2684354560
21
