Uvec
2226355706
1071858083
2147483648
1072268002
0
1071924898
536870912
1072272840
3221225472
1072083859
1073741824
1072573457
536870912
1071057250
1073741824
1071998747
1073741824
1072412150
1073741824
1071830776
536870912
1071937232
2684354560
1071622870
1073741824
1072226400
0
1072166588
3221225472
1071489695
3221225472
1064004896
0
1070681933
1073741824
1069981966
0
1072331442
1073741824
1071750477
2147483648
1071716907
1073741824
1072501319
2684354560
1069897013
2147483648
1071860147
1610612736
1072661288
2147483648
1070502497
2147483648
1072258114
3221225472
1072219864
2147483648
1068780526
0
1067174656
0
1070625076
1073741824
1071739372
3758096384
1072073996
1073741824
1067255452
0
1066114632
0
1071970146
1073741824
1065784568
0
1070925041
3221225472
1072602914
1073741824
1070119504
2147483648
1071442474
1073741824
1070971392
3221225472
1071535825
1073741824
1071996806
3758096384
1067760540
0
1062331648
0
1072553567
1610612736
1072259185
536870912
1071686400
1073741824
1072185175
1073741824
1072179614
2684354560
1072090552
1073741824
1072310158
0
1072463400
2147483648
1072030668
1610612736
1071758034
1073741824
1071891048
3758096384
1070223802
0
1071990268
1610612736
1072050692
2147483648
1069034342
0
1072390534
3758096384
1071858839
3758096384
1072300129
1073741824
1071916739
2684354560
1070319259
2147483648
1072395542
2147483648
1071975022
536870912
1072227138
2147483648
1071161824
0
1072396937
3221225472
1071083510
0
1072147982
2684354560
1071645667
0
1069562021
2147483648
1072638355
536870912
1069499287
0
1071784585
1073741824
1071025761
3221225472
1071804925
3758096384
1069998671
2147483648
1072403020
536870912
1072375457
1610612736
1070930521
3221225472
1072626162
1610612736
1072447229
1073741824
1072339904
2147483648
1072418671
3221225472
1071089608
0
1069340790
0
1071626917
3221225472
1069659553
0
1072046628
536870912
1070507014
2147483648
1072326817
1073741824
1068902243
0
1070795658
1073741824
1072461344
2684354560
1071461100
1073741824
1072693247
2684354560
80
