Uvec
2226355706
1072204245
3758096384
1071046916
3221225472
1071940439
1073741824
1070602514
2147483648
1072061564
0
1072162659
3221225472
1072606569
3758096384
1072323823
536870912
1072284587
536870912
1071380870
3221225472
1071056093
3221225472
1062690112
0
1070878732
2147483648
1068815845
0
1072280722
536870912
1068512572
0
1072199884
1073741824
1068375306
0
1069477501
0
1070961529
2147483648
1071206698
3221225472
1072337548
2147483648
1071798383
536870912
1071022574
3221225472
1072678934
2147483648
1070142161
2147483648
1071054546
0
1071867751
1073741824
1069955758
2147483648
1072659692
536870912
1069789150
0
1071680651
2684354560
1071669592
3221225472
1072586640
3221225472
1072147237
1610612736
1071966655
3221225472
1065446552
0
1072411200
2147483648
1072517516
3758096384
1072067591
1073741824
1066468784
0
1071963159
3221225472
1068927728
0
1072369361
2684354560
1072057685
1073741824
1071294781
1073741824
1069768648
0
1071884514
1610612736
1070934311
3221225472
1067403384
0
1071345895
3221225472
1072066718
2684354560
1069495445
0
1072068884
536870912
1072012244
2684354560
1072336383
536870912
1070690645
2147483648
1072630403
0
1072356612
536870912
1072271914
0
1072261931
1073741824
1072399406
3221225472
1068543981
0
1072347087
536870912
1072288381
0
1072621333
536870912
1070113091
0
1072649672
2684354560
1072525123
2684354560
1072688034
1610612736
1069309876
0
1069848118
0
1072267536
1610612736
1071964911
1610612736
1070074458
0
1072406390
2684354560
1071415061
2147483648
1072558005
2147483648
1069197571
0
1069422397
0
1072445232
536870912
1071702693
3758096384
1072116254
3221225472
1071451555
2147483648
1072157458
536870912
1070703307
0
1072557554
3758096384
1070617675
1073741824
1069025879
0
1072677487
1610612736
1071866955
2147483648
1072550876
2147483648
1071884403
536870912
1070598822
0
1072479968
0
1072435727
1610612736
1071879154
0
1070984683
0
1071461100
1073741824
1072693247
2684354560
95
