Uvec
2226355706
1072669978
1610612736
1072286541
2684354560
1072627990
3758096384
1071950007
1073741824
1071761896
0
1069949308
2147483648
1071937898
1073741824
1070679321
3221225472
1071014878
2147483648
1068184886
0
1068657729
0
1070187937
2147483648
1071697473
2147483648
1071665567
1610612736
1071651051
1610612736
1072152189
1610612736
1069808535
0
1071449501
1073741824
1071627221
1073741824
1064935520
0
1067407412
0
1070905831
3221225472
1070279684
2147483648
1071705644
536870912
1072179003
3221225472
1064530096
0
1071617261
2147483648
1072457877
2684354560
1072580016
2147483648
1071431213
3221225472
1072296620
3221225472
1070947182
2147483648
1072593442
2684354560
1070256645
0
1072581065
3758096384
1067754622
0
1071520940
2147483648
1072241880
536870912
1070600467
0
1069902396
2147483648
1072098355
0
1070232825
2147483648
1072413123
3758096384
1070928123
1073741824
1070972785
1073741824
1071081166
2147483648
1072594802
3221225472
1072485076
3221225472
1071907473
0
1068606045
0
1071953540
3758096384
1071953851
2147483648
1072104431
536870912
1070926539
2147483648
1070628708
2147483648
1072011439
1610612736
1070389768
0
1072671511
3221225472
1072620713
1073741824
1070138232
0
1070552741
2147483648
1071876434
3758096384
1070314462
0
1072474474
2147483648
1072263711
2147483648
1071468230
3221225472
1071690542
2684354560
1069625138
0
1072679087
3758096384
1072456442
0
1072546096
3758096384
1072200652
0
1069822455
0
1068950845
0
1071854757
536870912
1072510945
2684354560
1071009192
3221225472
1071869916
1610612736
1072161082
2147483648
1071681305
2684354560
1069773909
0
1071632803
2147483648
1072297973
1073741824
1072370134
3758096384
1068941955
0
1071689340
2684354560
1071296998
0
1066803440
0
1072435072
3221225472
1070948792
3221225472
1071407375
1073741824
1070497937
0
1070105877
0
1072322071
0
1072099257
1610612736
1072466830
1610612736
1070842481
3221225472
1071707644
2684354560
1071461100
1073741824
1072693247
2684354560
19
