Uvec
2226355706
1060631296
0
1072071465
3758096384
1068489278
0
1071704286
2147483648
1071572682
0
1071003875
2147483648
1071183927
3221225472
1071979171
3221225472
1071005148
1073741824
1067788246
0
1069094106
0
1069044240
0
1071036870
1073741824
1072609128
3221225472
1071984070
1073741824
1072378626
0
1071300130
0
1071856848
2147483648
1072279510
1073741824
1068748401
0
1071674566
1073741824
1067581060
0
1071724601
2684354560
1072201005
2147483648
1072093855
3758096384
1064695504
0
1072536272
0
1070449479
2147483648
1072665326
3221225472
1068430482
0
1072037767
1610612736
1072519029
2147483648
1072186242
3221225472
1072514111
2684354560
1071991791
3758096384
1070627468
1073741824
1071281734
0
1070238222
2147483648
1071713282
3758096384
1072564541
2147483648
1071699554
1073741824
1071551739
1073741824
1071790794
2684354560
1070749393
2147483648
1072119505
3221225472
1070425595
0
1072221343
2147483648
1071321145
0
1071908132
3758096384
1072065899
1610612736
1070609073
2147483648
1068927773
0
1070320550
0
1070103063
0
1070795630
0
1069565831
0
1071331399
3221225472
1071350254
1073741824
1070622211
3221225472
1072498126
3758096384
1070128708
2147483648
1071257106
1073741824
1070575970
2147483648
1070266786
2147483648
1066804164
0
1072007726
3758096384
1071838857
536870912
1070927065
2147483648
1072647173
0
1070088747
2147483648
1072083034
0
1070807347
3221225472
1072684598
2147483648
1072230529
1073741824
1072646432
2147483648
1072085093
2147483648
1071801197
1610612736
1067669728
0
1071890408
536870912
1071014189
1073741824
1072331595
536870912
1069093558
0
1072439648
2147483648
1072369904
3221225472
1070682158
0
1072000020
1610612736
1069640749
2147483648
1070805602
3221225472
1069789910
2147483648
1072573612
1073741824
1071676985
536870912
1071391380
0
1071534651
3221225472
1070599922
0
1072121867
536870912
1069103501
0
1071934527
2147483648
1071738314
2147483648
1071461100
1073741824
1072693247
2684354560
7
