Uvec
2226355706
1071914845
2147483648
1069549999
2147483648
1072237276
2147483648
1070661998
3221225472
1070509227
2147483648
1069950492
2147483648
1071939514
2147483648
1072245741
3758096384
1071603047
2147483648
1071241813
0
1070938561
1073741824
1071839481
2684354560
1072046289
536870912
1070568033
2147483648
1071815598
3221225472
1071751647
1073741824
1070721474
2147483648
1066852544
0
1072001418
1610612736
1070493403
0
1070774889
3221225472
1065330576
0
1072111864
1610612736
1071977545
3221225472
1069915227
0
1072019204
1073741824
1071563036
2147483648
1070899440
0
1071584477
1073741824
1067350292
0
1071586777
1073741824
1071788265
0
1072176059
3221225472
1071940195
3221225472
1071271787
2147483648
1071261741
2147483648
1067638470
0
1072503889
1073741824
1070846572
3221225472
1071749195
0
1070365999
0
1072173473
2684354560
1072048756
3221225472
1071761920
2684354560
1071859631
1073741824
1071376104
2147483648
1068576611
0
1071417639
3221225472
1071929308
2147483648
1072501232
536870912
1072392506
3221225472
1072175707
536870912
1072144034
2684354560
1072375790
1610612736
1069742087
2147483648
1071909304
0
1071309480
2147483648
1071742550
2684354560
1071964421
1073741824
1072339293
2684354560
1071999634
1610612736
1071537277
2147483648
1070839928
0
1071992320
1610612736
1072458202
1073741824
1070792671
2147483648
1072288153
1610612736
1071361218
0
1070690188
1073741824
1071873637
1610612736
1068836841
0
1071665092
536870912
1066887312
0
1072599806
2147483648
1071607310
0
1067574142
0
1071926870
1610612736
1070408618
0
1071178572
1073741824
1070625797
0
1071453569
2147483648
1071877819
0
1069109038
0
1072661396
2147483648
1071725355
1610612736
1071925461
2684354560
1072173224
536870912
1070527371
0
1072013627
536870912
1070200298
0
1071266383
3221225472
1072222028
1073741824
1072375563
2684354560
1072016034
2147483648
1071157353
0
1072190307
3758096384
1072520503
536870912
1069048670
0
1071461100
1073741824
1072693247
2684354560
72
