Uvec
2226355706
1070259732
2147483648
1070803113
0
1068351402
0
1071669765
2147483648
1071909637
2684354560
1069636213
2147483648
1070817019
3221225472
1072157793
1073741824
1071615567
1073741824
1072551885
3758096384
1071029521
3221225472
1070657324
0
1070544576
0
1070645382
1073741824
1070954080
0
1068665652
0
1072085495
536870912
1072065084
3221225472
1072194750
1610612736
1071900821
0
1069987369
0
1065039152
0
1070691310
2147483648
1072224348
536870912
1072689406
3221225472
1072592705
1073741824
1072299271
3221225472
1072177929
2684354560
1072345100
1610612736
1067518572
0
1071990645
3758096384
1072366246
3221225472
1071842420
0
1071987031
0
1071859499
0
1070406940
2147483648
1072378725
1610612736
1071573477
1073741824
1072246580
3221225472
1070868502
0
1072150857
2684354560
1066958656
0
1070819051
1073741824
1071617950
2147483648
1072075344
1610612736
1072383032
3221225472
1071669515
2147483648
1072531801
0
1067322852
0
1068979557
0
1071935046
2147483648
1070775076
0
1070924985
1073741824
1071841513
2147483648
1070056274
0
1072115812
0
1072455768
536870912
1071997257
536870912
1070351139
0
1069221232
0
1070354908
0
1067331468
0
1071810390
2684354560
1070525705
0
1067299976
0
1072079052
2684354560
1071195646
1073741824
1069770302
0
1068854969
0
1071577279
3221225472
1072620757
1073741824
1070659131
1073741824
1071745345
2684354560
1072629095
2147483648
1065261280
0
1070477101
2147483648
1072573709
3758096384
1069204222
0
1068647823
0
1068165882
0
1070685309
3221225472
1069103675
0
1072483306
1073741824
1070632293
3221225472
1071425794
0
1072272428
536870912
1072162948
2147483648
1068563191
0
1071584032
1073741824
1070064988
2147483648
1070455994
2147483648
1070957228
2147483648
1070275600
2147483648
1071893406
0
1072630876
0
1072538923
1610612736
1071921966
2684354560
1071428333
0
1071461100
1073741824
1072693247
2684354560
91
