Uvec
2226355706
1071867659
1610612736
1070746973
2147483648
1067830604
0
1069745801
2147483648
1070445585
2147483648
1072605879
0
1071711978
2684354560
1072067734
3221225472
1072278351
1073741824
1067889062
0
1072498534
3221225472
1071655478
3221225472
1069655601
2147483648
1071763941
3221225472
1071644928
2684354560
1072253290
1610612736
1071825171
0
1071396420
1073741824
1072375837
2147483648
1072513331
2684354560
1068699346
0
1070457342
2147483648
1072033373
1073741824
1072079951
3758096384
1071906708
536870912
1072058748
0
1068920350
0
1071242037
0
1069429691
0
1068660648
0
1072623625
0
1071999436
2684354560
1070705428
3221225472
1072320883
1073741824
1071072084
2147483648
1072456546
536870912
1071656224
1073741824
1072322610
3221225472
1071787003
1610612736
1067430288
0
1072206369
1073741824
1072178841
1073741824
1072211975
536870912
1071395112
0
1063251584
0
1072146945
3221225472
1071952195
1610612736
1070043095
2147483648
1072195290
1610612736
1071329357
1073741824
1070031607
0
1071273345
0
1070112619
2147483648
1071546615
3221225472
1070803477
2147483648
1064015936
0
1070055542
2147483648
1072291872
2684354560
1071202719
0
1071308267
1073741824
1071973236
3758096384
1072157651
3758096384
1072267021
3221225472
1070596944
0
1071184487
3221225472
1069481039
0
1072206455
0
1071722081
1610612736
1064798608
0
1071935958
0
1071749668
2684354560
1069542834
0
1069825596
2147483648
1071682211
2684354560
1070830247
0
1070619764
2147483648
1071946708
2147483648
1070803644
3221225472
1071183531
0
1072021450
3758096384
1070522870
2147483648
1070395927
2147483648
1071096021
0
1072460617
1073741824
1069434810
0
1072348358
2147483648
1070912373
0
1071342541
0
1072083458
3221225472
1070681789
2147483648
1071567107
1073741824
1072069020
536870912
1071375990
1073741824
1070165576
2147483648
1070837143
0
1071724854
536870912
1072132333
536870912
1071419411
0
1071461100
1073741824
1072693247
2684354560
9
