Uvec
2226355706
1071987109
536870912
1069326439
0
1071331567
0
1071023535
2147483648
1071173056
1073741824
1072544024
3758096384
1071801730
0
1072171264
0
1071892833
1073741824
1071031760
0
1072133020
0
1072375171
3221225472
1071517925
0
1067076416
0
1071883481
3758096384
1068584830
0
1072535151
536870912
1071552914
3221225472
1071324086
3221225472
1072169636
3221225472
1070725082
2147483648
1072554892
536870912
1072589890
3221225472
1072651436
1073741824
1070791551
2147483648
1072668929
2147483648
1070908200
2147483648
1072656964
2147483648
1071308875
3221225472
1070464527
0
1072411980
0
1071893043
3221225472
1070737458
0
1070934233
1073741824
1070487899
0
1070820231
1073741824
1072671528
0
1072220335
2684354560
1070108320
0
1072275162
3221225472
1069702774
0
1070837667
3221225472
1072342481
2684354560
1067788772
0
1069958509
2147483648
1072495385
3221225472
1071824609
2147483648
1072226859
536870912
1072683826
2147483648
1071391515
2147483648
1071780815
2147483648
1071386298
2147483648
1071922169
1610612736
1070809217
2147483648
1067349808
0
1070359821
0
1071719177
3758096384
1071364795
2147483648
1070716121
2147483648
1072374764
536870912
1071957187
1073741824
1071037929
3221225472
1072496875
3221225472
1072309483
1073741824
1071682992
1610612736
1071704939
3221225472
1072411287
2147483648
1071800366
536870912
1070868108
2147483648
1071095239
0
1071687669
0
1072569463
3221225472
1071555083
3221225472
1069638906
0
1072088268
3221225472
1070082367
0
1072167453
1610612736
1071489485
0
1072011050
1610612736
1072095657
2684354560
1072627007
1610612736
1071677657
3221225472
1071226812
3221225472
1067014148
0
1070468974
2147483648
1071977146
2684354560
1070344497
2147483648
1071722581
2684354560
1072125080
3221225472
1070470639
2147483648
1071754607
0
1071059746
2147483648
1071001336
2147483648
1069682834
0
1072254456
2684354560
1069697578
0
1072639855
1610612736
1071018551
0
1071461100
1073741824
1072693247
2684354560
53
