Uvec
2226355706
1072633156
536870912
1068032234
0
1072162474
2684354560
1071049834
0
1071489105
2147483648
1071148932
2147483648
1070339767
2147483648
1070208879
0
1071101767
2147483648
1072288038
536870912
1072320684
2684354560
1069068786
0
1068009884
0
1072145485
2684354560
1071421489
1073741824
1071647627
1073741824
1064257888
0
1072475853
2147483648
1072557394
3221225472
1071798549
1610612736
1072213600
1073741824
1071874039
0
1069151943
0
1072292806
2684354560
1072104706
536870912
1067969310
0
1071816762
2147483648
1069565993
0
1072658775
536870912
1072673101
3758096384
1071774894
1073741824
1071681877
2684354560
1069916749
0
1070918110
3221225472
1071772577
2147483648
1069431128
0
1071163547
1073741824
1072538546
2684354560
1072330763
536870912
1072049869
2147483648
1063067008
0
1068029392
0
1070957994
2147483648
1071005398
3221225472
1071153902
1073741824
1065623232
0
1070975496
0
1072533656
0
1070738461
0
1072111234
1073741824
1072462773
2147483648
1072252232
2147483648
1071517078
0
1071722559
0
1072096222
3221225472
1067835104
0
1072338721
1610612736
1071340301
1073741824
1072323033
2147483648
1071507090
3221225472
1068465166
0
1071985109
3221225472
1070938661
1073741824
1070853337
0
1071406771
3221225472
1072195856
1073741824
1071887224
3758096384
1070222097
2147483648
1071686268
2684354560
1069777955
0
1069635160
0
1069308186
0
1071564117
1073741824
1071889504
0
1071151714
1073741824
1070690565
1073741824
1071421965
0
1070332656
2147483648
1072520826
536870912
1059240960
0
1071689312
1073741824
1068133278
0
1070258713
0
1067219132
0
1072429375
3758096384
1072162151
0
1066450336
0
1071131078
0
1072681905
3221225472
1070873647
1073741824
1071792737
2684354560
1070642090
3221225472
1072150594
0
1071797072
3758096384
1070413720
0
1071299969
0
1071697845
3221225472
1071865255
1610612736
1071461100
1073741824
1072693247
2684354560
43
