Uvec
2226355706
1071990937
2147483648
1071800622
536870912
1067206548
0
1068834410
0
1071109271
2147483648
1071662063
2147483648
1072159352
0
1072001956
0
1072609242
536870912
1071267381
3221225472
1072258117
0
1069177970
0
1072491358
2684354560
1072511185
536870912
1072047074
536870912
1067562272
0
1071662458
3221225472
1071853190
2147483648
1067497586
0
1071386753
1073741824
1071095744
0
1069007408
0
1071892191
2147483648
1072325195
3221225472
1070440445
0
1072224544
0
1068714725
0
1072345336
1610612736
1072147663
2684354560
1071093633
3221225472
1072185480
2147483648
1071964578
3758096384
1072185163
3758096384
1071079179
0
1071953642
3758096384
1064130144
0
1071325192
2147483648
1072652173
2147483648
1072180287
3758096384
1071252164
0
1067917274
0
1069671733
2147483648
1071551180
3221225472
1072410202
0
1072104775
1610612736
1072439865
1610612736
1072158759
3221225472
1072601978
1610612736
1071292129
2147483648
1071522185
2147483648
1071974352
3758096384
1070754255
3221225472
1067038384
0
1072359118
2147483648
1070947184
2147483648
1069061233
0
1070697127
2147483648
1072262623
2147483648
1072365639
3221225472
1071657564
2684354560
1071248399
3221225472
1072115780
536870912
1071570059
2147483648
1072044487
536870912
1071975231
0
1072225529
2147483648
1071077477
3221225472
1071853407
1610612736
1071992878
1610612736
1070642363
2147483648
1071615237
2147483648
1071615981
3221225472
1066826184
0
1072254739
1073741824
1072381593
3758096384
1072102347
2147483648
1068458430
0
1070685172
2147483648
1069775280
2147483648
1072349198
1610612736
1072380339
1610612736
1067546500
0
1071221235
3221225472
1072633638
1073741824
1068505079
0
1072089181
2684354560
1071728569
3758096384
1072410599
1610612736
1071987042
536870912
1072001245
1073741824
1070967211
0
1071750921
536870912
1071895745
0
1072186769
0
1072366618
1073741824
1072125520
3758096384
1070753225
1073741824
1072284830
1073741824
1071461100
1073741824
1072693247
2684354560
33
