Uvec
2226355706
1071804212
1073741824
1072030551
3758096384
1068631275
0
1070311797
2147483648
1070685066
2147483648
1070731813
1073741824
1072346611
536870912
1071855599
1073741824
1070825660
2147483648
1070958778
0
1070036301
0
1070655378
0
1071275879
1073741824
1072072662
1073741824
1071868248
536870912
1070606898
2147483648
1065897720
0
1071889430
1610612736
1072309789
1073741824
1070077581
2147483648
1072658412
3221225472
1071784833
3758096384
1069124376
0
1071811696
536870912
1072283727
1610612736
1069750440
0
1069661284
2147483648
1070686107
3221225472
1067617398
0
1072290465
3758096384
1072233605
1610612736
1069159284
0
1071347389
0
1069046710
0
1071996008
0
1071470015
2147483648
1071396078
2147483648
1072468617
2684354560
1066468356
0
1069654010
2147483648
1071145338
0
1069644330
0
1071178426
3221225472
1071855913
2684354560
1072323866
536870912
1072363495
3221225472
1064767008
0
1072500162
536870912
1070940000
3221225472
1072509338
536870912
1069020681
0
1071277233
2147483648
1071393492
0
1071734037
1073741824
1072652031
536870912
1072572262
2684354560
1071498438
0
1071934029
3221225472
1071902296
536870912
1071156955
1073741824
1072396419
3758096384
1070715193
2147483648
1072361127
1073741824
1072068378
2147483648
1071901577
2147483648
1070655180
0
1071928458
536870912
1072177039
2684354560
1072108623
1610612736
1072117773
536870912
1067770122
0
1069661905
2147483648
1071951170
3758096384
1070393583
0
1072396419
3758096384
1072068707
2684354560
1071452616
0
1071788845
0
1072513390
0
1071291675
2147483648
1072441860
3221225472
1072528897
3758096384
1072027530
2147483648
1065623296
0
1069902020
0
1072643875
0
1072658098
3758096384
1070644771
0
1072155145
3221225472
1071224745
0
1071024105
0
1071084377
2147483648
1071832061
2684354560
1071497271
3221225472
1070125817
0
1071361723
2147483648
1070728450
2147483648
1071854705
1610612736
1071461100
1073741824
1072693247
2684354560
62
