Uvec
2226355706
1071987422
536870912
1070883049
2147483648
1072462468
1073741824
1070988971
1073741824
1070931917
1073741824
1071570318
2147483648
1066006168
0
1069959923
0
1072621407
3758096384
1071755750
3221225472
1071651922
1610612736
1072077840
2147483648
1070901189
1073741824
1071355839
2147483648
1070731487
0
1072413868
1610612736
1069594123
2147483648
1071831148
2684354560
1072207177
3221225472
1071701278
2147483648
1069629834
2147483648
1070544393
0
1072469670
1610612736
1070390447
0
1069682439
0
1071883423
1610612736
1071748619
1073741824
1071848111
2147483648
1071781553
1610612736
1071827824
1610612736
1072108239
0
1071129168
2147483648
1069596166
2147483648
1063760704
0
1072593018
2147483648
1071385139
3221225472
1069784359
0
1071845710
3758096384
1071693192
0
1069810370
2147483648
1072360107
1073741824
1071210065
1073741824
1071964659
1610612736
1070920261
3221225472
1072665605
1610612736
1071660131
2684354560
1072063831
2684354560
1068520621
0
1071743147
3221225472
1072199801
3758096384
1072539051
3758096384
1070958301
3221225472
1070842418
1073741824
1071595842
3221225472
1072635577
536870912
1070647905
0
1071697873
3221225472
1069886312
0
1070806022
1073741824
1068813327
0
1071339707
0
1072571782
3758096384
1072128696
0
1072356456
536870912
1068852395
0
1070722398
2147483648
1072259458
0
1072566461
536870912
1071821506
2684354560
1071730750
3221225472
1066609804
0
1069746338
2147483648
1066872852
0
1072456596
1073741824
1072430300
1073741824
1069947555
2147483648
1072294017
2684354560
1072282071
3758096384
1072370112
3221225472
1071986498
1610612736
1068742602
0
1072448183
0
1071014426
3221225472
1070172030
0
1072038847
536870912
1070202514
2147483648
1071298954
1073741824
1069461575
0
1068646844
0
1070265562
0
1070416989
2147483648
1072163570
2147483648
1072036995
2684354560
1070492650
2147483648
1069579665
0
1062460288
0
1071665758
536870912
1072167288
1610612736
1071461100
1073741824
1072693247
2684354560
77
