Uvec
2226355706
1071185277
3221225472
1072473876
1073741824
1072359316
536870912
1070075369
2147483648
1071385051
0
1072455005
1073741824
1069305323
0
1071851618
3758096384
1071303826
2147483648
1071971176
2684354560
1072536620
3221225472
1072135713
1073741824
1071641539
3221225472
1069666779
0
1068530867
0
1072206071
1610612736
1070138003
2147483648
1071260576
0
1071877399
0
1072038727
3221225472
1069176859
0
1072203797
2684354560
1070015530
2147483648
1069615964
0
1070876024
2147483648
1072139319
2684354560
1072524701
536870912
1072062393
2684354560
1069428292
0
1065961528
0
1071610258
3221225472
1067382664
0
1072339668
0
1072358363
3221225472
1069394000
0
1071908773
3221225472
1072635261
3221225472
1071501465
0
1070644640
0
1071686364
1073741824
1071500208
0
1070076025
0
1072213540
0
1072572490
2684354560
1071700276
2684354560
1071122474
1073741824
1066425704
0
1066927072
0
1071745060
3758096384
1070057504
0
1071988813
3221225472
1072398431
2147483648
1071028611
1073741824
1071898341
2147483648
1071639115
0
1072329197
1073741824
1072187563
3221225472
1069658563
0
1072684052
3758096384
1071970163
2684354560
1069589374
0
1072412719
1073741824
1071877936
2147483648
1072208631
1610612736
1072189721
3758096384
1072430162
536870912
1071873281
536870912
1071558899
0
1071068727
2147483648
1072510842
1610612736
1072454088
3221225472
1072515823
536870912
1071772355
536870912
1068797925
0
1072423485
3221225472
1071569432
1073741824
1072580416
3221225472
1070970131
2147483648
1072502091
2147483648
1071024751
1073741824
1072601003
3221225472
1072108077
2684354560
1072624559
0
1072583840
536870912
1072404207
1610612736
1072101446
0
1072269707
536870912
1071716015
3221225472
1070491964
0
1071825476
2147483648
1072067912
536870912
1070706953
2147483648
1071719131
3221225472
1072029510
3221225472
1067870314
0
1071008266
2147483648
1072011462
3758096384
1071797272
1610612736
1071461100
1073741824
1072693247
2684354560
16
