Uvec
2226355706
1069697226
2147483648
1071296733
3221225472
1072625421
3221225472
1071645470
2684354560
1070303036
0
1068636557
0
1071926178
1610612736
1072655923
1610612736
1066759472
0
1071791696
1073741824
1072587095
1073741824
1071469530
2147483648
1071864288
3758096384
1070298750
2147483648
1071724401
3221225472
1071300709
3221225472
1070673340
3221225472
1072399303
1610612736
1072581541
536870912
1072529456
3758096384
1071360277
1073741824
1069742472
0
1072668395
0
1071212148
2147483648
1072639889
536870912
1071918907
0
1072075176
3758096384
1071665003
3758096384
1068709235
0
1068785858
0
1072216479
2684354560
1066967040
0
1072009153
3221225472
1072151059
1610612736
1071862334
3221225472
1071705830
536870912
1072441864
2147483648
1070752518
2147483648
1072095060
1073741824
1071975855
3758096384
1071648867
2147483648
1072470238
3758096384
1071414727
1073741824
1072553698
0
1069117656
0
1071231284
1073741824
1071871149
2147483648
1072161210
0
1069931680
2147483648
1071356606
1073741824
1070829034
3221225472
1071787561
1073741824
1070669475
1073741824
1071196001
1073741824
1070473532
2147483648
1071522276
2147483648
1070878813
2147483648
1070346963
0
1070756107
2147483648
1069268989
0
1072310399
536870912
1067815106
0
1071722116
3221225472
1072507550
0
1071091904
3221225472
1070176627
0
1070859338
1073741824
1072430388
536870912
1070892317
3221225472
1071059034
2147483648
1072094280
1610612736
1064436688
0
1071905154
0
1072100393
3221225472
1071849301
3221225472
1072692271
1073741824
1070445118
2147483648
1071371095
2147483648
1067840862
0
1069277079
0
1071783974
1610612736
1072578931
1073741824
1071714081
2684354560
1072596925
0
1071786726
3758096384
1072489917
3221225472
1070988179
3221225472
1072678844
3758096384
1071776994
2684354560
1072183405
1073741824
1072066829
1610612736
1071956765
2684354560
1069973258
2147483648
1071460821
1073741824
1069434691
0
1070726028
1073741824
1070849213
1073741824
1071966556
2684354560
1071461100
1073741824
1072693247
2684354560
58
