Uvec
2226355706
1068691161
0
1070248146
0
1065930368
0
1071179162
0
1069787250
2147483648
1069295827
0
1072010165
536870912
1069874231
2147483648
1071968849
3758096384
1072644762
2147483648
1071834205
3221225472
1071841338
3758096384
1071192291
0
1069752265
2147483648
1071797922
2147483648
1071359752
3221225472
1070209086
0
1072351581
1073741824
1070784712
1073741824
1072076904
1610612736
1072445378
2147483648
1071739817
0
1072237242
3758096384
1072459152
536870912
1069192044
0
1071614240
2147483648
1071727977
536870912
1070368231
0
1071699594
2684354560
1072251072
3221225472
1071786632
2684354560
1069867982
2147483648
1071443605
2147483648
1072105476
0
1072592353
0
1072080718
536870912
1070766797
3221225472
1070486420
2147483648
1072335935
3221225472
1072245231
3221225472
1070943056
3221225472
1070122242
0
1072381317
2684354560
1072047887
0
1072586308
2147483648
1072584732
1610612736
1071343527
1073741824
1072119074
2684354560
1072020029
1610612736
1071863963
536870912
1070804934
3221225472
1071920888
1073741824
1071436489
3221225472
1071708364
536870912
1072381936
2147483648
1070863290
0
1072485245
0
1071096277
0
1071833711
2147483648
1071172093
3221225472
1072228621
2684354560
1068654793
0
1070289363
2147483648
1071860922
1610612736
1071934051
0
1071922732
1073741824
1070239744
0
1064931440
0
1070980735
0
1071513942
3221225472
1071087325
0
1072127461
3758096384
1071130890
3221225472
1072350713
2684354560
1072394403
3758096384
1070043953
0
1072406045
3221225472
1069576398
2147483648
1071978192
0
1071948177
3221225472
1072028870
536870912
1071793978
2684354560
1072101956
0
1068544471
0
1072014214
0
1071147515
0
1069162526
0
1072424289
0
1070218390
0
1072035045
2147483648
1072190558
2684354560
1069041721
0
1070924371
2147483648
1070785058
3221225472
1071751357
0
1070815726
3221225472
1071797631
3221225472
1072494798
2684354560
1071461100
1073741824
1072693247
2684354560
5
