Uvec
2226355706
1072355478
0
1069854204
0
1072510925
2684354560
1070943419
0
1072075843
1073741824
1071377707
2147483648
1072467431
3758096384
1071372114
3221225472
1071093490
3221225472
1071681205
3221225472
1070107429
2147483648
1071651583
1610612736
1071839115
2684354560
1070751664
3221225472
1071064397
3221225472
1071715644
2684354560
1072465383
2147483648
1071454816
0
1070106542
0
1071755070
2684354560
1067532352
0
1071077828
0
1072511856
2147483648
1071138988
2147483648
1072604120
2147483648
1071738275
2147483648
1072631701
3221225472
1072646669
0
1070671352
3221225472
1071200307
3221225472
1071648075
3221225472
1066447572
0
1072276977
2147483648
1071775608
2147483648
1070777736
0
1070178142
0
1072292167
3758096384
1072560334
1073741824
1071541100
0
1070256820
2147483648
1072623215
536870912
1072032790
2684354560
1071193631
3221225472
1071682257
2684354560
1066368936
0
1070453647
2147483648
1072090711
3758096384
1069264751
0
1067533134
0
1071635801
3221225472
1072344570
2147483648
1070044442
0
1069867431
2147483648
1067739428
0
1070980858
1073741824
1069953712
2147483648
1070606570
1073741824
1069161794
0
1071075241
3221225472
1069988891
2147483648
1071670959
1073741824
1071161870
3221225472
1072668478
2684354560
1071899815
1073741824
1071347522
3221225472
1071901091
2684354560
1069808736
0
1071528114
3221225472
1072556015
3758096384
1072314142
0
1072548336
2684354560
1071819902
2684354560
1071597457
1073741824
1070989803
0
1071867624
2147483648
1069576571
2147483648
1068958658
0
1071042670
3221225472
1070905858
1073741824
1071924968
2147483648
1067834308
0
1072685422
3221225472
1071558308
2147483648
1071272374
1073741824
1071030763
0
1070824483
1073741824
1071627223
3221225472
1071834386
3758096384
1069551237
2147483648
1071878484
1073741824
1071902865
536870912
1072333990
1610612736
1072066237
0
1071039099
2147483648
1071177051
1073741824
1068915931
0
1072543123
1610612736
1072127469
2147483648
1071461100
1073741824
1072693247
2684354560
42
