Uvec
2226355706
1066187160
0
1065789112
0
1069803408
0
1071845501
1610612736
1071947232
536870912
1071847817
0
1071893330
2684354560
1071863473
1073741824
1071651739
2684354560
1071107026
3221225472
1069948476
2147483648
1068924850
0
1069572791
2147483648
1070617460
0
1072588185
1073741824
1072046563
2147483648
1065385224
0
1071695166
0
1070724299
1073741824
1068871802
0
1072500572
3758096384
1068259838
0
1070959735
3221225472
1069525766
0
1072112358
1610612736
1072347672
536870912
1071082345
0
1072099899
2147483648
1071599691
0
1071896419
3758096384
1070648632
3221225472
1072349898
3758096384
1072587171
1073741824
1070706316
1073741824
1072544851
3221225472
1071938318
2147483648
1072381426
1073741824
1071976275
2684354560
1071145385
1073741824
1069791277
0
1072462991
3758096384
1072505242
1610612736
1069849047
0
1070497424
2147483648
1072014527
0
1072416438
3221225472
1072611439
1610612736
1067841354
0
1072249299
1610612736
1072095927
2147483648
1071740136
536870912
1072213183
3758096384
1072663923
1073741824
1069561648
2147483648
1071960203
2684354560
1070639623
0
1070898358
1073741824
1072621902
1610612736
1071523810
2147483648
1072594093
1610612736
1067466982
0
1072287698
3758096384
1070605205
2147483648
1072660414
536870912
1071228213
3221225472
1072453199
2684354560
1072352302
1073741824
1071611241
1073741824
1072201269
1073741824
1069747346
0
1071686328
0
1071936942
2147483648
1071831368
0
1071198672
1073741824
1068606256
0
1070257243
0
1070623837
2147483648
1071565625
1073741824
1071968729
3221225472
1072443717
3221225472
1072219513
2684354560
1072436860
1610612736
1070855730
1073741824
1072476431
536870912
1072378421
3221225472
1070946445
1073741824
1072030505
3758096384
1070570789
0
1071280787
2147483648
1072336134
1610612736
1072270442
2147483648
1070054111
2147483648
1070733925
3221225472
1072041258
1610612736
1068769110
0
1068075510
0
1069403777
0
1069383034
0
1071461100
1073741824
1072693247
2684354560
65
