Uvec
2226355706
1072628222
1610612736
1071403404
0
1071570803
1073741824
1072382052
3221225472
1067443828
0
1072684169
3758096384
1069948384
2147483648
1071825772
1610612736
1070913507
0
1072097626
536870912
1072267986
2684354560
1070272498
0
1071996887
1073741824
1071002104
2147483648
1069130904
0
1071121141
1073741824
1070381860
0
1071985922
1610612736
1066707324
0
1070823239
0
1072111693
0
1072203120
536870912
1071956125
3221225472
1072055705
1073741824
1071779924
2684354560
1070915661
0
1070755906
1073741824
1071784788
536870912
1071969031
2684354560
1070836411
1073741824
1072075487
2147483648
1071188985
3221225472
1071273315
3221225472
1071038379
1073741824
1071159182
3221225472
1071791139
0
1071857776
1073741824
1071603047
2147483648
1071581575
1073741824
1072010391
536870912
1069510499
0
1071966306
2684354560
1072344034
2147483648
1070701015
2147483648
1072299997
536870912
1072604204
3221225472
1069826651
0
1065849648
0
1068457746
0
1072150778
3758096384
1071804136
1610612736
1072176794
0
1068781932
0
1069537732
0
1071931378
536870912
1072242671
536870912
1072269027
3221225472
1070854475
3221225472
1071747005
1073741824
1069686278
0
1070652373
1073741824
1069453666
0
1072604538
3221225472
1072056176
2147483648
1072689327
3758096384
1071752577
3758096384
1072409275
2147483648
1070099205
0
1072058810
536870912
1072565498
1073741824
1071899553
1610612736
1071826425
0
1065441128
0
1071965240
2684354560
1071152104
0
1071988908
2684354560
1072204847
3221225472
1071885503
2684354560
1069640828
2147483648
1072572825
536870912
1071386896
2147483648
1069607404
0
1072157663
1610612736
1072086160
1610612736
1071945673
1610612736
1071027029
0
1067211868
0
1070169644
2147483648
1070511134
0
1072175352
3758096384
1072634514
0
1072357755
3221225472
1070977161
1073741824
1070905834
0
1072286691
3758096384
1068884775
0
1068797732
0
1072272002
2147483648
1071461100
1073741824
1072693247
2684354560
36
