Uvec
2226355706
1070198641
2147483648
1070961438
3221225472
1070883705
1073741824
1069583287
0
1072638066
0
1070774294
2147483648
1071775710
1610612736
1072258147
536870912
1072664320
0
1069050846
0
1070077598
0
1071518001
1073741824
1068680305
0
1068453282
0
1070843098
1073741824
1072679646
536870912
1071951813
2684354560
1070256639
0
1071455560
2147483648
1071818019
536870912
1071278618
3221225472
1071037441
0
1071765912
0
1072412838
2147483648
1069661057
0
1072549243
1610612736
1072425113
3221225472
1067484938
0
1070893703
1073741824
1071316099
1073741824
1069940284
2147483648
1072333869
2147483648
1070020940
2147483648
1072274142
0
1070266831
2147483648
1072367514
536870912
1071496386
1073741824
1070728320
2147483648
1072177024
3758096384
1071965763
0
1071411648
3221225472
1071661188
1073741824
1072110432
2684354560
1071673945
2684354560
1069205446
0
1070061520
2147483648
1070598567
3221225472
1071644883
3758096384
1072218473
3221225472
1072054404
0
1072688605
1073741824
1072502713
2147483648
1071404404
2147483648
1068643802
0
1068953279
0
1072225668
0
1072106495
536870912
1072456190
2147483648
1072113687
0
1072650539
0
1068849718
0
1072357728
1073741824
1072305347
2684354560
1072494551
1073741824
1070723969
2147483648
1063808640
0
1069702481
0
1070829602
3221225472
1072393317
3758096384
1072145669
2684354560
1071149351
3221225472
1072132860
3221225472
1070636920
0
1072334194
2684354560
1072192342
536870912
1065539264
0
1069475593
0
1069834770
0
1071267229
0
1071783428
0
1072093830
2147483648
1072064294
2684354560
1070669971
2147483648
1070915570
2147483648
1070503663
0
1072120915
1610612736
1072659151
1610612736
1071165934
1073741824
1072528290
1073741824
1071588960
3221225472
1070043348
0
1069975695
0
1070418641
2147483648
1071952680
3221225472
1072330572
1073741824
1066550412
0
1069987897
0
1071887600
3758096384
1071461100
1073741824
1072693247
2684354560
34
