Uvec
2226355706
1068601599
0
1070820828
3221225472
1066413608
0
1072556898
0
1071895713
536870912
1071888779
536870912
1071832289
1610612736
1068033970
0
1070365237
2147483648
1072394623
2684354560
1070684729
0
1071953593
2147483648
1065932912
0
1071652021
536870912
1072505729
3221225472
1070899088
0
1067142028
0
1069995953
2147483648
1071032054
3221225472
1072292561
1610612736
1069546990
0
1072358417
1073741824
1071775422
536870912
1068240196
0
1065485928
0
1071798790
3221225472
1070757487
3221225472
1071837029
1073741824
1071038306
3221225472
1072273979
1073741824
1071232180
1073741824
1072527532
0
1072479138
536870912
1068900480
0
1067230680
0
1072644328
1073741824
1072285268
3221225472
1072476778
2684354560
1070998051
3221225472
1072286532
3758096384
1070763255
3221225472
1068593217
0
1071738928
3221225472
1068019660
0
1071046176
1073741824
1071197653
3221225472
1071970075
3221225472
1070935795
3221225472
1070847000
2147483648
1072179307
2147483648
1070916230
2147483648
1072005792
3758096384
1067614592
0
1072208804
1073741824
1071722242
2147483648
1071710467
2684354560
1072323109
1610612736
1072255035
0
1072260604
1610612736
1072589595
2684354560
1072534599
2684354560
1072530754
1073741824
1069997404
2147483648
1068190142
0
1072282707
0
1068029758
0
1070589279
0
1071689183
536870912
1071675387
0
1069573067
0
1070992159
0
1072454082
1610612736
1070952397
3221225472
1069979026
2147483648
1070402387
0
1071888160
3758096384
1072579997
2684354560
1071903655
536870912
1072286415
1073741824
1071588061
2147483648
1070369395
2147483648
1071944855
536870912
1071667177
3758096384
1072038343
3758096384
1072336279
3758096384
1071740006
0
1063261312
0
1071804748
1610612736
1070911203
2147483648
1071813743
0
1072347966
2684354560
1071567868
0
1072355609
1610612736
1072125835
1073741824
1071355610
2147483648
1072183658
0
1069633253
0
1071902060
3221225472
1071461100
1073741824
1072693247
2684354560
57
