Uvec
2226355706
1071847824
536870912
1069759702
2147483648
1072349911
1610612736
1072086154
1610612736
1069999774
2147483648
1071756886
2684354560
1066532664
0
1071747243
536870912
1072015330
0
1072475386
2147483648
1071164280
1073741824
1071189425
3221225472
1070762903
3221225472
1072283164
3758096384
1072423383
536870912
1070946227
0
1071858529
1073741824
1067835374
0
1071751058
2684354560
1071290011
1073741824
1068944057
0
1069938603
2147483648
1072202159
2684354560
1069001810
0
1071122940
2147483648
1071907478
536870912
1072634183
3221225472
1069870816
2147483648
1070183165
0
1070868867
0
1070927587
2147483648
1071303653
3221225472
1069576704
2147483648
1068478224
0
1072556862
2147483648
1070358851
0
1072251070
2684354560
1071875692
3758096384
1071175511
2147483648
1072644079
536870912
1070991693
0
1071390781
1073741824
1071788627
1610612736
1068204816
0
1069056058
0
1069000138
0
1070626003
0
1072503832
536870912
1070998507
0
1070540963
0
1071301268
2147483648
1072263369
1610612736
1069637569
2147483648
1071322886
1073741824
1072071808
2147483648
1072659843
3758096384
1071267297
2147483648
1072604488
2147483648
1072087628
1610612736
1071009355
3221225472
1070387016
2147483648
1069858103
2147483648
1070057030
2147483648
1072446341
0
1072026164
536870912
1067516314
0
1072233317
0
1071651696
536870912
1070316079
0
1068879363
0
1072354736
0
1070234976
2147483648
1071980624
0
1069417116
0
1061889920
0
1072573475
1073741824
1070292054
2147483648
1072101739
1610612736
1070783302
3221225472
1070210602
0
1072485425
3758096384
1072127904
3221225472
1070755687
2147483648
1072232830
536870912
1071732157
536870912
1070683748
0
1070761658
2147483648
1072682602
3758096384
1069552166
2147483648
1067530206
0
1070910642
1073741824
1067654818
0
1068682644
0
1066982040
0
1071843976
1610612736
1071916860
1073741824
1071969919
536870912
1070973193
1073741824
1071461100
1073741824
1072693247
2684354560
18
