Uvec
2226355706
1070962138
2147483648
1069679079
0
1071628193
1073741824
1072151965
3221225472
1069333195
0
1072402013
0
1071408349
1073741824
1071916935
0
1072558778
1073741824
1069186327
0
1071974750
2147483648
1071978451
2147483648
1071312637
2147483648
1071413080
0
1071881905
1073741824
1071968850
3221225472
1071983421
2147483648
1071380740
1073741824
1068774195
0
1070899255
3221225472
1072524339
3221225472
1072377567
536870912
1072585667
1610612736
1071310419
3221225472
1072310535
2147483648
1072541869
3221225472
1072071778
1610612736
1068788636
0
1071348167
3221225472
1070649502
0
1071888489
2684354560
1072579035
1073741824
1071143934
2147483648
1070780454
1073741824
1070845663
3221225472
1069482908
0
1072289432
3758096384
1070608405
3221225472
1072590559
1073741824
1071672573
0
1071193430
3221225472
1070969044
2147483648
1067535454
0
1071543060
3221225472
1072162628
3758096384
1067992310
0
1072352191
1610612736
1072615482
2147483648
1069589573
2147483648
1072011970
1073741824
1071729174
1073741824
1070849643
3221225472
1071968609
1073741824
1071762251
1073741824
1072386832
0
1072056735
2684354560
1072587609
0
1070271363
0
1071306681
0
1072345395
1610612736
1070533176
0
1071912637
2684354560
1070905683
3221225472
1072625692
3758096384
1072632945
1610612736
1068167176
0
1069710096
2147483648
1071664753
2684354560
1072006451
1610612736
1071444845
1073741824
1072332809
3221225472
1071731611
3758096384
1070262296
0
1071252920
2147483648
1072001183
1610612736
1071796871
2147483648
1071638973
1073741824
1072015945
0
1071144350
2147483648
1067961048
0
1066249840
0
1072607434
1073741824
1072376867
3758096384
1071227755
0
1072025301
0
1069817091
2147483648
1072075092
3758096384
1069555896
0
1069154735
0
1070900904
0
1070742231
0
1072492088
2684354560
1072091889
3758096384
1071998329
2684354560
1071866090
2684354560
1071004187
3221225472
1072518349
2147483648
1072066843
536870912
1071461100
1073741824
1072693247
2684354560
6
