Uvec
2226355706
1072646152
0
1071270784
3221225472
1072605094
2684354560
1071809758
0
1070826582
0
1071822788
1073741824
1070819009
0
1070936115
2147483648
1071462823
3221225472
1070103294
0
1071729382
0
1072278317
2684354560
1071800199
2147483648
1069820806
2147483648
1071970075
3221225472
1071802386
1073741824
1072564580
1610612736
1071710473
1610612736
1072166024
1073741824
1071857206
536870912
1070086645
2147483648
1070642177
1073741824
1071373020
1073741824
1072635521
1073741824
1071074811
0
1070995717
3221225472
1071761286
1073741824
1071960049
536870912
1062609920
0
1070684480
1073741824
1066556404
0
1071364980
3221225472
1071822977
1610612736
1072087019
3758096384
1071298044
1073741824
1072342800
1610612736
1072392707
2684354560
1071954572
2684354560
1071502713
1073741824
1070724795
2147483648
1071968070
1073741824
1071350924
2147483648
1072454552
1610612736
1071127347
3221225472
1072038989
0
1072263875
3221225472
1071243538
0
1070991053
3221225472
1068293656
0
1066661284
0
1072615458
0
1071657978
3758096384
1070544649
2147483648
1072682766
1610612736
1069599501
0
1072439014
2684354560
1071888357
0
1071594089
0
1072401393
2147483648
1070493465
0
1069647113
2147483648
1071633823
2147483648
1071207125
2147483648
1072638811
1073741824
1072373194
2684354560
1071978782
1073741824
1072132406
536870912
1068852510
0
1070900992
3221225472
1072628584
1610612736
1070832706
3221225472
1069784271
0
1072064560
1610612736
1072235212
0
1066657476
0
1068351238
0
1071922752
2684354560
1072491998
2684354560
1071826635
2684354560
1072380727
2147483648
1070356870
2147483648
1071899368
1073741824
1072269828
2147483648
1071896707
3221225472
1072051096
1610612736
1071126944
2147483648
1069039870
0
1071939445
2684354560
1072080641
3221225472
1072061167
0
1072497390
1610612736
1066796716
0
1071370611
3221225472
1071746095
1610612736
1071600489
0
1071741813
1610612736
1070703996
1073741824
1070598134
2147483648
1071461100
1073741824
1072693247
2684354560
76
