Uvec
2226355706
1070136469
0
1071666855
0
1070567707
2147483648
1072600904
2147483648
1072275211
2147483648
1071170881
2147483648
1071070848
0
1070374211
0
1072023774
3221225472
1071677491
2684354560
1071306639
1073741824
1072652114
3758096384
1067191576
0
1070929691
2147483648
1071397537
1073741824
1072461326
1073741824
1072449010
1073741824
1069225059
0
1072676361
536870912
1070650888
3221225472
1069672599
2147483648
1069863424
0
1072507014
3221225472
1072011028
3221225472
1070366280
2147483648
1070669506
2147483648
1072467138
2684354560
1070052553
2147483648
1072471691
1073741824
1069600431
2147483648
1065615608
0
1072018848
3221225472
1067593138
0
1072018906
0
1069828656
2147483648
1069735345
2147483648
1071245868
3221225472
1071772777
0
1071211443
2147483648
1071610470
2147483648
1072034202
3221225472
1071135772
1073741824
1071844013
3221225472
1072164281
2684354560
1072546748
3221225472
1070757614
2147483648
1072076492
2147483648
1069924979
0
1072357993
1073741824
1070463665
0
1072513588
3758096384
1069566149
0
1071305922
3221225472
1072574349
2147483648
1072437819
2147483648
1072419104
0
1072274962
3758096384
1067685458
0
1070728395
2147483648
1072011980
0
1071761488
0
1072326005
2684354560
1071652721
3221225472
1072686579
536870912
1071628803
2147483648
1072304941
1073741824
1071647632
1610612736
1071178006
2147483648
1072575218
536870912
1071923781
1610612736
1066656400
0
1072621225
3758096384
1070384011
0
1071807267
3758096384
1070317340
0
1071207469
0
1071177128
0
1065137472
0
1071591509
0
1071830287
2147483648
1069783735
0
1072588584
536870912
1072134367
1073741824
1069312303
0
1072555399
1610612736
1072080190
3758096384
1071897987
1610612736
1071892247
3758096384
1072115549
2684354560
1071084155
1073741824
1071842637
1610612736
1067264732
0
1072181444
2147483648
1070822940
1073741824
1070406479
2147483648
1072025002
2684354560
1070713322
3221225472
1071959084
2684354560
1071461100
1073741824
1072693247
2684354560
37
