Uvec
2226355706
1071998331
2684354560
1071559454
1073741824
1071914342
2147483648
1070680972
3221225472
1072032005
1073741824
1069749247
2147483648
1071887403
3758096384
1071938619
2684354560
1072637882
2147483648
1071322692
1073741824
1071813900
536870912
1072198672
536870912
1071887765
536870912
1071419144
3221225472
1070628224
0
1070183006
2147483648
1071324528
3221225472
1071083023
2147483648
1071842203
536870912
1072415060
3758096384
1072629590
3758096384
1071740722
3221225472
1072278496
2684354560
1072598058
536870912
1072065409
0
1068507255
0
1072494802
1073741824
1070861052
2147483648
1072039585
1073741824
1071131863
2147483648
1070980256
0
1072095778
2147483648
1071131749
1073741824
1072113015
2684354560
1071854738
1073741824
1072603498
3221225472
1072514184
0
1072685522
2147483648
1071376553
3221225472
1072481614
2684354560
1072604332
3221225472
1068011606
0
1066413464
0
1072320288
3758096384
1070671842
2147483648
1071179969
3221225472
1070416384
2147483648
1072322436
1610612736
1070596415
3221225472
1069503398
0
1066121032
0
1071710737
3758096384
1072067504
2684354560
1071741219
536870912
1071021333
0
1072073088
1610612736
1072515167
3221225472
1070736135
2147483648
1070602954
3221225472
1070169502
2147483648
1071314880
0
1072178987
2147483648
1071148302
1073741824
1071044530
2147483648
1072502164
2147483648
1072075439
536870912
1071552799
1073741824
1070039568
2147483648
1071753451
2147483648
1072010895
3221225472
1072488150
1610612736
1068330262
0
1072226831
3221225472
1072311578
1610612736
1072594418
3758096384
1069660461
2147483648
1069535020
0
1072552248
2684354560
1070639492
0
1072228534
3758096384
1071135354
0
1071002573
0
1070500905
0
1068754940
0
1072397218
2684354560
1071826647
1073741824
1070202932
0
1071000833
2147483648
1072209881
1610612736
1067159320
0
1065224816
0
1071937082
1610612736
1071846722
1610612736
1067123844
0
1072394389
536870912
1071755259
0
1066704064
0
1069414918
0
1071461100
1073741824
1072693247
2684354560
38
