Uvec
2226355706
1072556732
0
1072035221
2147483648
1072407461
3221225472
1068867239
0
1069880394
2147483648
1071831749
2684354560
1067866792
0
1071317460
3221225472
1072229459
1610612736
1071003317
1073741824
1072461362
2684354560
1072631732
3221225472
1071573685
2147483648
1071641590
3221225472
1071974204
2147483648
1070781706
1073741824
1071766179
3758096384
1071626630
3221225472
1071050839
2147483648
1071812661
0
1071914146
1610612736
1072056566
0
1068050142
0
1072183066
3758096384
1072273602
0
1072564183
3758096384
1072376440
536870912
1072278106
536870912
1071576773
1073741824
1071898991
2684354560
1068523343
0
1071287694
1073741824
1070690527
2147483648
1071044049
2147483648
1072512275
536870912
1070780604
3221225472
1071302681
3221225472
1072597146
3758096384
1072452384
2684354560
1071874403
2684354560
1071235566
1073741824
1071878073
2684354560
1071261237
2147483648
1071608361
3221225472
1070855752
2147483648
1072538062
2147483648
1071201498
2147483648
1071825043
536870912
1072008399
1610612736
1072204568
3758096384
1070810435
2147483648
1072081360
1073741824
1070616491
1073741824
1072136471
2147483648
1071161239
1073741824
1070875027
3221225472
1067611958
0
1071063412
2147483648
1072117770
0
1070667625
1073741824
1071671273
0
1069501545
0
1072402835
3221225472
1068593198
0
1072149655
3221225472
1071744317
3758096384
1071266717
1073741824
1069910548
2147483648
1072104520
536870912
1071849914
536870912
1071889195
0
1072074513
0
1071861732
1073741824
1072582285
1610612736
1070285219
0
1072010938
536870912
1069337238
0
1070782938
3221225472
1070858446
0
1068578226
0
1068015216
0
1069776766
2147483648
1071335182
0
1071690809
1073741824
1069625583
2147483648
1071596758
1073741824
1072245385
3221225472
1069867269
0
1071273884
2147483648
1072481292
1073741824
1068925684
0
1072410300
3758096384
1066933588
0
1071364150
3221225472
1072643862
3758096384
1071945481
0
1069245379
0
1070710923
1073741824
1071461100
1073741824
1072693247
2684354560
92
