Uvec
2226355706
1072431162
2147483648
1072647202
3221225472
1071199521
0
1069842260
2147483648
1069200332
0
1068161208
0
1071866252
0
1068795142
0
1071201144
2147483648
1072177833
2684354560
1071048559
0
1072263995
3758096384
1071321766
2147483648
1072527944
3758096384
1072149363
2147483648
1072458230
2684354560
1072662535
2147483648
1069669340
0
1071003570
0
1071185312
3221225472
1071747312
3758096384
1072592674
3758096384
1071719093
3758096384
1071457793
2147483648
1071714569
2147483648
1072040209
536870912
1071121666
1073741824
1072681530
0
1066710044
0
1072641644
1610612736
1070760208
2147483648
1072688295
0
1064340624
0
1068619013
0
1072518838
2684354560
1072303549
3221225472
1072645800
3221225472
1072506481
3758096384
1070923708
0
1071699911
1610612736
1071617179
3221225472
1072276872
536870912
1066473412
0
1068876154
0
1068649569
0
1070829441
2147483648
1071436432
1073741824
1071609716
0
1071708401
536870912
1067739584
0
1071715457
0
1071384452
2147483648
1071532413
3221225472
1068881971
0
1069410009
0
1070396546
2147483648
1072251503
536870912
1072470919
0
1072024808
2684354560
1071464180
3221225472
1071736838
3221225472
1072121126
2147483648
1069344611
0
1070360404
2147483648
1069574732
0
1071177036
2147483648
1070825130
0
1071340431
1073741824
1071812693
3221225472
1071909564
1073741824
1068676987
0
1070966319
3221225472
1072224112
536870912
1072267100
3758096384
1071024682
2147483648
1071689197
0
1072486439
3221225472
1068894285
0
1072384411
1073741824
1070295118
0
1072344372
2684354560
1070480085
0
1072418723
3221225472
1072487381
0
1072086948
2147483648
1069182462
0
1071919654
536870912
1070635614
0
1068879515
0
1071539881
2147483648
1070558324
2147483648
1071897288
2147483648
1065025888
0
1072071902
0
1068264414
0
1071838177
3221225472
1072659349
2684354560
1070358122
2147483648
1071461100
1073741824
1072693247
2684354560
74
