Uvec
2226355706
1072634459
2684354560
1069554323
2147483648
1071900636
3758096384
1071928918
2147483648
1072099497
536870912
1069995745
2147483648
1070831431
1073741824
1072638062
3758096384
1072509775
3758096384
1071513598
3221225472
1071617274
2147483648
1070998435
3221225472
1071753083
1073741824
1071771790
3221225472
1068707249
0
1071820787
536870912
1070767140
0
1071412608
1073741824
1071279779
3221225472
1070029986
0
1072348987
3221225472
1072393411
2684354560
1070241085
2147483648
1068681622
0
1071543474
2147483648
1070287600
0
1071263276
3221225472
1072605396
1073741824
1069580214
0
1071684334
3758096384
1072346498
536870912
1068708309
0
1069894140
2147483648
1071939649
1073741824
1070146200
2147483648
1066255688
0
1072522574
2684354560
1072163215
1610612736
1071725122
3221225472
1072226109
2684354560
1070024496
0
1072227272
2684354560
1071607814
2147483648
1070017551
2147483648
1069554713
0
1067040808
0
1071731057
1073741824
1071822952
0
1071391540
1073741824
1061300480
0
1064627328
0
1071856507
2147483648
1071772234
536870912
1070557970
2147483648
1069126748
0
1071359060
0
1070294240
2147483648
1070133481
0
1068443348
0
1072420892
3758096384
1070698779
1073741824
1069934041
0
1070629392
0
1066387128
0
1072454587
1610612736
1069486528
0
1071607826
0
1071605127
3221225472
1069102466
0
1071276274
3221225472
1072123566
3758096384
1071190986
2147483648
1070620913
2147483648
1072653915
1610612736
1068178670
0
1072136998
0
1072214142
0
1069446006
0
1072436951
1073741824
1071451524
2147483648
1072167817
2684354560
1072231608
536870912
1068858174
0
1072559103
536870912
1072530597
536870912
1072614670
2147483648
1071954598
3758096384
1072638359
1610612736
1070723716
1073741824
1071925723
1073741824
1072044001
1610612736
1071853449
3221225472
1070007439
2147483648
1072489312
1610612736
1067719316
0
1070466615
0
1071974858
2147483648
1071931321
2147483648
1071461100
1073741824
1072693247
2684354560
41
