Uvec
2226355706
1072255093
3221225472
1072340632
1610612736
1071218669
3221225472
1069552795
2147483648
1072341631
0
1071463175
0
1069887840
2147483648
1071469725
3221225472
1065754088
0
1065000912
0
1071027050
2147483648
1071809456
0
1071187188
1073741824
1072355515
536870912
1072562554
3758096384
1071038403
1073741824
1071005867
0
1070631453
1073741824
1072263874
1610612736
1072289318
3758096384
1071641592
0
1072286296
1610612736
1071708836
1073741824
1071325770
2147483648
1071274104
3221225472
1072248326
536870912
1071827038
1610612736
1072386708
0
1072473457
1073741824
1071243818
1073741824
1068508657
0
1072689176
0
1071760718
536870912
1068686486
0
1068708522
0
1071388661
1073741824
1071449933
1073741824
1072642832
2684354560
1072583940
536870912
1065120976
0
1072428554
2684354560
1071682453
3221225472
1071214325
2147483648
1071321845
1073741824
1071953024
536870912
1072145944
3758096384
1070742949
1073741824
1069776512
2147483648
1071170008
1073741824
1071183649
2147483648
1072240087
3758096384
1069691489
2147483648
1070260811
0
1071942245
536870912
1066257528
0
1072325911
2147483648
1072337015
1073741824
1071700325
536870912
1071939507
0
1071058896
0
1072185338
3758096384
1072518069
1610612736
1071881954
0
1072317645
1073741824
1072032105
3221225472
1071622144
3221225472
1071587728
2147483648
1069169329
0
1072093934
3221225472
1072579007
0
1069848764
0
1070491070
2147483648
1071433596
1073741824
1071570707
3221225472
1071517075
3221225472
1072260569
536870912
1072132813
536870912
1071351318
0
1066865380
0
1071652956
536870912
1069119646
0
1071353864
0
1067021348
0
1070820783
0
1071940183
3221225472
1072449573
3221225472
1070211824
2147483648
1071109207
2147483648
1070000183
0
1072633006
2684354560
1071133500
1073741824
1069668872
0
1071771291
2147483648
1072360246
3758096384
1072107300
2147483648
1072044932
2147483648
1065529864
0
1069039900
0
1071461100
1073741824
1072693247
2684354560
10
