Uvec
2226355706
1071060075
1073741824
1071654419
2684354560
1072090095
536870912
1070135536
0
1071166294
1073741824
1070512375
2147483648
1072420085
3758096384
1071880359
536870912
1068225752
0
1069885851
2147483648
1065486624
0
1069777992
2147483648
1072073473
2684354560
1071833408
536870912
1072351313
1073741824
1072421553
3758096384
1071857542
2684354560
1069999241
0
1068141488
0
1066645832
0
1071438009
1073741824
1070635758
3221225472
1071043084
1073741824
1069899664
0
1071946630
536870912
1071568120
3221225472
1072278302
3221225472
1068291050
0
1072383579
2147483648
1071552385
0
1069931592
2147483648
1072225720
2147483648
1072523199
536870912
1071770162
3221225472
1072407283
3221225472
1071808046
1610612736
1068233624
0
1065125520
0
1071120307
1073741824
1069923258
0
1072402685
1610612736
1072125911
3758096384
1070873896
1073741824
1068566210
0
1069731624
2147483648
1070701167
2147483648
1071899731
2147483648
1072238047
0
1071736896
1610612736
1072394261
3221225472
1070723393
3221225472
1072556383
2147483648
1071116883
2147483648
1071765099
3221225472
1071426375
1073741824
1070437229
2147483648
1068781523
0
1069624815
2147483648
1072505981
1073741824
1072013022
0
1067952446
0
1069934978
0
1071415065
1073741824
1067327860
0
1071041004
0
1069613380
2147483648
1070881276
2147483648
1071866430
1073741824
1071410700
2147483648
1068722242
0
1070694248
1073741824
1071606684
3221225472
1070123763
2147483648
1071129513
2147483648
1071816379
2147483648
1072681489
0
1070496909
2147483648
1072684041
1610612736
1072447651
1073741824
1072205683
1610612736
1072365805
2147483648
1069925380
0
1069849455
2147483648
1071481755
0
1072502233
2684354560
1072455814
3221225472
1072078898
3758096384
1072208297
3221225472
1072061520
1610612736
1072130435
3758096384
1070993229
0
1068958110
0
1072481730
1610612736
1070598397
3221225472
1072101033
1073741824
1071899242
0
1069685986
0
1069020738
0
1071461100
1073741824
1072693247
2684354560
41
