Uvec
2226355706
1072489901
2147483648
1065623384
0
1070304332
2147483648
1072411762
2147483648
1071048738
2147483648
1067306796
0
1072616732
1610612736
1071471285
1073741824
1071292241
2147483648
1072104835
2147483648
1065932808
0
1070246641
0
1072588747
2147483648
1070833057
1073741824
1070770123
1073741824
1071631664
2147483648
1072270717
0
1071940575
536870912
1071844902
2147483648
1069383160
0
1070702307
2147483648
1067522976
0
1069764089
2147483648
1072055383
2147483648
1070862377
2147483648
1068807738
0
1072507336
0
1069745148
0
1072362010
3221225472
1071116747
3221225472
1072639116
2684354560
1070056321
2147483648
1072293352
3758096384
1067159152
0
1072622610
3758096384
1071853596
2684354560
1072451274
0
1071283666
0
1072502610
3221225472
1070840193
1073741824
1071598360
1073741824
1071819179
1610612736
1069900421
2147483648
1070317849
2147483648
1071617285
0
1071208323
0
1070563841
2147483648
1071192529
3221225472
1068687866
0
1072162790
0
1071214867
3221225472
1071529864
0
1071961351
536870912
1072173792
1610612736
1072299525
536870912
1070766062
0
1072298382
3221225472
1067510276
0
1066816444
0
1072026140
2147483648
1068364214
0
1070838161
3221225472
1071672829
3221225472
1070218180
2147483648
1071916579
2684354560
1072177940
1073741824
1070129880
0
1070639062
0
1072146754
2147483648
1069021099
0
1071478275
0
1071944434
536870912
1070547660
0
1072106479
2147483648
1070672447
2147483648
1072285492
0
1072499456
0
1070673282
3221225472
1072513164
1610612736
1072437455
2147483648
1070941932
1073741824
1072175657
0
1071552212
3221225472
1070918844
3221225472
1072297077
1073741824
1071625688
2147483648
1071640419
0
1072493813
0
1068562089
0
1070743865
2147483648
1072516467
1073741824
1071293469
0
1072224927
1073741824
1069164582
0
1072181555
2684354560
1070897218
1073741824
1072622411
2684354560
1072001583
3221225472
1071461100
1073741824
1072693247
2684354560
82
