Uvec
2226355706
1072480248
3221225472
1072207874
2684354560
1064696944
0
1070665088
2147483648
1071118208
0
1068656567
0
1072227572
1073741824
1072030274
3221225472
1067384664
0
1071180081
1073741824
1071278581
2147483648
1071788519
1073741824
1072520782
0
1072641276
2684354560
1071487053
2147483648
1072626535
1073741824
1071128352
1073741824
1072184905
0
1072357818
2684354560
1070652709
2147483648
1072273071
2147483648
1072005031
1610612736
1072446653
1073741824
1072227747
536870912
1071696720
2684354560
1069620035
2147483648
1072196504
2684354560
1072283617
3758096384
1071748796
1610612736
1071185270
1073741824
1068594089
0
1071933572
3758096384
1071695853
1073741824
1071721883
2147483648
1069898497
2147483648
1072692378
2147483648
1071890511
0
1072036805
3221225472
1071820977
0
1071824131
536870912
1069741461
0
1072417952
1610612736
1070142260
2147483648
1069638410
2147483648
1069532184
0
1072191507
1610612736
1068984342
0
1071761658
2147483648
1069875368
2147483648
1072222858
0
1072553495
2684354560
1072294991
0
1069638378
0
1072682877
0
1071122354
3221225472
1072349439
0
1070602960
0
1066052104
0
1071899777
2684354560
1072403516
2684354560
1072682331
3758096384
1069857023
2147483648
1072124122
536870912
1072552629
0
1070805068
2147483648
1071546508
1073741824
1071853948
0
1071821196
1610612736
1067594422
0
1071883147
3221225472
1071679012
1073741824
1070009937
0
1072014031
1073741824
1072437186
1610612736
1066554580
0
1071721261
536870912
1071667458
536870912
1071969247
536870912
1071780701
0
1072630721
2684354560
1071120551
0
1071728867
2147483648
1071831446
2684354560
1071038364
2147483648
1070118341
0
1072457711
2684354560
1072633940
3758096384
1069036700
0
1072377833
1073741824
1064646640
0
1070616188
1073741824
1071335163
1073741824
1072311104
536870912
1071237134
2147483648
1070124056
0
1072681511
3758096384
1072412513
2147483648
1072207569
3221225472
1071461100
1073741824
1072693247
2684354560
15
