Uvec
2226355706
1072189528
3221225472
1072406500
3758096384
1070395884
2147483648
1071385775
1073741824
1070442219
0
1071035445
0
1070805195
0
1071579669
1073741824
1071793394
2684354560
1072178062
3221225472
1070372357
0
1072462097
2147483648
1070925033
0
1072028558
2684354560
1072006854
1073741824
1072203224
2684354560
1070009848
2147483648
1070891781
1073741824
1072494831
3758096384
1070780613
2147483648
1071639955
1073741824
1072219319
3221225472
1072114093
2147483648
1071160407
2147483648
1070249715
0
1070844619
2147483648
1071991096
536870912
1072039509
2147483648
1071670964
3221225472
1071911079
2684354560
1071890992
2147483648
1071100633
2147483648
1071712671
1610612736
1071616792
2147483648
1071737434
3758096384
1067872678
0
1069689913
2147483648
1071883874
0
1072483478
536870912
1071741275
3221225472
1068560646
0
1072438762
2147483648
1072660222
0
1072414778
0
1072246738
1610612736
1069565046
0
1071717873
3221225472
1072260680
2147483648
1072309611
0
1069964825
0
1072088865
3221225472
1071147671
1073741824
1071226831
1073741824
1072017604
2684354560
1071565410
0
1071077302
3221225472
1071802118
2147483648
1069618611
0
1069633226
2147483648
1071890814
2147483648
1071687709
2147483648
1071188738
1073741824
1068788995
0
1072235192
2684354560
1065782216
0
1070478811
2147483648
1072341289
536870912
1072381767
2147483648
1071920754
0
1072015247
3758096384
1072613806
536870912
1069456506
0
1072081368
2684354560
1071707865
2684354560
1070004212
0
1071778193
536870912
1068552619
0
1068566944
0
1071277976
3221225472
1071901223
3221225472
1071909782
0
1071064698
0
1070902963
2147483648
1071930958
536870912
1072184085
0
1070081574
2147483648
1071534621
2147483648
1071453341
1073741824
1072494065
2147483648
1072610923
1610612736
1071815738
536870912
1070821075
2147483648
1072237521
1610612736
1071285142
0
1070630008
3221225472
1070293258
2147483648
1068016786
0
1072092774
0
1071461100
1073741824
1072693247
2684354560
23
