Uvec
2226355706
1071132207
2147483648
1072586084
0
1070870627
3221225472
1071430764
3221225472
1071951645
1610612736
1068713836
0
1071800041
3758096384
1072472920
2684354560
1069813739
0
1071636016
3221225472
1068795883
0
1071784591
1073741824
1069024831
0
1071822749
2684354560
1072371485
2684354560
1071899391
3758096384
1071890577
2684354560
1071787488
1610612736
1067125824
0
1072192953
3221225472
1071134502
1073741824
1071928356
1610612736
1070748883
0
1071669740
2147483648
1071984163
2147483648
1071983848
2147483648
1072010520
1610612736
1071851331
2147483648
1072429373
2684354560
1070002875
2147483648
1072259260
0
1071434575
2147483648
1071327011
2147483648
1071562896
2147483648
1069895292
2147483648
1067294280
0
1070946245
1073741824
1070961520
2147483648
1070193778
0
1070217343
2147483648
1072396983
1073741824
1071862578
2147483648
1072672819
1073741824
1071703812
1073741824
1069822152
2147483648
1072616734
2147483648
1071687660
2147483648
1072275327
0
1068516778
0
1071185343
2147483648
1071741161
536870912
1072005020
1073741824
1069383399
0
1071757631
536870912
1072655562
3221225472
1065855008
0
1070837542
0
1069952014
2147483648
1072061625
1610612736
1072420020
3758096384
1070820001
1073741824
1066811332
0
1072457762
536870912
1071346903
1073741824
1070872683
1073741824
1070679905
0
1072612023
2147483648
1071128645
2147483648
1070205694
0
1071959997
3758096384
1072641084
1610612736
1070820153
0
1071260074
0
1068195752
0
1071963361
3221225472
1068611276
0
1071329571
0
1071025722
1073741824
1071117558
2147483648
1071207298
1073741824
1070137597
2147483648
1071080334
0
1071005311
1073741824
1072268026
3758096384
1071751996
0
1072527417
2684354560
1072118603
2684354560
1072121366
1610612736
1071689378
1610612736
1072218100
536870912
1071756037
0
1071495327
2147483648
1071084050
0
1071330606
0
1069935609
2147483648
1070666699
1073741824
1072077109
1610612736
1072410948
3758096384
1071461100
1073741824
1072693247
2684354560
21
