Uvec
2226355706
1068888198
0
1072208998
536870912
1069447600
0
1072344260
2147483648
1070718472
0
1071963171
2147483648
1069422438
0
1071100072
0
1071346620
0
1071765687
1610612736
1072038570
3221225472
1069829846
2147483648
1070576340
0
1071896099
2147483648
1070929688
2147483648
1070654273
1073741824
1072445028
2147483648
1071875583
536870912
1071785233
2684354560
1071740426
3221225472
1070886108
3221225472
1071597789
1073741824
1072648490
2147483648
1069960488
0
1070928309
1073741824
1071773947
3221225472
1066991368
0
1071498001
0
1065159984
0
1072634789
1610612736
1072690579
1610612736
1072659208
1610612736
1070341264
0
1072019480
2684354560
1068661234
0
1067521576
0
1072035053
2684354560
1072444687
1073741824
1071943338
0
1071941113
0
1072194101
3221225472
1071379737
1073741824
1070357025
0
1070951127
0
1070280846
2147483648
1070932173
2147483648
1071388542
2147483648
1071258160
0
1069417579
0
1072324740
2684354560
1072586548
3758096384
1070928259
3221225472
1071672088
3221225472
1072116033
1610612736
1072007740
1073741824
1070527348
2147483648
1072360110
0
1071448723
1073741824
1072606588
536870912
1072594986
2147483648
1070748107
3221225472
1071796360
1610612736
1071762933
2684354560
1072524988
3221225472
1072514179
1073741824
1070663360
1073741824
1070611400
3221225472
1069989228
0
1069826399
0
1072661433
0
1072530429
2684354560
1071263765
3221225472
1070075874
0
1071512354
3221225472
1072691662
3221225472
1072108779
1610612736
1068695494
0
1072640723
536870912
1067518486
0
1072069174
3758096384
1072494033
1610612736
1072096903
1073741824
1070624797
1073741824
1070367751
2147483648
1071172943
3221225472
1070025660
0
1071922238
2147483648
1068695198
0
1071890973
1073741824
1070808152
2147483648
1072224499
3221225472
1072595419
1610612736
1071056039
3221225472
1072470367
2684354560
1072474683
1610612736
1072244678
3221225472
1072269880
2147483648
1071650696
1073741824
1071461100
1073741824
1072693247
2684354560
74
