Uvec
2226355706
1071569478
1073741824
1070852018
3221225472
1067393176
0
1071848543
3758096384
1072135153
0
1072404948
1610612736
1072173055
3758096384
1064281472
0
1072191805
2684354560
1070880635
0
1072376692
3221225472
1069623088
0
1072418541
0
1068438902
0
1072051940
2147483648
1071861744
2684354560
1069725016
2147483648
1070141377
0
1070044952
0
1071932749
2684354560
1069428683
0
1071691982
1073741824
1072111550
2684354560
1072139565
3758096384
1069788104
2147483648
1071817880
3758096384
1070807047
3221225472
1072019275
536870912
1071133385
2147483648
1070761963
0
1071808381
0
1072004404
2147483648
1072055470
536870912
1067051260
0
1072072352
1073741824
1071953140
1073741824
1071073359
2147483648
1072666438
1610612736
1072644089
2147483648
1068672942
0
1071924270
1610612736
1070725841
3221225472
1072247813
1073741824
1072498110
0
1072154825
2147483648
1072577965
1073741824
1072656123
2684354560
1071925742
1073741824
1071730835
1073741824
1072150950
0
1071622532
2147483648
1069937316
2147483648
1070161474
2147483648
1071863619
2684354560
1072320421
3758096384
1071254986
0
1069826960
0
1072462094
1073741824
1070659988
2147483648
1072358048
1073741824
1072189009
0
1072409597
1610612736
1071713717
536870912
1071582528
1073741824
1069643602
0
1071956601
1073741824
1070197735
0
1070485921
2147483648
1070377952
2147483648
1068414170
0
1070241236
2147483648
1070365902
2147483648
1072662204
536870912
1071730794
536870912
1070911644
2147483648
1070990172
3221225472
1072683274
1073741824
1070646106
0
1072176990
2684354560
1071718910
536870912
1072184864
2684354560
1070975795
3221225472
1072339232
1073741824
1071859122
3758096384
1072042110
0
1070331937
2147483648
1071364891
2147483648
1064515344
0
1069610501
2147483648
1070821298
0
1070697557
2147483648
1070467828
2147483648
1071717306
1610612736
1068543282
0
1072686055
3758096384
1068907211
0
1071144639
3221225472
1069696284
2147483648
1071461100
1073741824
1072693247
2684354560
95
