Uvec
2226355706
1071736457
1610612736
1070411986
0
1071407000
3221225472
1070624396
2147483648
1071921412
3758096384
1072055448
1073741824
1072540310
1073741824
1061851136
0
1071654458
2147483648
1070702883
2147483648
1072118777
1073741824
1072222053
3221225472
1069941057
0
1071333667
0
1071451904
1073741824
1069707084
2147483648
1070809826
2147483648
1071739032
2147483648
1067486942
0
1069945180
2147483648
1071848061
2684354560
1070240741
2147483648
1070845636
1073741824
1070627261
2147483648
1069936878
2147483648
1072380387
2147483648
1071443131
1073741824
1071818405
0
1071119855
3221225472
1069857469
2147483648
1072612410
3758096384
1072602767
0
1072354573
1610612736
1070875003
3221225472
1071885999
1073741824
1072358460
1073741824
1069818264
0
1070811675
0
1069914284
0
1072453087
0
1070387788
2147483648
1072171491
536870912
1071588278
0
1070665154
0
1070186273
0
1069511186
0
1064904400
0
1072068319
0
1071179617
3221225472
1068950285
0
1072450679
1610612736
1071720767
536870912
1072601674
3221225472
1072370552
2684354560
1069369076
0
1072154423
2147483648
1071975166
1073741824
1069342056
0
1072313952
2147483648
1072333172
1610612736
1072220949
3221225472
1065495776
0
1072122818
3221225472
1072497843
2684354560
1072551828
536870912
1072284013
1610612736
1071868826
2147483648
1072090887
3221225472
1071844431
0
1069664058
0
1071644645
2147483648
1072189141
1610612736
1071858590
0
1072671682
2147483648
1070710466
0
1071188609
1073741824
1069595843
2147483648
1071489023
2147483648
1071838314
536870912
1072504322
2147483648
1071682147
1073741824
1069966118
2147483648
1072185874
536870912
1069139426
0
1071471929
3221225472
1071572131
0
1072179652
536870912
1072405931
3221225472
1071692090
0
1071560525
0
1072514424
3221225472
1070227077
2147483648
1071647413
0
1072268576
0
1071925645
3758096384
1071846970
2684354560
1071846729
0
1072478085
1073741824
1071461100
1073741824
1072693247
2684354560
86
