Uvec
2226355706
1069962201
2147483648
1072266837
1610612736
1070463821
0
1072176349
3758096384
1072394948
536870912
1071983088
3221225472
1072290457
3221225472
1071036905
0
1070410490
0
1071666218
536870912
1069660648
0
1069771303
0
1068838076
0
1072594111
2147483648
1068992891
0
1072006528
2147483648
1071819200
2147483648
1070665789
0
1069193250
0
1071726857
3221225472
1068086318
0
1071854941
2147483648
1071644430
3221225472
1070263344
0
1071899031
3221225472
1071961886
2684354560
1072416081
536870912
1069406998
0
1071443306
1073741824
1072114872
3758096384
1070367614
0
1072358898
3221225472
1071383536
1073741824
1072618639
1073741824
1072458703
3758096384
1071648067
2147483648
1070498432
2147483648
1072430264
2147483648
1071835735
2684354560
1072678025
3758096384
1069860553
2147483648
1071530434
2147483648
1071171808
2147483648
1071140914
3221225472
1072091557
2684354560
1070637645
3221225472
1071723066
2147483648
1072644542
2147483648
1067569430
0
1070657097
2147483648
1070007207
2147483648
1071449965
0
1071826272
536870912
1071594852
2147483648
1072503503
2147483648
1071849981
1610612736
1072157633
1073741824
1071949715
3221225472
1072433150
0
1072120038
2684354560
1068173910
0
1071712782
3758096384
1070991103
2147483648
1071645580
1610612736
1072540367
2684354560
1071770599
0
1072456748
1610612736
1072207900
0
1072606415
2684354560
1071831477
1610612736
1070843001
2147483648
1070212172
2147483648
1071234291
0
1071470088
0
1072087038
3221225472
1066708676
0
1068615950
0
1072474432
3758096384
1072311041
536870912
1071125813
1073741824
1071676894
2147483648
1071454186
0
1071540163
3221225472
1072019794
0
1072307500
2684354560
1071816887
536870912
1071108924
2147483648
1072592866
1073741824
1072598652
3758096384
1068214800
0
1071931144
0
1069551027
2147483648
1067657340
0
1071002927
2147483648
1072689643
2684354560
1071502425
2147483648
1063453696
0
1072059072
2147483648
1071461100
1073741824
1072693247
2684354560
65
