Uvec
2226355706
1071584412
1073741824
1070295884
2147483648
1071907735
0
1068651298
0
1071245866
0
1072606648
1073741824
1071448490
2147483648
1071821968
0
1072617712
1073741824
1072095270
0
1071934860
1073741824
1071414352
2147483648
1072672227
0
1072458566
536870912
1072251790
0
1070001309
0
1072583966
2684354560
1070286519
0
1071595312
0
1071331505
1073741824
1072452686
1610612736
1072264061
3758096384
1072488478
3758096384
1071240832
1073741824
1068068548
0
1071910600
2684354560
1070486635
2147483648
1071958545
2147483648
1072384706
1073741824
1072136011
2147483648
1072138375
3221225472
1068403546
0
1070596990
0
1071329014
3221225472
1071357030
3221225472
1072220562
3758096384
1067726036
0
1066860024
0
1071979566
0
1071781940
2684354560
1071096097
1073741824
1067663210
0
1070409979
2147483648
1072417514
3221225472
1070906385
2147483648
1071431495
3221225472
1068030962
0
1071263396
2147483648
1071798356
1073741824
1071933754
1610612736
1069833311
2147483648
1070332349
0
1070720362
3221225472
1071756068
3758096384
1070307243
0
1071332266
2147483648
1071443480
2147483648
1071280063
3221225472
1071938988
3758096384
1069378021
0
1070942004
2147483648
1072167698
536870912
1070769135
1073741824
1072217233
2684354560
1071949624
536870912
1072075616
1073741824
1072665705
2684354560
1071416262
3221225472
1070630015
0
1072400363
1610612736
1072687728
2684354560
1071312973
3221225472
1070128420
0
1070336064
0
1070784098
3221225472
1071034420
1073741824
1070641525
3221225472
1072391597
3221225472
1066591648
0
1072557625
536870912
1072173782
1610612736
1071507963
2147483648
1070778942
2147483648
1071534648
3221225472
1071085378
2147483648
1072463625
0
1071396315
2147483648
1070631041
1073741824
1068311538
0
1072535069
3221225472
1071723243
0
1070671073
1073741824
1072532600
2147483648
1068551400
0
1070674337
2147483648
1072483364
2684354560
1071003765
3221225472
1070410115
0
1071461100
1073741824
1072693247
2684354560
27
