Uvec
2226355706
1072445081
536870912
1065262992
0
1068824285
0
1069857475
2147483648
1071537303
3221225472
1071183232
0
1071144824
3221225472
1070969404
3221225472
1071502208
2147483648
1072505393
536870912
1071094467
3221225472
1068702943
0
1072011496
1073741824
1069259180
0
1072171667
536870912
1069387794
0
1070309881
0
1070108235
2147483648
1072338095
2147483648
1067620158
0
1066973840
0
1072298472
3758096384
1072670349
3758096384
1070792156
3221225472
1071428129
3221225472
1072534484
2147483648
1071882735
3221225472
1072654418
1610612736
1071007497
0
1070244000
2147483648
1070677896
2147483648
1071468723
3221225472
1072289210
3221225472
1069906316
2147483648
1071667048
3221225472
1069762899
2147483648
1072688042
1610612736
1072588020
3758096384
1072062071
2684354560
1072231731
1073741824
1071670263
3758096384
1072414587
0
1069342269
0
1070983935
0
1069577595
0
1071818419
3758096384
1072086468
1610612736
1072548402
3758096384
1071818856
3221225472
1070226699
0
1067506584
0
1068595941
0
1072690927
3221225472
1072270637
2684354560
1072044353
1073741824
1070423201
2147483648
1071193574
1073741824
1072538434
2684354560
1071880945
1073741824
1071237062
2147483648
1067470124
0
1070298415
0
1067497810
0
1072468233
2147483648
1072620207
0
1070622345
1073741824
1071465200
3221225472
1071810664
2147483648
1072121225
0
1071849183
3221225472
1072428888
2684354560
1071660718
536870912
1070724774
3221225472
1071775640
2147483648
1071687065
3221225472
1070037353
2147483648
1067764736
0
1070619757
0
1072185281
2684354560
1071518013
0
1072174752
2684354560
1072640005
0
1071757834
1073741824
1068149694
0
1072493190
536870912
1070568365
2147483648
1070307898
0
1069915107
0
1072144203
2147483648
1072080427
536870912
1070869790
1073741824
1072421105
1610612736
1070891874
3221225472
1072141683
1073741824
1071757479
3221225472
1068111608
0
1068628559
0
1072204243
3758096384
1071461100
1073741824
1072693247
2684354560
54
