Uvec
2226355706
1072412496
1073741824
1071257510
1073741824
1072525715
3758096384
1072048042
2147483648
1071948574
3221225472
1070348346
2147483648
1069772053
0
1070251657
2147483648
1071785595
3758096384
1069464458
0
1072096849
1610612736
1072462285
536870912
1071553431
0
1071964702
0
1072644261
3221225472
1072381984
3221225472
1069640726
0
1071295941
0
1069795415
0
1071064043
2147483648
1072157422
3758096384
1068529977
0
1071908885
0
1072168756
1073741824
1069840315
2147483648
1072303163
3221225472
1068942208
0
1071927906
536870912
1070752277
0
1070790752
1073741824
1071432133
2147483648
1067843196
0
1071116247
3221225472
1070743019
2147483648
1071416624
1073741824
1072365497
1610612736
1068501474
0
1071274159
2147483648
1071892627
3221225472
1071717871
1073741824
1072328501
1073741824
1072381667
1073741824
1070355763
2147483648
1071393707
0
1067475538
0
1067798356
0
1072237795
2684354560
1071871060
2684354560
1072421652
1610612736
1071432831
3221225472
1071248752
2147483648
1071082332
2147483648
1071468955
0
1070879471
2147483648
1071402483
0
1070853013
1073741824
1071354153
3221225472
1072208813
3758096384
1071232722
2147483648
1071218596
0
1071347871
1073741824
1071647504
536870912
1069528309
0
1072458600
3758096384
1072529522
1610612736
1072078912
3221225472
1070218554
0
1071288817
1073741824
1072145684
536870912
1071650458
2147483648
1071997666
2684354560
1072491141
1610612736
1071762221
1073741824
1071511260
0
1072292947
2684354560
1072657507
0
1070638721
0
1071223523
2147483648
1072360865
0
1069994600
0
1070342195
2147483648
1071691141
2147483648
1069577759
2147483648
1070737054
0
1069463296
0
1070834825
1073741824
1069955112
2147483648
1072539126
1073741824
1070557892
2147483648
1071484837
1073741824
1072471568
3758096384
1066868688
0
1072140621
3221225472
1071143755
2147483648
1072534114
3758096384
1071460785
3221225472
1071874518
1073741824
1072236832
1610612736
1071461100
1073741824
1072693247
2684354560
17
