Uvec
2226355706
1072233375
2147483648
1072031679
3758096384
1072634154
0
1071911250
1073741824
1070464576
0
1070237960
0
1068700469
0
1071760962
536870912
1070028536
0
1065531392
0
1070888969
3221225472
1072509659
536870912
1065768328
0
1072273129
3758096384
1071200197
0
1072294221
3221225472
1071852605
3221225472
1071335957
0
1072037262
1610612736
1071849937
0
1071650639
0
1071540162
1073741824
1068615791
0
1071727531
0
1071232700
3221225472
1072353633
2684354560
1072512964
3758096384
1071326540
2147483648
1070796334
3221225472
1071466947
0
1071525764
3221225472
1063736576
0
1070811434
0
1071888045
536870912
1071382343
2147483648
1072026187
1073741824
1072222633
0
1071670271
2684354560
1070926403
1073741824
1066929284
0
1071092041
2147483648
1072240305
1610612736
1070224859
0
1072382448
536870912
1072437733
1610612736
1072038856
2684354560
1072220056
536870912
1069988309
2147483648
1068525103
0
1071944878
2684354560
1071751265
0
1072686116
536870912
1072189276
3221225472
1072192143
2684354560
1071797548
2684354560
1072259534
3221225472
1072572209
1073741824
1070573768
0
1072313221
3221225472
1069892000
0
1072407444
3758096384
1072376493
3221225472
1072609112
536870912
1072010769
2147483648
1069622685
0
1070952734
1073741824
1071050683
3221225472
1072402759
536870912
1070699240
3221225472
1067923266
0
1072021611
1073741824
1071021998
2147483648
1072506742
0
1071545894
3221225472
1070491487
2147483648
1070834775
2147483648
1069956541
0
1071941487
0
1072217981
3758096384
1072356575
3758096384
1072305315
1073741824
1071632293
1073741824
1071339443
0
1071783443
2684354560
1072182014
3221225472
1072135186
3758096384
1071001946
1073741824
1071279684
0
1072090201
0
1068396558
0
1071677345
2684354560
1071234986
3221225472
1069844774
2147483648
1071253357
2147483648
1070916540
0
1072152159
0
1069537142
0
1070968542
0
1071461100
1073741824
1072693247
2684354560
92
