Uvec
2226355706
1072405776
3758096384
1071609302
2147483648
1072371626
3221225472
1070864373
1073741824
1070838689
0
1072248811
2147483648
1071866239
0
1072070337
2147483648
1072649870
1610612736
1071689754
1610612736
1072561850
1610612736
1069840623
2147483648
1071374877
3221225472
1071706123
1610612736
1071402963
2147483648
1067762758
0
1072364940
0
1071610487
3221225472
1072056187
1610612736
1070643655
2147483648
1066266736
0
1072076221
3221225472
1068894291
0
1071822731
0
1071533244
3221225472
1071939270
2684354560
1072583286
2147483648
1070096379
0
1070891303
0
1067538922
0
1072576422
536870912
1071161753
0
1072641274
3758096384
1071790619
0
1070044984
2147483648
1071949694
1073741824
1072217420
0
1070797221
2147483648
1070831221
3221225472
1069824261
0
1070772760
3221225472
1069408212
0
1071606338
3221225472
1072482206
0
1071718976
2684354560
1072301193
536870912
1069743732
2147483648
1071041525
2147483648
1070376835
2147483648
1072156079
536870912
1067709282
0
1071410019
1073741824
1072218643
1073741824
1068289640
0
1071634067
1073741824
1072233855
3758096384
1072169980
1073741824
1072685710
1610612736
1072325844
3758096384
1072518009
0
1072391012
3221225472
1069826187
2147483648
1071683185
536870912
1068647009
0
1072597009
3221225472
1071676159
2147483648
1071806387
3221225472
1072078114
1610612736
1072610548
1610612736
1070511249
0
1071436172
0
1072661128
2684354560
1071575199
3221225472
1072315833
1610612736
1071313317
0
1071935405
3221225472
1072257620
536870912
1071816681
3758096384
1071532903
0
1071621286
0
1071935166
2147483648
1071145314
2147483648
1071622144
3221225472
1070830154
0
1071918120
1610612736
1072025037
3221225472
1066625932
0
1068752877
0
1070757601
0
1072510483
2684354560
1068016116
0
1071172100
1073741824
1072672610
1610612736
1071608379
1073741824
1072369312
0
1070691921
1073741824
1070277075
0
1070709333
0
1071461100
1073741824
1072693247
2684354560
42
