Uvec
2226355706
1071711806
0
1072146604
2684354560
1071810771
1073741824
1072238820
0
1071725268
2684354560
1072611469
2684354560
1072002331
1610612736
1072088192
536870912
1067321112
0
1068753542
0
1068981970
0
1071151996
3221225472
1070996562
1073741824
1072153942
0
1072253606
536870912
1072164004
3221225472
1072084709
1610612736
1071939074
2147483648
1071550460
0
1072212686
3221225472
1070818125
2147483648
1071183309
0
1072199271
536870912
1071464124
1073741824
1070978198
2147483648
1072079749
3758096384
1071943639
2147483648
1071528279
1073741824
1070656981
2147483648
1070613060
1073741824
1072015816
536870912
1072378327
0
1070083318
0
1071854624
1610612736
1072401681
2684354560
1070665085
2147483648
1071402237
0
1071673614
3758096384
1072032960
0
1071040705
2147483648
1071823357
0
1071231999
0
1072298676
2684354560
1070989070
0
1070457455
0
1071346058
0
1072611413
3221225472
1070900321
3221225472
1071693035
2147483648
1071516472
0
1071633926
2147483648
1071697877
0
1071615573
0
1071824910
536870912
1070712290
1073741824
1072130739
536870912
1072089165
1610612736
1072627451
2684354560
1072211791
3221225472
1071213197
0
1070659949
2147483648
1072512543
1073741824
1066699240
0
1072637772
0
1072443103
1073741824
1072177237
0
1072010036
536870912
1070538863
2147483648
1071305134
3221225472
1068998022
0
1069699707
0
1070614940
0
1071796671
536870912
1069710224
2147483648
1070625257
2147483648
1069142970
0
1069076832
0
1071334103
0
1072249706
3221225472
1071648980
1610612736
1072414806
1073741824
1072295895
0
1071015706
3221225472
1072524715
1073741824
1072144479
536870912
1072341104
1073741824
1072662367
536870912
1071318898
3221225472
1071608173
1073741824
1072292467
2147483648
1070557964
2147483648
1072190922
2147483648
1068135616
0
1072428960
3758096384
1070764036
1073741824
1071478231
2147483648
1071101829
3221225472
1072013129
2147483648
1071461100
1073741824
1072693247
2684354560
72
