Uvec
2226355706
1071481107
1073741824
1071153647
2147483648
1072543782
2684354560
1071631371
3221225472
1072570361
1073741824
1071439746
2147483648
1072552463
0
1072285997
3221225472
1072532791
0
1072269666
536870912
1071695319
0
1071804689
3758096384
1071704545
536870912
1072237365
0
1069459621
0
1071921410
2684354560
1072115103
1610612736
1071570814
1073741824
1072393805
1610612736
1071925722
1073741824
1071839480
1073741824
1072667091
1073741824
1072439819
0
1072621331
2147483648
1071697876
2147483648
1071982293
3758096384
1072284111
2684354560
1072184460
2147483648
1071385402
1073741824
1072239951
1610612736
1071285494
1073741824
1072654774
3221225472
1071495525
3221225472
1072409705
3758096384
1071519893
2147483648
1067973006
0
1072190223
2147483648
1072588074
1073741824
1070442366
2147483648
1071700645
0
1066641672
0
1069751720
2147483648
1071134393
1073741824
1071972697
536870912
1072244660
2147483648
1068791943
0
1071505194
0
1070742685
3221225472
1072634628
536870912
1071438071
0
1071784164
2684354560
1071850324
1073741824
1066007728
0
1072140856
1610612736
1070758301
0
1070392641
0
1065493104
0
1070294398
2147483648
1072240264
3221225472
1070942779
2147483648
1071755940
0
1068379916
0
1072187102
0
1072410486
1610612736
1072518343
0
1072535482
3758096384
1070734257
0
1069862865
0
1071689026
3758096384
1067019340
0
1072471810
3221225472
1072009270
2684354560
1071276587
1073741824
1071378558
1073741824
1067141460
0
1072481611
1610612736
1071298483
2147483648
1070687394
2147483648
1072115452
1073741824
1070421678
0
1071881886
0
1072121320
2147483648
1072074888
1610612736
1071742581
0
1071981561
536870912
1072652186
2684354560
1069966699
2147483648
1072195345
3758096384
1072514349
1610612736
1069600553
2147483648
1072479404
0
1071782788
1073741824
1072296755
3221225472
1070976483
0
1071938840
2684354560
1072254231
1073741824
1072394943
0
1071933588
3758096384
1071461100
1073741824
1072693247
2684354560
93
