Uvec
2226355706
1071821367
2684354560
1072318038
2684354560
1072506078
2684354560
1071944892
3758096384
1070382353
2147483648
1071946403
0
1071067544
0
1070789542
1073741824
1071436196
3221225472
1072617408
536870912
1071787337
536870912
1069891097
0
1069709802
2147483648
1072431755
1610612736
1070698801
1073741824
1070842049
2147483648
1072605488
2684354560
1071599866
2147483648
1071927573
1073741824
1072117261
2684354560
1071179726
3221225472
1072239032
3758096384
1070882226
2147483648
1068560376
0
1070812441
3221225472
1071755519
0
1071554577
0
1072497988
0
1071483469
1073741824
1072092693
3758096384
1069956652
0
1070932257
2147483648
1071665587
3758096384
1070924679
2147483648
1071766455
1073741824
1072040512
1610612736
1070343696
2147483648
1071392949
3221225472
1071698966
3758096384
1070584066
2147483648
1071293336
1073741824
1072015254
1073741824
1069161620
0
1072563087
1610612736
1072368609
3758096384
1068221452
0
1071451107
1073741824
1067563806
0
1072472505
536870912
1067918048
0
1072684268
1073741824
1072686212
3758096384
1072505415
3758096384
1071701394
3758096384
1069948815
2147483648
1072175716
2684354560
1071676565
1610612736
1066876308
0
1068861529
0
1071845437
1610612736
1071831849
3221225472
1071810151
2147483648
1071515038
3221225472
1069936276
2147483648
1071878350
1610612736
1071002464
1073741824
1071194953
0
1071060895
3221225472
1070988409
2147483648
1068588118
0
1069371249
0
1072565927
3221225472
1068832925
0
1071762745
536870912
1072357428
1073741824
1070909768
3221225472
1072201304
1073741824
1072648193
2147483648
1069108188
0
1072073705
2147483648
1071549149
3221225472
1068116726
0
1071272891
3221225472
1071717447
3221225472
1070071956
0
1072337612
1610612736
1070761821
1073741824
1072306424
2147483648
1070985226
0
1069708854
2147483648
1072399596
3221225472
1072378367
3221225472
1064675904
0
1071834714
3221225472
1072581935
3221225472
1072431984
2684354560
1070776988
0
1071833492
536870912
1071461100
1073741824
1072693247
2684354560
16
