Uvec
2226355706
1072396082
536870912
1072641935
2147483648
1072368812
536870912
1070724752
3221225472
1071341519
1073741824
1072042188
3758096384
1068410440
0
1071819022
1610612736
1072047826
3221225472
1069846177
0
1072537799
536870912
1071685492
2684354560
1072576186
1610612736
1071802121
3758096384
1072606908
2147483648
1072102645
3221225472
1071829466
536870912
1072253523
3758096384
1071439857
1073741824
1072341256
3221225472
1072409504
2684354560
1071843870
2147483648
1069838860
2147483648
1072336750
3221225472
1071850684
0
1070730917
3221225472
1072555584
0
1068934105
0
1072411654
1610612736
1069908417
2147483648
1070171501
2147483648
1071065645
3221225472
1069537430
0
1070111983
2147483648
1072243355
1073741824
1072631114
0
1070749925
2147483648
1071758701
1073741824
1068240308
0
1070991816
0
1071820589
1610612736
1070492820
0
1068530662
0
1070561802
2147483648
1072083770
536870912
1071171903
3221225472
1071840495
1073741824
1069812671
2147483648
1072675848
3221225472
1070057407
0
1067610014
0
1070036963
0
1071440217
2147483648
1071589610
2147483648
1072504638
0
1071681184
3758096384
1070081447
2147483648
1071585548
2147483648
1072175570
536870912
1071530189
1073741824
1071495128
2147483648
1068227566
0
1071710286
3221225472
1071930633
536870912
1066810572
0
1072363413
1610612736
1072211119
3221225472
1072366850
0
1070907046
1073741824
1070166953
2147483648
1072324391
3221225472
1072486930
2147483648
1071024795
1073741824
1070642020
3221225472
1069921436
0
1072475585
0
1072555413
3221225472
1072352349
1073741824
1070752590
3221225472
1072495196
1073741824
1072172163
0
1070452263
0
1071750253
3221225472
1071706861
2147483648
1071841982
3221225472
1071684154
1073741824
1069111074
0
1072577349
2684354560
1069239681
0
1071810098
2684354560
1070837328
2147483648
1066812468
0
1071666116
2684354560
1070509480
0
1070460734
0
1072575648
3221225472
1071807754
536870912
1067954406
0
1071461100
1073741824
1072693247
2684354560
45
