Uvec
2226355706
1072568342
1073741824
1072462328
3221225472
1071464440
1073741824
1068928652
0
1071610889
0
1071762788
2684354560
1072209608
1073741824
1072066826
2147483648
1070949624
2147483648
1071779106
0
1070918459
0
1071846191
536870912
1068635494
0
1071787207
2147483648
1071991427
1610612736
1071745807
1073741824
1071047413
1073741824
1072295810
3758096384
1072090861
3758096384
1070621577
3221225472
1071913193
2684354560
1066511432
0
1071310746
0
1066979616
0
1072140755
3758096384
1071958984
1073741824
1072456557
3221225472
1072605745
3221225472
1071825383
1610612736
1072443108
3221225472
1070038825
2147483648
1067317748
0
1072548277
536870912
1072666557
1610612736
1068638188
0
1072468092
1610612736
1067593722
0
1071462914
2147483648
1072687566
536870912
1072451775
0
1070303850
0
1070783979
3221225472
1067276044
0
1072046682
3221225472
1072642892
2684354560
1069365420
0
1072252850
536870912
1072175228
3221225472
1071745338
1073741824
1069068303
0
1070393450
0
1068065992
0
1071915288
3221225472
1072164092
0
1072495499
1073741824
1071252354
2147483648
1071377304
0
1071750036
536870912
1070988487
0
1072337718
2684354560
1071323115
3221225472
1072587669
536870912
1070824691
2147483648
1070673312
1073741824
1072391443
0
1072609581
2684354560
1072153886
3758096384
1070671161
2147483648
1070745222
1073741824
1072282607
0
1072426145
536870912
1072501500
2684354560
1071518087
0
1072058653
2147483648
1072210891
1610612736
1071718013
1073741824
1072005365
3221225472
1071825644
536870912
1072322953
2147483648
1070809062
2147483648
1072177753
536870912
1071118855
2147483648
1068821471
0
1071108431
0
1071325504
1073741824
1071974548
3221225472
1070184525
2147483648
1072608300
3758096384
1067748678
0
1064876224
0
1071497994
2147483648
1072011172
2684354560
1070597350
3221225472
1066578924
0
1071618508
2147483648
1070362293
0
1072269630
1073741824
1070485591
2147483648
1071461100
1073741824
1072693247
2684354560
19
