Uvec
2226355706
1072168652
2684354560
1071100469
2147483648
1069835570
0
1068511468
0
1072541983
536870912
1068945438
0
1072552884
3221225472
1072436332
3221225472
1068881962
0
1072442419
3221225472
1069109464
0
1071676032
3221225472
1071954122
0
1070312097
2147483648
1072102189
2147483648
1072101193
3221225472
1071497797
2147483648
1072116140
1610612736
1072011999
0
1072097027
2147483648
1070013200
2147483648
1070749848
3221225472
1070562115
0
1072032665
536870912
1065227456
0
1071760396
3758096384
1072665464
0
1068408778
0
1072135733
1610612736
1072019231
2684354560
1072183019
1073741824
1071296084
2147483648
1072228030
536870912
1071370472
2147483648
1071457125
0
1066406572
0
1070786451
2147483648
1071717513
1073741824
1071702722
536870912
1070821350
1073741824
1070573113
2147483648
1071617420
0
1071588603
2147483648
1071359426
2147483648
1071802224
1073741824
1072018966
3221225472
1072260199
536870912
1070233875
2147483648
1072197291
3758096384
1067174092
0
1071666885
1610612736
1072667185
2684354560
1072062522
3221225472
1072469865
3758096384
1070936560
3221225472
1071313196
0
1069694726
2147483648
1069981844
2147483648
1071081942
1073741824
1071046525
1073741824
1069878218
0
1071872642
536870912
1070836163
1073741824
1072467005
2684354560
1070317187
2147483648
1071797226
2147483648
1071907234
2684354560
1071384203
1073741824
1071986616
3221225472
1070668329
3221225472
1070173937
0
1072362579
0
1066630636
0
1069237881
0
1071734046
3221225472
1071791123
2684354560
1071136426
2147483648
1071383884
2147483648
1070516819
2147483648
1072054211
536870912
1069750985
2147483648
1072525442
3221225472
1072018045
0
1072652209
3758096384
1072111418
3758096384
1070888613
3221225472
1072270749
1610612736
1071017927
0
1069198742
0
1072232182
0
1072529256
0
1072192602
3758096384
1072446122
1610612736
1065448696
0
1072588129
1610612736
1069989060
0
1071391868
0
1071367392
0
1071461100
1073741824
1072693247
2684354560
94
