Uvec
2226355706
1072521420
3221225472
1071501276
0
1070557078
0
1071501966
2147483648
1070758234
1073741824
1070958490
3221225472
1069914222
2147483648
1072487135
1610612736
1071563796
3221225472
1072350131
536870912
1072320666
1610612736
1070546395
2147483648
1070628829
2147483648
1072527637
1073741824
1070872210
2147483648
1069917100
0
1071711727
2684354560
1072242682
3758096384
1071869493
536870912
1071355811
1073741824
1071687144
1073741824
1072250662
1073741824
1071003534
3221225472
1070807865
0
1069149062
0
1072058626
3221225472
1069070126
0
1072194605
536870912
1071674343
1610612736
1070669235
2147483648
1071708438
0
1072125827
1610612736
1068756083
0
1071318798
1073741824
1068977764
0
1068330058
0
1071632756
1073741824
1067412872
0
1071908331
536870912
1070282484
2147483648
1071351300
0
1072490251
2147483648
1072247622
0
1071475658
2147483648
1070912266
2147483648
1072471555
3758096384
1068614664
0
1072512812
3758096384
1069266829
0
1072359958
536870912
1072583923
2684354560
1071651114
2147483648
1070702653
0
1071354560
2147483648
1072151332
2684354560
1069758742
0
1072222340
1073741824
1071503544
0
1070504177
0
1070073090
0
1072366423
3221225472
1071543120
0
1072046771
3758096384
1072434512
2147483648
1072669266
2147483648
1065672760
0
1072029175
1073741824
1072641736
2684354560
1072661372
3758096384
1071406496
1073741824
1070149218
2147483648
1070536745
2147483648
1069762481
2147483648
1071712226
2684354560
1072290447
2147483648
1070128576
2147483648
1070803512
1073741824
1071291308
0
1072013050
1610612736
1071824342
0
1071562797
0
1071644639
1073741824
1070675689
0
1072382019
3221225472
1072195666
2147483648
1071406535
0
1071148151
1073741824
1064613392
0
1072082468
536870912
1070238893
0
1070252564
2147483648
1069829799
0
1071099676
2147483648
1068925861
0
1071280521
1073741824
1072357318
2147483648
1072637971
3221225472
1071688872
536870912
1071461100
1073741824
1072693247
2684354560
36
