Uvec
2226355706
1069780851
2147483648
1071217275
3221225472
1070104363
0
1068014250
0
1070474637
2147483648
1069143379
0
1070687112
2147483648
1070812075
0
1071861116
1073741824
1071637902
3221225472
1072350221
3758096384
1071877332
3221225472
1068800456
0
1069695641
2147483648
1069834583
2147483648
1070837265
1073741824
1072367594
1610612736
1071591930
1073741824
1068859079
0
1070499799
2147483648
1069921252
2147483648
1072651207
3758096384
1072444680
3758096384
1071869578
2147483648
1069030033
0
1072173156
1610612736
1071605575
2147483648
1072358673
1610612736
1069878684
2147483648
1070830271
0
1071574125
3221225472
1071478303
3221225472
1071710633
1073741824
1068268490
0
1068930363
0
1071765252
1073741824
1069206098
0
1072601996
3758096384
1072196460
0
1072583514
1610612736
1068040102
0
1071946597
3221225472
1071669137
1610612736
1072277965
2684354560
1072196208
2684354560
1072580652
0
1072315200
2684354560
1072146169
2147483648
1070611222
3221225472
1070992360
2147483648
1071607630
3221225472
1071005134
2147483648
1068080962
0
1069326137
0
1072434102
3221225472
1071239087
1073741824
1069988100
2147483648
1072563448
2147483648
1069792982
2147483648
1072541949
2684354560
1072220612
2684354560
1072590819
1073741824
1072649147
2684354560
1072065092
3221225472
1072054995
0
1072263785
1610612736
1072004892
536870912
1072463919
3221225472
1066205344
0
1070873191
0
1070751912
3221225472
1071018537
1073741824
1071681751
3758096384
1072210553
3758096384
1072290001
536870912
1070831356
0
1071682813
1610612736
1071280903
2147483648
1066450764
0
1072494639
2147483648
1070547186
0
1072488758
2147483648
1072082019
2684354560
1071725345
2684354560
1071877789
1610612736
1072088861
3758096384
1071373531
3221225472
1071655557
0
1072327642
536870912
1072542001
0
1066408148
0
1072200464
1610612736
1071818882
0
1072243250
0
1070092322
2147483648
1071485346
0
1072100840
536870912
1072300721
1610612736
1071461100
1073741824
1072693247
2684354560
39
