Uvec
2226355706
1071922054
1610612736
1071756694
1610612736
1072594109
1073741824
1071800793
0
1071212800
2147483648
1071669801
2684354560
1070601206
0
1071576686
0
1066208520
0
1072494605
0
1072100333
3221225472
1072509536
1610612736
1072516961
1610612736
1072390875
0
1068687501
0
1071817244
536870912
1071772526
3221225472
1072396906
2147483648
1072386136
3221225472
1072627873
2147483648
1071457285
1073741824
1070928068
1073741824
1071257953
0
1071391295
3221225472
1072023225
1073741824
1069931928
2147483648
1071065214
2147483648
1068608693
0
1072218987
2147483648
1072642580
3758096384
1066488868
0
1072089481
2147483648
1071028519
0
1071418316
1073741824
1072619353
1610612736
1068641186
0
1070850553
1073741824
1072167255
2684354560
1071154916
2147483648
1070757102
1073741824
1071748863
2147483648
1072050517
3221225472
1071731492
3221225472
1068561186
0
1072406172
3221225472
1070060222
0
1071808200
2147483648
1072571118
3221225472
1071450193
3221225472
1072278213
3221225472
1071935322
1073741824
1071187071
2147483648
1070994716
2147483648
1069438377
0
1070847372
0
1072153861
3758096384
1070843666
1073741824
1071389828
1073741824
1070602277
1073741824
1072034494
1073741824
1072205842
536870912
1072198740
2684354560
1071691753
536870912
1072357514
3758096384
1072370503
0
1072165792
3221225472
1072418250
0
1070959827
1073741824
1070805837
1073741824
1072318916
2684354560
1071746280
536870912
1071982836
1073741824
1071335536
1073741824
1069198934
0
1070444631
0
1072338950
1610612736
1072231503
0
1070826835
2147483648
1069558078
0
1072322037
1610612736
1071189245
2147483648
1072430607
3221225472
1065933488
0
1069932362
0
1072599279
2147483648
1071133846
1073741824
1072382814
3221225472
1068898983
0
1072511853
3221225472
1071101049
0
1071117030
1073741824
1071594783
1073741824
1069763037
2147483648
1072572228
2684354560
1071713444
0
1072375847
3221225472
1070250638
2147483648
1072293071
0
1071461100
1073741824
1072693247
2684354560
53
