Uvec
2226355706
1072201949
3758096384
1072175207
3221225472
1071645412
3758096384
1072311271
1610612736
1071664011
3221225472
1069985848
2147483648
1072591414
3221225472
1072476559
3221225472
1069026538
0
1071866888
0
1071651950
3221225472
1071368078
3221225472
1072081751
1073741824
1072301375
2147483648
1071358855
0
1072487620
3221225472
1072237668
1073741824
1070684120
2147483648
1070821083
1073741824
1072678119
1073741824
1072062153
3221225472
1071978212
1610612736
1072266941
1610612736
1072585928
3758096384
1070054014
2147483648
1066763316
0
1071536664
2147483648
1071592080
0
1071716130
0
1072107331
3221225472
1070660169
0
1070748186
3221225472
1071909750
1073741824
1068537347
0
1071691505
2147483648
1071601793
2147483648
1072272859
0
1066447580
0
1067438024
0
1072152724
0
1071274016
0
1070448194
0
1072131747
3221225472
1072100269
2684354560
1072573756
2147483648
1068118110
0
1070354465
0
1071112402
3221225472
1070131831
2147483648
1071768738
2147483648
1071687012
536870912
1072654998
1073741824
1065224976
0
1072465018
1610612736
1072589936
3221225472
1071217285
3221225472
1072498554
0
1072655290
1073741824
1071113439
2147483648
1072425844
536870912
1069561405
2147483648
1070812942
3221225472
1072504818
1073741824
1068734577
0
1071485061
0
1072489649
1610612736
1071098628
1073741824
1072306309
536870912
1072177646
536870912
1072217524
3221225472
1072177885
0
1070955974
3221225472
1066577520
0
1066758076
0
1072218568
2684354560
1071891936
3221225472
1070810755
1073741824
1069701185
2147483648
1069819893
2147483648
1070533065
2147483648
1071497961
2147483648
1069632074
0
1072565459
1073741824
1072571397
3758096384
1070997653
2147483648
1068530193
0
1071901745
536870912
1071878624
0
1064505216
0
1072225045
3758096384
1067709924
0
1070731460
3221225472
1071386450
2147483648
1071276964
1073741824
1070955072
0
1070596816
3221225472
1069790649
2147483648
1072117338
2147483648
1071461100
1073741824
1072693247
2684354560
95
