Uvec
2226355706
1069716967
0
1071838243
3758096384
1070787975
0
1071165925
3221225472
1072490648
0
1064794672
0
1072601218
3758096384
1072219931
2684354560
1070796055
2147483648
1071010672
2147483648
1071551950
0
1072481319
536870912
1071217168
2147483648
1072426188
3221225472
1068442990
0
1068785678
0
1066722488
0
1072046859
2147483648
1069088632
0
1072379804
536870912
1072217280
1073741824
1072527219
2684354560
1070950829
1073741824
1071625569
1073741824
1071672768
1610612736
1072178708
1610612736
1070908675
1073741824
1070795456
2147483648
1072065322
1073741824
1071988455
3221225472
1071626705
1073741824
1070714067
2147483648
1072585870
0
1071982967
0
1072479223
0
1068607392
0
1072563131
2684354560
1070512112
2147483648
1070923616
3221225472
1066903500
0
1070430119
0
1068725746
0
1069686172
2147483648
1069591237
2147483648
1072579000
3758096384
1072656872
536870912
1072271461
1610612736
1070765711
0
1068416740
0
1072140259
3758096384
1071723046
3221225472
1070238616
0
1072203362
2684354560
1070376186
0
1072159072
1073741824
1069118894
0
1070214223
2147483648
1072255332
2684354560
1069371822
0
1070812969
0
1068668844
0
1071667244
1073741824
1071806841
2684354560
1069051264
0
1070740794
1073741824
1072467827
2684354560
1072070595
1610612736
1072361178
2684354560
1072223990
1610612736
1070650080
1073741824
1071490868
0
1071011889
3221225472
1069214607
0
1069863804
0
1071911228
536870912
1072517254
2147483648
1070349795
0
1072319627
1073741824
1072576591
2147483648
1066067200
0
1071928889
2684354560
1069072742
0
1072482059
3221225472
1072320758
0
1070778104
2147483648
1070926616
2147483648
1071664921
3758096384
1071925966
3221225472
1068544208
0
1072249590
2147483648
1070966806
2147483648
1072040207
1073741824
1072561198
1073741824
1072310747
0
1069255098
0
1071525031
3221225472
1072543944
2147483648
1063931808
0
1071461100
1073741824
1072693247
2684354560
17
