Uvec
2226355706
1071720076
3221225472
1072104801
2684354560
1072567123
3758096384
1068082948
0
1071942438
1073741824
1069928554
0
1067596026
0
1070663958
0
1072298208
2147483648
1071228484
1073741824
1072095532
0
1071695790
2684354560
1072440554
3758096384
1070991950
0
1072140170
3758096384
1070649091
1073741824
1072187351
2147483648
1069725091
2147483648
1069388238
0
1071636547
2147483648
1072034445
1073741824
1071950347
1610612736
1072006994
3758096384
1072091797
3758096384
1072130082
0
1072299910
536870912
1071253826
3221225472
1072440613
1073741824
1071981815
536870912
1072052129
0
1071730009
0
1071535367
3221225472
1070160848
0
1072117806
2147483648
1069741029
2147483648
1070074872
2147483648
1069699614
2147483648
1070600538
3221225472
1070719927
2147483648
1070770183
0
1071879995
1073741824
1072180495
1610612736
1070669581
2147483648
1072241969
2684354560
1066870756
0
1072458235
2684354560
1071807509
3221225472
1068451822
0
1072253182
1610612736
1067944148
0
1072155323
536870912
1072127532
1073741824
1071842792
3221225472
1071887765
0
1068386732
0
1072517228
0
1071653450
536870912
1072417420
2684354560
1072065406
3758096384
1072237358
0
1072019921
3221225472
1072537008
1073741824
1072031718
3221225472
1070108716
2147483648
1071024357
2147483648
1072324864
3221225472
1066807268
0
1071595975
1073741824
1072026070
1073741824
1071653729
1610612736
1071782499
1073741824
1070163814
2147483648
1071844185
1073741824
1072221181
1610612736
1068005586
0
1071711213
1610612736
1071952967
2147483648
1072437106
3221225472
1072673066
3758096384
1070434377
0
1072374902
1073741824
1072144777
2684354560
1071240481
3221225472
1066726816
0
1071995826
2147483648
1070921266
3221225472
1069832671
2147483648
1072677786
0
1071878150
1610612736
1072394263
3221225472
1072640207
2684354560
1071369583
3221225472
1070790636
1073741824
1072381545
0
1068120814
0
1071036825
0
1072033128
1610612736
1070977635
2147483648
1071461100
1073741824
1072693247
2684354560
43
