Uvec
2226355706
1069966817
0
1071306643
2147483648
1068784025
0
1072155618
2147483648
1072243126
1073741824
1070762236
1073741824
1072103924
2684354560
1072068648
0
1069637532
0
1072640214
3221225472
1071416012
2147483648
1072273986
2147483648
1068795185
0
1071568407
3221225472
1070788744
2147483648
1071839119
3758096384
1071717033
2684354560
1072164050
3758096384
1070687515
3221225472
1070142388
0
1071484949
1073741824
1071715472
536870912
1072536445
3221225472
1071832252
2147483648
1071695391
1073741824
1072063726
2147483648
1069084418
0
1071754016
0
1071620016
0
1070050243
2147483648
1072462893
536870912
1068640788
0
1072431792
536870912
1065527688
0
1069953554
0
1070093905
2147483648
1071311719
2147483648
1071368703
0
1072462842
536870912
1072501133
1073741824
1070017707
0
1072540144
3758096384
1072206917
2147483648
1071263905
1073741824
1071427984
1073741824
1072249197
536870912
1070408850
2147483648
1072587510
3221225472
1070890828
1073741824
1072314424
536870912
1071809454
2684354560
1072684815
3221225472
1071895226
2147483648
1072083602
2147483648
1069984241
0
1071820616
2684354560
1072336689
536870912
1062227136
0
1068216296
0
1072560298
2147483648
1070889275
3221225472
1070077378
0
1071140687
2147483648
1072552388
1610612736
1072217628
536870912
1072365897
2147483648
1071903729
2684354560
1071993458
2147483648
1072019220
3221225472
1067471114
0
1072538183
536870912
1069858559
0
1072333488
1073741824
1071133380
2147483648
1071819217
3221225472
1072082555
2684354560
1072115145
3758096384
1072066013
3758096384
1072242846
3221225472
1070743991
1073741824
1072330412
536870912
1070424611
2147483648
1070491432
2147483648
1070801045
0
1071088257
0
1072385080
3758096384
1071701752
3758096384
1068220538
0
1071867226
3758096384
1071077067
2147483648
1071866325
1610612736
1072175145
0
1071963362
2147483648
1069218863
0
1071708874
0
1072173051
536870912
1071472255
0
1072520781
3758096384
1071461100
1073741824
1072693247
2684354560
32
