Uvec
2226355706
1070324420
0
1070766356
1073741824
1071011127
2147483648
1071363310
0
1072202561
0
1072491786
3758096384
1070673123
1073741824
1072282458
2147483648
1071886633
2147483648
1070252158
0
1070258697
2147483648
1067580958
0
1071788944
3221225472
1071308815
1073741824
1069851357
2147483648
1071720708
2684354560
1072161292
2684354560
1072093528
536870912
1072324373
1073741824
1072625819
0
1068500079
0
1071810941
1073741824
1068611295
0
1071752401
1610612736
1070903149
3221225472
1070782600
0
1072069840
536870912
1072169032
3758096384
1072506596
536870912
1071454231
3221225472
1069237860
0
1072143514
2147483648
1072474643
3221225472
1072242909
536870912
1072632927
1073741824
1071243160
3221225472
1069147844
0
1072614417
1073741824
1071538493
0
1071087952
0
1070683373
1073741824
1072173421
0
1071504749
3221225472
1070811163
2147483648
1072279733
3221225472
1070297705
2147483648
1072594053
2147483648
1072574622
2684354560
1072084938
3758096384
1071733347
3758096384
1072665080
1073741824
1071837292
536870912
1072434394
1610612736
1070007992
0
1071655537
3221225472
1072191575
2684354560
1070920902
2147483648
1072601884
1610612736
1070925285
3221225472
1071902768
2147483648
1071178159
0
1068968749
0
1072293459
2147483648
1071848634
3758096384
1071395801
1073741824
1072646538
3758096384
1069899827
2147483648
1067646582
0
1071922126
3221225472
1072199093
2684354560
1068983748
0
1071887822
2147483648
1071681040
536870912
1072362786
1610612736
1071936002
1073741824
1070107631
2147483648
1072300516
1073741824
1072265646
3221225472
1071792981
2684354560
1070061279
2147483648
1071023699
2147483648
1067139936
0
1070512400
2147483648
1071139774
2147483648
1072441057
3758096384
1071996906
0
1071124630
0
1071194022
3221225472
1072240394
3758096384
1072058023
1610612736
1072655376
1073741824
1072123359
3221225472
1071656684
1073741824
1071881691
1073741824
1071775969
536870912
1072558283
536870912
1072425464
536870912
1072535490
1610612736
1071461100
1073741824
1072693247
2684354560
38
