Uvec
2226355706
1071178837
3221225472
1072042900
3221225472
1072586549
0
1068744789
0
1071934851
1610612736
1070428266
2147483648
1070298320
2147483648
1072576146
2684354560
1070521095
2147483648
1071653724
0
1072290865
3758096384
1070935468
2147483648
1071983386
536870912
1071092003
0
1071391496
1073741824
1067136888
0
1072539605
2147483648
1067347448
0
1069652842
0
1071466078
0
1070885121
1073741824
1071198682
3221225472
1072240905
2684354560
1072175422
1610612736
1071335764
0
1072027463
2684354560
1068609433
0
1072310640
536870912
1069880065
2147483648
1072577253
3221225472
1068679017
0
1067894140
0
1067778724
0
1072150431
0
1070785564
2147483648
1071198712
0
1070780603
2147483648
1063264000
0
1068475738
0
1072105618
2684354560
1071931351
1610612736
1070285209
2147483648
1072270039
0
1072625657
1073741824
1072335047
3221225472
1071728982
2147483648
1072657476
536870912
1072301610
2147483648
1072567512
1610612736
1071336905
1073741824
1068619466
0
1071735337
0
1071184242
3221225472
1072470818
0
1072138431
0
1069679804
0
1071824611
3758096384
1072228832
1073741824
1070728815
0
1067050676
0
1071344912
2147483648
1069515672
0
1072452349
2147483648
1071954230
2147483648
1067584776
0
1068874606
0
1067643390
0
1072508272
1073741824
1071793148
3758096384
1072466985
3758096384
1068707817
0
1072289340
1073741824
1072323733
0
1071150957
3221225472
1070928223
3221225472
1069747128
2147483648
1071422695
2147483648
1072220870
3221225472
1071146481
0
1068801074
0
1067606456
0
1072316591
2684354560
1072324460
1610612736
1071375280
1073741824
1072214489
0
1071037095
3221225472
1064788736
0
1072373817
2147483648
1069996589
2147483648
1070633059
1073741824
1070318209
2147483648
1070603651
1073741824
1072566629
1073741824
1071414143
2147483648
1067162628
0
1072678710
3758096384
1070660692
3221225472
1071762093
1073741824
1071461100
1073741824
1072693247
2684354560
10
