Uvec
2226355706
1072275360
1073741824
1070931503
1073741824
1072348462
536870912
1070111359
0
1072081523
2684354560
1067601498
0
1069026216
0
1071945807
2684354560
1070749399
1073741824
1071744691
2684354560
1070691994
1073741824
1071652047
3758096384
1071760451
536870912
1069596817
0
1072026363
536870912
1071227324
3221225472
1065464600
0
1072196385
3758096384
1069759611
0
1071102950
3221225472
1071760687
536870912
1072345594
3221225472
1072043197
2684354560
1070815920
1073741824
1072108629
3758096384
1070806888
3221225472
1070321580
0
1072358875
3758096384
1071766815
2684354560
1071696649
1610612736
1069431947
0
1070751228
1073741824
1070421149
2147483648
1068302812
0
1072478963
1073741824
1072094318
3221225472
1072291378
1610612736
1072166156
3221225472
1071111168
1073741824
1071489017
3221225472
1068710018
0
1066324696
0
1072276212
1073741824
1070384471
2147483648
1069615001
2147483648
1069789637
2147483648
1070890058
2147483648
1072632449
0
1069217209
0
1072426733
1610612736
1070882370
2147483648
1071455480
1073741824
1070375218
0
1072305996
2684354560
1070710110
3221225472
1071409281
1073741824
1070430371
2147483648
1070626118
1073741824
1072353387
0
1071073810
1073741824
1071669449
2147483648
1071032895
1073741824
1071147335
1073741824
1072037318
3758096384
1071205016
3221225472
1072580497
2147483648
1071096303
0
1068183096
0
1071668995
2684354560
1070599651
3221225472
1071840873
2147483648
1069836830
0
1071809603
3758096384
1072587543
536870912
1070602015
0
1070646519
0
1072441223
1073741824
1072650935
536870912
1069074174
0
1070810105
3221225472
1072638752
1610612736
1068833473
0
1071737818
1073741824
1069002465
0
1070707239
3221225472
1072277711
3758096384
1070403841
0
1068436124
0
1070707380
1073741824
1071458720
3221225472
1071649260
2147483648
1070542341
2147483648
1072149086
1073741824
1068740438
0
1072474595
2684354560
1072424926
0
1070332503
0
1072146723
3758096384
1071461100
1073741824
1072693247
2684354560
45
