Uvec
2226355706
1071318499
3221225472
1072495254
536870912
1071752174
1610612736
1072556003
2147483648
1072040788
1610612736
1071301089
3221225472
1072080979
1073741824
1072376607
0
1071503891
3221225472
1065772840
0
1071898395
1073741824
1070565905
0
1069309085
0
1070158226
0
1067683058
0
1070637219
1073741824
1071982831
2147483648
1071647656
2684354560
1071477690
2147483648
1070728179
2147483648
1072244378
2684354560
1071699448
1073741824
1071263656
3221225472
1070551569
0
1071430244
3221225472
1072584388
2684354560
1068274602
0
1072622792
1073741824
1069840812
2147483648
1071518947
1073741824
1071834259
0
1071535996
0
1072117063
1073741824
1072183087
2147483648
1071656949
3221225472
1071894429
2684354560
1069595386
2147483648
1071711594
1073741824
1072339199
3221225472
1072090221
0
1071298638
2147483648
1072074754
2147483648
1071757342
2684354560
1071726516
3221225472
1071034340
0
1071674275
0
1071379650
2147483648
1070524879
2147483648
1071741188
2684354560
1069007975
0
1070697023
1073741824
1069873375
0
1070152722
2147483648
1070300571
0
1071577507
1073741824
1070695109
3221225472
1069855101
2147483648
1070794993
0
1072122188
536870912
1072653588
2684354560
1070426877
0
1072177759
1073741824
1070797522
1073741824
1071003285
2147483648
1072645510
0
1072322353
3758096384
1071813893
536870912
1072410100
536870912
1072406337
0
1071726399
2684354560
1072229794
0
1071280187
1073741824
1072442154
1610612736
1072477263
2147483648
1070090097
0
1072349910
3221225472
1071596553
3221225472
1072614510
3758096384
1072380853
536870912
1067760140
0
1067698568
0
1071735082
3221225472
1072539771
3758096384
1070209053
2147483648
1072338619
2147483648
1071682205
536870912
1070561215
0
1072428744
2147483648
1072145474
3221225472
1072667736
2147483648
1071568857
2147483648
1072003299
3221225472
1071656684
2684354560
1070639408
1073741824
1069028786
0
1072018295
0
1071920312
2147483648
1072583637
1073741824
1071461100
1073741824
1072693247
2684354560
26
