Uvec
2226355706
1072116918
2147483648
1070658081
2147483648
1072199426
2684354560
1071055241
1073741824
1072096816
2684354560
1072396698
2147483648
1071212686
2147483648
1072425027
3758096384
1072354634
2684354560
1072070473
1073741824
1070841233
3221225472
1072493712
3758096384
1071475181
3221225472
1072405617
1610612736
1072294385
2147483648
1072467768
2684354560
1067961046
0
1072539866
1073741824
1071099928
1073741824
1071510659
2147483648
1071660451
0
1070222883
2147483648
1071645114
536870912
1072455845
2147483648
1072433893
0
1072283216
1073741824
1070462538
2147483648
1069608165
2147483648
1071147094
1073741824
1071530890
1073741824
1070096248
0
1072687765
536870912
1072657987
1610612736
1071058130
1073741824
1071472273
0
1071221218
2147483648
1071096627
0
1070728213
2147483648
1069381144
0
1071740532
3221225472
1071692721
536870912
1072321316
3221225472
1071508332
3221225472
1070695915
2147483648
1072600883
2147483648
1071758350
3758096384
1072099611
0
1072138722
2147483648
1072001059
536870912
1071807303
3221225472
1072661722
3758096384
1072667540
0
1071223413
0
1070767494
0
1070818929
0
1071868379
1610612736
1072638070
0
1072409616
1073741824
1071946707
536870912
1070886488
3221225472
1070939661
1073741824
1070699226
3221225472
1072156228
1073741824
1071885650
2684354560
1072012933
0
1069806849
2147483648
1071653107
1610612736
1071683232
536870912
1072604098
536870912
1071243331
1073741824
1072536493
1610612736
1070354845
0
1070911248
1073741824
1071672952
3758096384
1071932375
536870912
1072624550
2147483648
1070741849
2147483648
1071061754
1073741824
1072318524
3758096384
1072384266
536870912
1072028279
3758096384
1070953330
2147483648
1071407286
1073741824
1072171755
3758096384
1070465709
0
1070393835
0
1071187564
0
1071813982
1610612736
1071768090
536870912
1072147170
2147483648
1069274969
0
1071379238
0
1071351244
0
1071213185
0
1072123637
3221225472
1070849508
3221225472
1070512636
0
1071949473
1610612736
1071461100
1073741824
1072693247
2684354560
68
