Uvec
2226355706
1072348430
2147483648
1072228345
1610612736
1072434671
2147483648
1071855283
2147483648
1071649408
2147483648
1072655810
1073741824
1070811238
0
1072665208
3221225472
1070898179
3221225472
1071047327
1073741824
1071343799
0
1069808500
0
1068557258
0
1072491897
3758096384
1072036128
2147483648
1071747256
0
1070789368
0
1068280462
0
1070373140
2147483648
1071467655
0
1072552294
2147483648
1072396180
1610612736
1070040916
2147483648
1070979322
2147483648
1071323106
0
1071572882
2147483648
1070540875
0
1069280746
0
1067867042
0
1051721728
0
1072562717
536870912
1070715237
1073741824
1071605857
2147483648
1071127420
1073741824
1071341644
1073741824
1070345199
2147483648
1072539846
3758096384
1071086773
2147483648
1068553499
0
1071898946
1610612736
1071811972
536870912
1072143659
2147483648
1072109076
2684354560
1069827524
2147483648
1071408923
1073741824
1071759554
2684354560
1071931423
1610612736
1070708682
3221225472
1071304486
0
1072447322
536870912
1071082235
3221225472
1072413881
3758096384
1070696375
2147483648
1072617419
0
1071662076
1073741824
1071913875
0
1071681188
2684354560
1067502866
0
1071710346
2147483648
1071239427
2147483648
1071532655
0
1072357862
536870912
1071968277
1073741824
1071679363
2684354560
1072253824
536870912
1071755913
3221225472
1070157127
0
1069672945
2147483648
1072181220
1610612736
1070935169
1073741824
1069422297
0
1072616669
1073741824
1072522031
2147483648
1072560698
536870912
1072607703
2684354560
1072121101
1610612736
1069572202
0
1071847266
3758096384
1072249591
536870912
1072359919
0
1072265092
536870912
1072053382
3221225472
1071120468
2147483648
1067605598
0
1071926283
1073741824
1071899817
0
1068618201
0
1072170642
3221225472
1072116047
2684354560
1072626445
1610612736
1070869791
0
1066620088
0
1070994169
2147483648
1070645217
0
1071932500
2684354560
1072026853
2684354560
1072074664
2684354560
1072371252
2147483648
1071461100
1073741824
1072693247
2684354560
84
