Uvec
2226355706
1072460601
0
1071653103
1073741824
1071179460
0
1071879938
2147483648
1071869178
2684354560
1072026830
3758096384
1065639792
0
1072346528
536870912
1071059427
1073741824
1071609816
1073741824
1072439890
536870912
1072347357
3221225472
1071266587
0
1071383396
3221225472
1071981741
536870912
1072686094
3758096384
1070066205
2147483648
1070680154
2147483648
1070801519
0
1069544746
0
1071898722
2684354560
1070621903
2147483648
1072562987
536870912
1072193677
1073741824
1071118469
1073741824
1069018092
0
1071397996
3221225472
1071019179
2147483648
1072430631
1073741824
1072323470
1610612736
1066416344
0
1072267041
1610612736
1071035920
3221225472
1071629293
0
1071232634
2147483648
1071490022
1073741824
1072347707
2147483648
1071831043
3758096384
1071662743
1610612736
1072021418
1610612736
1072242959
3758096384
1070606636
3221225472
1070273624
0
1071166714
1073741824
1071548783
3221225472
1071167650
0
1071740944
2147483648
1070906467
3221225472
1072658032
3221225472
1072592661
3221225472
1072456937
2684354560
1071612900
1073741824
1070400006
0
1070826367
1073741824
1072041934
2684354560
1070709313
0
1071031813
3221225472
1070710754
2147483648
1071643472
0
1070732043
3221225472
1071594496
0
1070812737
1073741824
1071328401
1073741824
1070753034
0
1071603810
2147483648
1070457027
0
1070130870
0
1071741476
536870912
1071503503
2147483648
1071004319
0
1070695305
3221225472
1071632955
1073741824
1071513947
1073741824
1072196008
1610612736
1072172414
2147483648
1071659634
3758096384
1072277199
3758096384
1071729485
1073741824
1071129836
2147483648
1072252047
536870912
1068796083
0
1069229057
0
1070993691
3221225472
1072364975
0
1068678721
0
1072309702
2684354560
1068872147
0
1072323760
3758096384
1068137280
0
1069905791
0
1070314696
2147483648
1070105672
2147483648
1072365198
2684354560
1072271118
1073741824
1070886721
3221225472
1071875843
1073741824
1070042176
0
1071672780
0
1071461100
1073741824
1072693247
2684354560
54
