Uvec
2226355706
1072530012
0
1068058048
0
1072271343
3758096384
1072350038
0
1071869092
2684354560
1070009796
0
1072499024
536870912
1069688731
2147483648
1067834372
0
1072150537
3221225472
1070697405
0
1071270699
1073741824
1072241099
3221225472
1070125760
0
1072564261
1610612736
1072142957
2684354560
1072339110
2684354560
1070275266
2147483648
1072568351
3221225472
1068798991
0
1070479524
0
1071356835
0
1070452569
2147483648
1071084303
1073741824
1071691577
536870912
1070760646
2147483648
1072493519
536870912
1070920777
3221225472
1066272584
0
1071715322
0
1072278269
1073741824
1071794777
2684354560
1072458807
2684354560
1069403763
0
1072145599
1610612736
1072078656
1073741824
1070900545
0
1072231205
3221225472
1072557345
1610612736
1072585511
3758096384
1068404054
0
1071611511
3221225472
1072497488
3221225472
1071980784
0
1072564593
1610612736
1070773364
1073741824
1072040064
2147483648
1071351915
1073741824
1069316997
0
1072519670
3221225472
1072076007
2147483648
1072555089
1073741824
1071249563
2147483648
1071162602
1073741824
1068232806
0
1068662582
0
1072315307
1610612736
1072331459
536870912
1072554152
3221225472
1072574542
3758096384
1071982569
3221225472
1070630675
0
1071419448
2147483648
1071856398
2684354560
1072565819
2684354560
1071714495
2684354560
1072525194
3758096384
1070897078
1073741824
1072027945
536870912
1070441345
0
1071938385
1073741824
1070000208
0
1070577158
0
1072274394
1610612736
1070953902
3221225472
1069652624
2147483648
1070800237
2147483648
1068775495
0
1064747648
0
1072548844
1610612736
1071222314
0
1067712136
0
1071945098
2684354560
1072024955
3758096384
1070294664
2147483648
1071837583
2147483648
1072497320
0
1072125511
2684354560
1072485667
3758096384
1071426993
0
1069240368
0
1066470588
0
1071874956
3758096384
1072294820
3221225472
1068369706
0
1072372328
1610612736
1069863957
0
1072540254
3221225472
1071461100
1073741824
1072693247
2684354560
45
