Uvec
2226355706
1070600753
2147483648
1071234416
0
1067954242
0
1071828177
3758096384
1071337059
1073741824
1072034471
536870912
1070609940
0
1070645210
1073741824
1072104547
2147483648
1071849400
3758096384
1069049343
0
1071022557
3221225472
1071989736
0
1071852775
2147483648
1071010797
2147483648
1070812128
1073741824
1071041299
1073741824
1070769892
2147483648
1072358393
2684354560
1070064158
2147483648
1072586129
1073741824
1069669638
2147483648
1071127312
1073741824
1071861181
1610612736
1071524737
3221225472
1069581320
0
1070717014
1073741824
1072322578
1610612736
1072668198
3758096384
1070554511
0
1072615424
3758096384
1070602719
3221225472
1072541555
1610612736
1072280701
3221225472
1072182521
2684354560
1072161882
2147483648
1069991022
0
1068502726
0
1068390270
0
1072582418
536870912
1071346197
0
1072186312
2684354560
1071338055
3221225472
1072058429
1073741824
1072691535
3758096384
1072166045
1073741824
1072578915
0
1071655765
1073741824
1070724099
0
1071535881
2147483648
1070318467
0
1070959416
0
1072406086
1073741824
1070787223
3221225472
1070634280
0
1072387906
3221225472
1071653552
1073741824
1071380865
0
1069541154
0
1071813296
3758096384
1070673795
2147483648
1069439103
0
1071937576
3221225472
1072227116
3758096384
1071042803
3221225472
1070167077
2147483648
1070810793
0
1072331765
2684354560
1071470327
2147483648
1071537704
2147483648
1062563520
0
1072163661
2684354560
1069991199
0
1069662829
2147483648
1070940860
0
1072558924
0
1070780269
1073741824
1071775249
2684354560
1070125008
0
1071470190
2147483648
1071665004
1610612736
1072622037
1610612736
1071417651
0
1068127108
0
1072399574
536870912
1070565682
0
1063699744
0
1071083547
3221225472
1072361675
0
1069216450
0
1072295799
2147483648
1072439468
1073741824
1070727841
2147483648
1070277605
2147483648
1070317392
2147483648
1072034183
536870912
1072171346
3758096384
1072593394
3221225472
1071461100
1073741824
1072693247
2684354560
58
