Uvec
2226355706
1072041797
0
1066409424
0
1072363214
1610612736
1072434284
1610612736
1069549364
0
1072439999
3221225472
1066238328
0
1072082410
1073741824
1072339121
536870912
1072078634
3758096384
1071844731
1610612736
1072518436
2684354560
1069862565
2147483648
1068246002
0
1072408607
3758096384
1072003673
1073741824
1071397079
3221225472
1072306404
0
1072070562
3221225472
1072526394
1073741824
1071529489
1073741824
1070554822
2147483648
1072002571
3221225472
1070948912
3221225472
1071615309
2147483648
1070424461
0
1071280002
2147483648
1070630414
0
1072216638
1610612736
1071842895
1610612736
1071678320
536870912
1072402893
2684354560
1070116661
2147483648
1071566684
2147483648
1061533440
0
1069699482
0
1072101767
536870912
1072543769
3758096384
1071807361
3758096384
1070175001
2147483648
1070365150
0
1071700702
2147483648
1072468126
536870912
1070045143
0
1072455088
2147483648
1071710014
3221225472
1071766654
3221225472
1071748171
2147483648
1070597386
2147483648
1072303377
1610612736
1069232172
0
1072574588
0
1070846342
0
1070367792
2147483648
1072132661
1073741824
1071711922
2147483648
1072609091
2684354560
1072224831
0
1068744518
0
1068305798
0
1072466686
3221225472
1071406069
3221225472
1071112855
3221225472
1071941940
3758096384
1066536796
0
1072263480
0
1070078476
0
1071755902
536870912
1069273180
0
1071761952
1610612736
1072153487
0
1072338890
536870912
1072204079
1610612736
1070835014
3221225472
1072312696
536870912
1070634872
0
1067268320
0
1071058805
3221225472
1070786045
0
1069212901
0
1072099970
3758096384
1067674828
0
1071953985
0
1071489003
0
1071123226
3221225472
1072198428
2684354560
1065926104
0
1071725936
2684354560
1072260291
3758096384
1072079449
536870912
1072099212
1610612736
1071187239
2147483648
1072678006
3758096384
1070858444
2147483648
1070982221
0
1069435361
0
1068690987
0
1072610623
1610612736
1071461100
1073741824
1072693247
2684354560
66
