Uvec
2226355706
1072188606
1073741824
1071853572
2147483648
1072176986
3221225472
1072190912
1610612736
1072414445
2684354560
1069471399
0
1068852665
0
1071300629
2147483648
1069299247
0
1072001295
3221225472
1071763086
2147483648
1071513785
1073741824
1072133879
3758096384
1071906495
3758096384
1071597993
2147483648
1069953124
0
1072061218
536870912
1070724578
1073741824
1072643986
2147483648
1071651327
0
1072105808
2684354560
1071657352
3221225472
1070112013
2147483648
1072231107
1610612736
1070849130
0
1070998975
2147483648
1072056041
1610612736
1071503563
0
1070919940
0
1071423088
2147483648
1072262250
1610612736
1068483190
0
1071420059
0
1071565406
3221225472
1070485683
0
1070829509
0
1072176870
2684354560
1072016692
3758096384
1072494747
1610612736
1072192999
3221225472
1071641610
0
1072129748
0
1069754060
2147483648
1072509815
2147483648
1071498515
3221225472
1070694538
2147483648
1071517435
1073741824
1071821362
536870912
1069617736
2147483648
1071761613
3758096384
1065681176
0
1070868054
3221225472
1072457566
536870912
1070806930
2147483648
1070859831
2147483648
1071800621
1073741824
1068669233
0
1072685446
2684354560
1069708501
0
1069788058
2147483648
1072627402
0
1072272150
1610612736
1069517963
0
1071032531
0
1072600576
3758096384
1072670905
536870912
1067072148
0
1069687720
0
1072448189
3758096384
1072434535
0
1071487738
2147483648
1072108192
2684354560
1071434886
1073741824
1072631230
3758096384
1070991538
3221225472
1072169098
3221225472
1070557558
0
1072157175
1073741824
1071141342
0
1069830093
2147483648
1067864928
0
1069562275
2147483648
1071655296
0
1072138120
3758096384
1072615541
1610612736
1072122420
1073741824
1072493719
536870912
1071945001
3758096384
1069949720
2147483648
1071933684
2684354560
1069765240
2147483648
1071771607
2684354560
1071920125
3221225472
1072463560
3221225472
1071993811
2147483648
1071886101
2147483648
1071761127
3758096384
1070285819
0
1071461100
1073741824
1072693247
2684354560
38
