Uvec
2226355706
1072216219
536870912
1071998443
1610612736
1070576759
2147483648
1068378078
0
1072200559
3758096384
1071900390
3221225472
1068620478
0
1072274191
2684354560
1071148921
0
1071968672
1610612736
1069754643
2147483648
1071698709
3758096384
1071688372
1610612736
1072087668
2147483648
1071420897
0
1072073254
2147483648
1072431633
536870912
1070663491
0
1071737104
0
1072266381
3758096384
1070875535
3221225472
1070976015
2147483648
1072547308
2684354560
1069281708
0
1071053207
0
1068813581
0
1071789221
3758096384
1071700476
3221225472
1072607220
3221225472
1071886876
1610612736
1070530173
2147483648
1072692855
536870912
1072433675
0
1071569090
0
1072252880
2147483648
1070100573
0
1068670495
0
1071203654
0
1072678685
1073741824
1070921723
1073741824
1071909840
536870912
1071914235
1610612736
1071364349
2147483648
1069926624
2147483648
1072564933
0
1072304218
3758096384
1067929280
0
1070050544
2147483648
1072639516
3758096384
1071588265
2147483648
1063762880
0
1067611998
0
1070146064
0
1072486278
1610612736
1069932155
2147483648
1068130266
0
1071922370
536870912
1072599642
2684354560
1069557608
0
1070199396
0
1071914018
1610612736
1072017862
1610612736
1071986230
1610612736
1069144866
0
1070916400
3221225472
1072271800
536870912
1072416781
1610612736
1071741232
2147483648
1070987966
2147483648
1072603392
2684354560
1071936583
0
1071269832
3221225472
1072640669
2147483648
1070380376
2147483648
1072434128
3758096384
1071183061
1073741824
1072691067
1073741824
1072653867
536870912
1070492731
0
1070892283
0
1072177014
2684354560
1069939794
2147483648
1065961192
0
1072543421
3758096384
1068201186
0
1069866286
2147483648
1072596785
2147483648
1071430580
0
1072180757
2147483648
1068300126
0
1067749566
0
1071963137
3221225472
1072057418
536870912
1069074989
0
1071914138
2684354560
1071814249
3221225472
1067840528
0
1072410911
3758096384
1071461100
1073741824
1072693247
2684354560
17
