Uvec
2226355706
1068821140
0
1072224122
3221225472
1072324173
2684354560
1071414011
2147483648
1071714515
0
1070889632
1073741824
1063325600
0
1072339482
3221225472
1072142919
536870912
1072236783
536870912
1072377074
536870912
1070456994
2147483648
1072332475
536870912
1072674414
1073741824
1071232009
0
1071737555
3758096384
1071891210
2147483648
1071493715
1073741824
1071382547
2147483648
1071768607
0
1072101368
3221225472
1069590458
2147483648
1072545734
2147483648
1071743001
1610612736
1070561690
0
1071475139
1073741824
1070921395
0
1071370113
3221225472
1072167959
0
1066989952
0
1072215826
3758096384
1072015440
2684354560
1071510839
1073741824
1072151037
2684354560
1072228669
2147483648
1070213477
2147483648
1072220109
1610612736
1071995773
536870912
1072454031
2684354560
1067639746
0
1070508585
2147483648
1067544322
0
1071310599
0
1071397590
0
1069825097
2147483648
1071677417
1073741824
1072381493
2147483648
1069527823
0
1072300624
1610612736
1072622416
3221225472
1071333450
2147483648
1069760077
2147483648
1072493754
536870912
1071122639
2147483648
1071960413
1073741824
1072439330
3758096384
1071641687
0
1072486189
2147483648
1067691090
0
1070843009
2147483648
1072155426
2684354560
1072244402
536870912
1072573055
3221225472
1072093186
536870912
1071208126
2147483648
1069598227
2147483648
1072447408
1610612736
1072274750
1610612736
1070097757
0
1072422662
1610612736
1072115320
1610612736
1072126332
536870912
1072510480
2684354560
1070930983
1073741824
1072503664
3221225472
1071070979
3221225472
1070356564
2147483648
1071908178
2147483648
1072600173
3221225472
1070662715
1073741824
1071897944
0
1069471379
0
1068697716
0
1071434955
1073741824
1072041746
0
1072267840
2147483648
1072454822
0
1071599705
0
1071640422
1073741824
1070229194
0
1067160144
0
1072201214
1610612736
1071047873
0
1071629753
1073741824
1071099491
2147483648
1068898658
0
1071995383
1610612736
1071893546
3758096384
1071461100
1073741824
1072693247
2684354560
21
