Uvec
2226355706
1068571176
0
1071837329
2684354560
1071582754
3221225472
1070027558
0
1069886345
2147483648
1071688224
0
1072250664
1073741824
1072215557
2684354560
1070682742
0
1071824828
2684354560
1072670169
0
1069746699
2147483648
1068311698
0
1072032553
2147483648
1071812137
2147483648
1071891216
3758096384
1071488255
2147483648
1072109953
3221225472
1071243681
1073741824
1072584278
3221225472
1070078603
2147483648
1072004051
2147483648
1067372956
0
1072158844
2147483648
1072390062
2684354560
1072531529
0
1071681283
0
1072098307
1610612736
1071809823
2147483648
1068747856
0
1072279344
2147483648
1066548572
0
1072178331
536870912
1072589851
0
1072616271
0
1072098237
3221225472
1071061732
2147483648
1069762018
0
1072329673
2684354560
1072652995
536870912
1071684210
1610612736
1071439246
0
1070000478
0
1072434670
3221225472
1072154565
2147483648
1071740127
1610612736
1071011161
0
1071257685
0
1071100997
1073741824
1072050088
536870912
1070398223
0
1070719046
2147483648
1072617339
3758096384
1072220629
2147483648
1071979826
2147483648
1072518756
3221225472
1072528736
536870912
1068876211
0
1071994457
0
1070546210
2147483648
1069108451
0
1071295218
1073741824
1072087004
0
1071176104
1073741824
1072469643
1073741824
1071029037
0
1071442226
2147483648
1072393778
3758096384
1068075736
0
1072398322
3221225472
1064694528
0
1071669295
1610612736
1072353427
536870912
1071916871
2684354560
1072099237
1610612736
1070606697
1073741824
1072201447
0
1070937085
2147483648
1069457081
0
1067087276
0
1068743940
0
1069632163
2147483648
1071205953
3221225472
1065420504
0
1071057025
1073741824
1072112699
0
1067170464
0
1072660009
1610612736
1072109104
3758096384
1071541931
1073741824
1071098911
2147483648
1071458880
2147483648
1072540198
3221225472
1072572889
0
1071969269
3221225472
1070755907
3221225472
1071713428
1073741824
1072442343
2684354560
1071461100
1073741824
1072693247
2684354560
90
