Uvec
2226355706
1070785991
3221225472
1072293055
3758096384
1070611796
3221225472
1069388566
0
1072529395
2147483648
1072623907
1610612736
1071161056
3221225472
1069193476
0
1071294201
1073741824
1072335636
2684354560
1069293759
0
1071671089
3221225472
1071544201
0
1071472591
2147483648
1070288826
2147483648
1072340142
2684354560
1069233845
0
1072059812
3758096384
1071066915
0
1071150929
0
1070616367
1073741824
1069410494
0
1071842469
536870912
1068509702
0
1067745020
0
1066159264
0
1072534262
1073741824
1071177656
3221225472
1068609991
0
1070375699
2147483648
1072410539
0
1072107763
2684354560
1072194107
2684354560
1072224997
1610612736
1071712227
2684354560
1071694133
1073741824
1071460058
3221225472
1070043626
2147483648
1070776572
1073741824
1071820751
0
1069107735
0
1070007481
0
1071634118
3221225472
1071997328
536870912
1072595744
3221225472
1070885021
1073741824
1070554898
2147483648
1071384064
3221225472
1072438941
3221225472
1071915265
1610612736
1069834081
2147483648
1071037094
0
1070768470
2147483648
1070561276
0
1071895605
536870912
1072535194
3758096384
1072034056
2684354560
1066657072
0
1071884637
1610612736
1072427618
3221225472
1072455149
536870912
1069641919
2147483648
1071535443
2147483648
1068924791
0
1072069980
536870912
1071335996
0
1067454548
0
1071076711
0
1071732105
2147483648
1070907033
1073741824
1071391797
0
1066652540
0
1072328040
536870912
1072081098
2147483648
1071608388
1073741824
1072508952
536870912
1071938655
0
1070357284
0
1070839819
2147483648
1071654314
1610612736
1069564852
0
1067615380
0
1071768299
3758096384
1072045777
3221225472
1072114185
2684354560
1070371108
2147483648
1072601605
3758096384
1071332961
0
1071938714
1610612736
1071672412
1073741824
1072126451
536870912
1071981271
2684354560
1069965067
2147483648
1071812983
2684354560
1071800648
536870912
1071548630
2147483648
1071671628
2147483648
1069645241
2147483648
1071461100
1073741824
1072693247
2684354560
41
