Uvec
2226355706
1071876021
1073741824
1071587384
0
1070266461
2147483648
1069489118
0
1071941009
2147483648
1072146261
2684354560
1070897644
2147483648
1071752185
1610612736
1071427014
0
1066832724
0
1067777440
0
1068745550
0
1070865536
0
1072463061
1073741824
1069952669
0
1071481236
0
1071073079
0
1071612384
3221225472
1072039896
1610612736
1068441190
0
1071044482
1073741824
1072459824
2684354560
1072095454
1073741824
1072134993
2147483648
1072232202
2147483648
1070417481
2147483648
1072325515
536870912
1067725990
0
1071196143
0
1070764581
2147483648
1072324971
1610612736
1070538560
2147483648
1072157860
2147483648
1071547099
3221225472
1072129102
0
1071906528
3221225472
1071954767
2147483648
1072428209
536870912
1072516083
1610612736
1071497546
3221225472
1069585811
2147483648
1070652636
2147483648
1072476801
3221225472
1071754877
1610612736
1071711439
2147483648
1069266641
0
1070675489
1073741824
1072656264
536870912
1071836918
1073741824
1072558911
3758096384
1072638904
2684354560
1071252643
3221225472
1072477237
1610612736
1071764815
1073741824
1071970475
536870912
1071101771
0
1072185626
1610612736
1072506756
536870912
1070402528
0
1069000102
0
1072064101
1610612736
1072603322
1610612736
1070653892
0
1066701232
0
1067296716
0
1071744494
3758096384
1070846843
3221225472
1071142659
2147483648
1071461948
3221225472
1069101098
0
1072401323
3758096384
1072291954
0
1071285913
0
1071642678
2147483648
1071292870
1073741824
1072676486
2684354560
1071483455
3221225472
1069924711
0
1071658056
3221225472
1070638268
1073741824
1070341538
0
1072330518
536870912
1072667218
0
1072574439
1610612736
1072531671
3221225472
1071080838
2147483648
1071409228
0
1070502948
2147483648
1070994039
2147483648
1070629990
1073741824
1072540389
1610612736
1072579324
2684354560
1072237856
536870912
1072245844
2147483648
1071831828
536870912
1071667840
1073741824
1072326129
1073741824
1070127160
2147483648
1071461100
1073741824
1072693247
2684354560
60
