Uvec
2226355706
1072177748
2684354560
1071623814
2147483648
1072457976
536870912
1069737086
0
1070959737
3221225472
1072506646
536870912
1070365561
2147483648
1070513949
2147483648
1069938546
0
1066677088
0
1069375231
0
1072048853
2147483648
1067692196
0
1072302158
536870912
1072514042
1073741824
1071614123
0
1072687956
2147483648
1068119592
0
1072321444
536870912
1072622566
1073741824
1071176231
2147483648
1072074717
536870912
1071837715
536870912
1070039680
2147483648
1072309416
2684354560
1070186615
2147483648
1070075036
2147483648
1069649590
2147483648
1071788874
3221225472
1071466095
0
1071836458
536870912
1070388408
0
1070764125
3221225472
1072566694
2684354560
1071011604
2147483648
1067723832
0
1072000381
3758096384
1072146396
3221225472
1070209262
2147483648
1071406144
0
1072370963
1610612736
1067799920
0
1071079530
3221225472
1071378414
3221225472
1071309353
3221225472
1071944085
3758096384
1070968998
1073741824
1072201959
1073741824
1072059972
2147483648
1069908360
0
1072021064
3221225472
1068959795
0
1071222984
1073741824
1071709016
3221225472
1069908141
0
1072407562
3758096384
1069499937
0
1072608786
536870912
1069510096
0
1071677172
2147483648
1072361467
1073741824
1069376441
0
1069109905
0
1069365281
0
1070724455
3221225472
1072070053
3221225472
1072247876
1610612736
1071894326
2147483648
1070799197
2147483648
1072688510
3758096384
1072414898
2684354560
1072176969
3758096384
1070864418
2147483648
1071885167
3221225472
1068266146
0
1068871787
0
1072529561
1073741824
1069876270
0
1072390380
2147483648
1072433330
2684354560
1071934989
3221225472
1069560369
0
1071547381
0
1071903109
536870912
1071326834
1073741824
1070355829
0
1071752786
2684354560
1071923486
2684354560
1069472213
0
1072359582
3221225472
1071926735
1073741824
1062836864
0
1072004785
2684354560
1070972787
3221225472
1071053926
1073741824
1071737459
0
1072073661
2147483648
1070815810
2147483648
1071461100
1073741824
1072693247
2684354560
26
