Uvec
2226355706
1071107244
1073741824
1069672439
2147483648
1071296763
3221225472
1071950115
1610612736
1070993319
0
1070216224
2147483648
1072058049
1610612736
1071036404
2147483648
1065137792
0
1071910496
3758096384
1072480278
2147483648
1072540729
1073741824
1071936364
0
1071574132
3221225472
1069316771
0
1066614648
0
1072622141
1610612736
1072015992
0
1072575139
1610612736
1067596714
0
1066666292
0
1071645246
1073741824
1069985420
2147483648
1072277162
0
1072114202
3221225472
1070098019
0
1072451421
3221225472
1065559232
0
1070851321
0
1069424433
0
1072264822
536870912
1066448400
0
1071957856
536870912
1071320047
2147483648
1068471064
0
1071115336
3221225472
1071892409
2147483648
1071961273
536870912
1071857886
3221225472
1071141275
3221225472
1072150317
3758096384
1071687480
2684354560
1072339418
0
1066877484
0
1071963804
3221225472
1068548306
0
1070354521
2147483648
1072013392
536870912
1068985311
0
1070949756
2147483648
1069340557
0
1069422587
0
1071979608
2147483648
1068550215
0
1070125137
0
1067650636
0
1071136653
0
1070065696
2147483648
1071770318
3221225472
1070256529
2147483648
1069559638
0
1070398769
0
1070738011
3221225472
1072133980
2684354560
1071706903
2684354560
1071192026
3221225472
1069772969
0
1072453163
1610612736
1070702985
2147483648
1072623656
536870912
1066504552
0
1071103161
3221225472
1072113408
1073741824
1072303192
3758096384
1071013482
0
1072501343
0
1072211466
536870912
1071370632
2147483648
1069346891
0
1072591090
1073741824
1072251499
536870912
1070817768
1073741824
1070755540
1073741824
1072615610
536870912
1070877976
1073741824
1071328430
1073741824
1072040866
0
1071259317
3221225472
1071317397
0
1072041328
3221225472
1071841417
1073741824
1072365157
3221225472
1069274697
0
1069516553
0
1072275927
2684354560
1069750368
2147483648
1072124506
2147483648
1071199229
1073741824
1071461100
1073741824
1072693247
2684354560
13
