Uvec
2226355706
1068156754
0
1072441371
3758096384
1072484280
0
1071704320
3221225472
1071048887
0
1072639642
536870912
1072124532
1073741824
1071763957
1073741824
1072676890
2147483648
1071976170
1073741824
1071962848
536870912
1072278122
536870912
1072525906
2684354560
1071430113
0
1070856861
0
1071136827
2147483648
1069606807
0
1069473047
0
1071922734
1610612736
1072650540
2147483648
1071581735
1073741824
1071787261
3758096384
1071615156
0
1070788926
1073741824
1071127095
0
1072668598
1073741824
1070984014
3221225472
1072434560
2684354560
1071280937
2147483648
1070782582
1073741824
1070725784
3221225472
1071981675
2684354560
1070010973
2147483648
1072393562
3758096384
1068244468
0
1069540448
0
1072553041
0
1070475260
0
1072427702
3221225472
1072354824
0
1072121197
1073741824
1070641281
0
1071105380
2147483648
1071986479
3758096384
1068424184
0
1071114318
0
1069705872
2147483648
1070834773
3221225472
1071991761
536870912
1071759028
3221225472
1071540023
1073741824
1071812222
1610612736
1072326361
3221225472
1072476769
0
1071036456
2147483648
1072264731
2684354560
1068992114
0
1070920652
3221225472
1072610905
536870912
1071959727
0
1071390053
1073741824
1071722216
0
1072322165
1610612736
1071206966
2147483648
1069762556
2147483648
1072350434
2684354560
1070674913
1073741824
1072029841
3758096384
1070065358
0
1070802097
3221225472
1070796387
3221225472
1071650769
2147483648
1072079353
2147483648
1071691808
536870912
1072366697
536870912
1070949161
0
1072623906
3758096384
1069534476
0
1071515078
3221225472
1070684545
3221225472
1071375465
2147483648
1070287563
2147483648
1072548272
2147483648
1070299603
2147483648
1071965797
3758096384
1072467193
1073741824
1071877344
3221225472
1072612901
3758096384
1071742066
2684354560
1071733432
536870912
1071856782
3221225472
1068679898
0
1072396820
1073741824
1070984972
2147483648
1069811620
0
1071865086
1073741824
1070282450
0
1072178173
0
1071461100
1073741824
1072693247
2684354560
87
