Uvec
2226355706
1072370234
0
1071521389
2147483648
1071425178
1073741824
1071533786
2147483648
1071310463
3221225472
1069669104
2147483648
1071604639
1073741824
1069113614
0
1072319193
2147483648
1072259004
0
1071644093
2147483648
1070870913
2147483648
1072164819
3758096384
1069093910
0
1072099363
3221225472
1072162410
1073741824
1071588107
0
1070724904
0
1071435608
0
1071356318
1073741824
1070610745
1073741824
1072550286
2147483648
1071765047
1073741824
1070995855
2147483648
1072608906
1073741824
1072235368
2684354560
1072433167
0
1071936134
2684354560
1069702150
2147483648
1071875641
2684354560
1071908026
3221225472
1072329649
1073741824
1071588094
2147483648
1071759011
1073741824
1072607410
3758096384
1072295384
0
1070058939
2147483648
1072648334
3221225472
1070461466
2147483648
1071887954
2147483648
1070825541
0
1072244064
2147483648
1072299299
3758096384
1070685834
0
1072273470
3758096384
1072522102
536870912
1072101036
1610612736
1072573848
3221225472
1071862751
3221225472
1068615539
0
1069236538
0
1071934341
2147483648
1072487910
0
1072107731
2147483648
1071380011
2147483648
1072185216
1610612736
1072077566
0
1069705611
2147483648
1072447106
1073741824
1071852512
1610612736
1067761966
0
1071854224
2684354560
1070291384
0
1072400943
1610612736
1071528247
0
1072275639
1073741824
1070602230
1073741824
1072309963
0
1072252492
2684354560
1069418959
0
1072294227
2684354560
1072087353
0
1071705327
1073741824
1070430045
2147483648
1072302692
3221225472
1071105237
0
1070706907
3221225472
1067682998
0
1070451607
2147483648
1072202843
2684354560
1071159837
1073741824
1072079619
3758096384
1072257988
2684354560
1072260008
536870912
1071653836
1610612736
1072430851
1073741824
1072342108
1073741824
1071990669
1610612736
1069455196
0
1071250802
3221225472
1069549537
2147483648
1071929130
1610612736
1071759608
2147483648
1072042424
3758096384
1070074934
0
1072479619
0
1068079104
0
1070013892
2147483648
1071461100
1073741824
1072693247
2684354560
86
