Uvec
2226355706
1068833503
0
1066826800
0
1070188183
2147483648
1069164037
0
1071810406
2147483648
1071266655
2147483648
1068147214
0
1071891711
0
1071278742
0
1071649140
2147483648
1067819744
0
1071433883
2147483648
1070964743
1073741824
1068120224
0
1071088156
3221225472
1070405999
2147483648
1068951871
0
1068869506
0
1070183692
2147483648
1072414496
1610612736
1071984517
1073741824
1069798642
0
1071745715
2684354560
1070777449
3221225472
1072271675
3221225472
1072546197
2147483648
1072335204
2147483648
1072665437
1073741824
1070918609
1073741824
1072077225
2684354560
1071616316
2147483648
1070873769
1073741824
1072590165
1073741824
1071603549
3221225472
1071995615
2684354560
1072376926
3221225472
1063537472
0
1070117661
0
1072368446
3758096384
1071923353
0
1067163056
0
1070953373
1073741824
1072110449
2684354560
1072347446
2147483648
1071841457
3221225472
1071205183
2147483648
1068254264
0
1072248783
3221225472
1072659308
536870912
1070445097
2147483648
1068846121
0
1072084274
3758096384
1072063740
1610612736
1070042696
0
1071851513
536870912
1072057643
2147483648
1069019700
0
1070201296
0
1071739183
2147483648
1071885079
2147483648
1072088756
2684354560
1067887804
0
1072148144
536870912
1072668005
1610612736
1071311675
3221225472
1070362728
2147483648
1072423840
1073741824
1071718006
1610612736
1072103240
2684354560
1071524551
2147483648
1072135218
536870912
1072220071
3221225472
1071146648
2147483648
1070996606
0
1071952857
3758096384
1070797569
2147483648
1072375493
1073741824
1069667032
0
1072437138
2147483648
1072348099
3221225472
1072180814
3758096384
1068728298
0
1070755816
0
1072326764
1610612736
1068779250
0
1066523232
0
1068131694
0
1071445044
3221225472
1070627535
1073741824
1071933623
1073741824
1071688546
3221225472
1070897977
0
1070974893
3221225472
1071925431
3221225472
1072510286
2684354560
1071207008
0
1070611473
3221225472
1071883818
1073741824
1071461100
1073741824
1072693247
2684354560
86
