Uvec
2226355706
1071651752
536870912
1068629874
0
1072287770
3758096384
1072003978
536870912
1072213447
2684354560
1071718344
1610612736
1069882777
2147483648
1072556896
1073741824
1070846093
3221225472
1068998570
0
1071322603
1073741824
1071968312
2147483648
1072184815
3758096384
1072321554
2684354560
1072563105
2684354560
1072666112
536870912
1070545404
2147483648
1072132592
3221225472
1071775892
3758096384
1070899352
2147483648
1070031934
2147483648
1072224019
536870912
1072527661
0
1070955262
2147483648
1071406136
0
1066644688
0
1072147072
536870912
1071804831
3221225472
1071670798
0
1072685508
2147483648
1071986084
3758096384
1071867684
3758096384
1071907643
3758096384
1072195226
2147483648
1071567383
3221225472
1072143194
3221225472
1070706881
0
1072254837
1073741824
1068526367
0
1068910486
0
1072035547
536870912
1070973110
2147483648
1072165806
3221225472
1071074320
0
1067071180
0
1068584093
0
1070182800
0
1069936904
0
1068777171
0
1071315376
0
1072529859
3758096384
1071858717
2147483648
1071902259
2147483648
1071184772
2147483648
1072429290
3758096384
1072572762
3221225472
1070622065
2147483648
1071664290
1073741824
1069173022
0
1070157818
0
1069127864
0
1072525947
1073741824
1068772922
0
1071863331
536870912
1072144989
0
1072112589
3221225472
1072425692
2147483648
1069939197
2147483648
1072662296
1073741824
1072570912
1610612736
1072521067
3758096384
1072065288
2684354560
1070729796
2147483648
1071662063
3221225472
1070661811
1073741824
1072286903
1073741824
1071540482
0
1072105804
1610612736
1071020443
3221225472
1072379698
1073741824
1072464710
3221225472
1070664121
1073741824
1071957348
3221225472
1071024544
1073741824
1067652654
0
1068229974
0
1072562283
3758096384
1071712417
536870912
1072008224
2684354560
1072138838
3758096384
1072352058
1073741824
1072575507
0
1072561752
2684354560
1071382884
1073741824
1071743178
2684354560
1071146413
2147483648
1071650407
1610612736
1069104252
0
1071461100
1073741824
1072693247
2684354560
53
