Uvec
2226355706
1069686825
0
1071553219
0
1071669664
0
1067718742
0
1070608626
2147483648
1072639663
536870912
1066469656
0
1070609054
3221225472
1069565830
2147483648
1072037438
1610612736
1071766769
3221225472
1069795595
2147483648
1070893902
3221225472
1072304976
1610612736
1070023704
2147483648
1069703039
0
1071260596
3221225472
1070794502
2147483648
1071100066
3221225472
1072421663
3758096384
1070802429
0
1072378449
2684354560
1069835648
0
1072022475
3221225472
1071087064
0
1071227553
0
1071992654
1610612736
1070075902
0
1070927244
1073741824
1070927008
2147483648
1071896431
2147483648
1072051140
536870912
1072333522
2684354560
1072560179
2684354560
1071244253
3221225472
1072178283
3221225472
1069610491
2147483648
1072608415
1610612736
1068923600
0
1072056704
536870912
1072197562
536870912
1071054562
3221225472
1068785862
0
1072517644
1073741824
1071980461
2147483648
1071243654
1073741824
1072120283
536870912
1071875026
0
1071502792
2147483648
1069844066
2147483648
1072430075
1073741824
1071183607
3221225472
1072254196
1610612736
1072439984
1073741824
1071135226
1073741824
1064852032
0
1072148891
536870912
1071094069
2147483648
1072113642
536870912
1068731309
0
1069544978
0
1072456785
1610612736
1069047724
0
1071566328
1073741824
1071904461
1073741824
1071552271
1073741824
1070005837
0
1072271636
536870912
1072230562
1610612736
1071454335
2147483648
1070518367
0
1069885371
0
1072556630
0
1070712927
0
1071485328
1073741824
1072363343
2147483648
1072668320
1073741824
1071801974
3221225472
1069777967
2147483648
1069026513
0
1072441603
1073741824
1071687827
536870912
1067408140
0
1071293077
1073741824
1072332245
0
1071711277
1073741824
1072497509
0
1068932251
0
1070289649
0
1069393532
0
1070878419
0
1071021332
0
1070716956
0
1072047804
2684354560
1070884346
3221225472
1071410483
0
1070285125
0
1072494389
536870912
1071461100
1073741824
1072693247
2684354560
83
