Uvec
2226355706
1071931208
2147483648
1070769341
2147483648
1072392047
3758096384
1072467919
3758096384
1069871630
2147483648
1072501363
2147483648
1072297614
2684354560
1069573692
0
1072635289
1610612736
1072648373
0
1071781790
2147483648
1071908504
2147483648
1072497277
2147483648
1072135097
0
1072400242
3758096384
1069289528
0
1069704387
2147483648
1069893649
0
1071455064
1073741824
1069461776
0
1072135036
3758096384
1068373624
0
1072439324
1073741824
1071858945
2147483648
1071031652
3221225472
1071736837
0
1072077556
3758096384
1071708015
0
1071097853
1073741824
1070902160
0
1069547284
0
1071907800
1610612736
1072593928
2684354560
1070633668
0
1070326161
2147483648
1068759238
0
1069342191
0
1071940470
1073741824
1070749437
3221225472
1070887389
3221225472
1069623746
0
1072332524
3758096384
1071856629
3758096384
1072026740
536870912
1070758918
2147483648
1071102204
3221225472
1071793794
1610612736
1069041021
0
1072529477
3221225472
1072568675
2684354560
1070755618
1073741824
1072103581
0
1068909003
0
1069728604
2147483648
1069814586
2147483648
1071524787
0
1068783845
0
1072619906
0
1070864366
3221225472
1071874563
3221225472
1071314965
0
1072241826
536870912
1070373482
2147483648
1072588450
1610612736
1072003683
2147483648
1071408023
2147483648
1072055280
2684354560
1071718527
2684354560
1071917419
2684354560
1071472088
1073741824
1069911774
0
1068879674
0
1070859956
3221225472
1069958215
2147483648
1072117090
536870912
1072316391
3758096384
1071916676
3758096384
1071696681
0
1071512002
2147483648
1068000052
0
1071770143
0
1070652335
0
1071601344
2147483648
1071843759
2147483648
1071289367
1073741824
1070191204
2147483648
1072581618
1610612736
1071797831
2147483648
1069011156
0
1071467054
3221225472
1067990344
0
1070164020
0
1070668094
0
1070738259
2147483648
1071727595
536870912
1071309783
1073741824
1072088782
1073741824
1068540848
0
1071461100
1073741824
1072693247
2684354560
80
