Uvec
2226355706
1071820872
3221225472
1070651558
0
1071204761
3221225472
1072107182
1073741824
1072389749
2684354560
1071806034
536870912
1070764323
0
1072356066
0
1071873787
2147483648
1070918088
0
1070991917
2147483648
1072267966
0
1072481862
2684354560
1070700849
0
1072633910
0
1069940032
0
1071569965
3221225472
1072469693
3221225472
1070400437
2147483648
1072315498
1610612736
1072130747
2147483648
1070067393
0
1071801517
3758096384
1072172121
1073741824
1071760059
1610612736
1072183854
1610612736
1067470280
0
1068710993
0
1072081593
536870912
1071779899
3758096384
1068997473
0
1072439252
2684354560
1071901909
3758096384
1071868604
3221225472
1071900741
3221225472
1071943469
1610612736
1070245558
2147483648
1072404592
536870912
1072380098
0
1071416438
2147483648
1071179402
3221225472
1071888051
3221225472
1070584882
0
1072177377
3758096384
1068654944
0
1072375156
1610612736
1071864979
2684354560
1071427626
0
1071666550
536870912
1070304627
0
1066952448
0
1071044115
1073741824
1072088879
0
1069655607
2147483648
1069070151
0
1071799254
536870912
1071679041
1610612736
1071710642
2147483648
1072642819
3221225472
1071771786
3221225472
1072414558
2147483648
1069711502
0
1072217686
1073741824
1071820456
2147483648
1063373632
0
1070417279
0
1069019976
0
1070726120
3221225472
1067705820
0
1072169636
3221225472
1071744550
0
1072534024
0
1071768268
2147483648
1069214799
0
1071335233
1073741824
1069933005
0
1072098516
3221225472
1072557173
2147483648
1072559851
2147483648
1069637167
0
1068879966
0
1071611591
2147483648
1071332190
0
1068847885
0
1071975525
0
1071599245
1073741824
1072352939
1073741824
1072575333
536870912
1072465525
3221225472
1068945305
0
1071677561
3221225472
1071458620
2147483648
1071003642
1073741824
1065928272
0
1071327333
1073741824
1071034292
0
1071224127
2147483648
1070248273
0
1071461100
1073741824
1072693247
2684354560
72
