Uvec
2226355706
1072362639
536870912
1066679780
0
1071297144
1073741824
1069122621
0
1069218831
0
1071460105
1073741824
1070139082
0
1072044014
1073741824
1072600123
536870912
1069870397
2147483648
1071681566
3758096384
1072452891
3221225472
1072306837
2684354560
1072390071
536870912
1069357828
0
1071555985
2147483648
1071983421
536870912
1067231924
0
1071120701
1073741824
1070828329
2147483648
1071871285
2684354560
1071734620
536870912
1072281849
3221225472
1072662703
2684354560
1070828339
2147483648
1072250827
536870912
1072241147
536870912
1072138335
536870912
1071916613
2684354560
1072132414
2147483648
1070894074
2147483648
1072563014
1610612736
1067029412
0
1071021863
1073741824
1070042061
2147483648
1070657600
2147483648
1069431409
0
1069550538
2147483648
1072459020
536870912
1069295174
0
1072190990
1610612736
1062026368
0
1068585446
0
1072343301
2684354560
1069492617
0
1071551787
2147483648
1072660273
1073741824
1072229728
1610612736
1071569245
1073741824
1070811697
1073741824
1071379371
0
1069897198
0
1071746483
536870912
1072590060
3221225472
1071168085
1073741824
1072253095
1610612736
1071654883
536870912
1072385965
0
1072097616
3221225472
1070537707
2147483648
1071105447
3221225472
1072252870
3758096384
1072118646
536870912
1072396189
3758096384
1070121132
2147483648
1072564331
0
1072168934
536870912
1070838340
3221225472
1072041360
3758096384
1068371814
0
1070760169
1073741824
1071275381
2147483648
1070938793
3221225472
1072138640
2147483648
1071939077
1073741824
1070745452
2147483648
1072384788
3758096384
1072386807
1073741824
1070859827
2147483648
1071149117
2147483648
1072589377
3758096384
1071665697
2147483648
1072414775
0
1071260199
0
1070796178
3221225472
1070921888
2147483648
1071749946
3758096384
1072100245
3758096384
1068249002
0
1072107626
3758096384
1072355915
536870912
1070965408
3221225472
1072619553
3758096384
1069862487
2147483648
1072502668
536870912
1071869068
0
1072398426
2684354560
1071232699
2147483648
1071461100
1073741824
1072693247
2684354560
7
