Uvec
2226355706
1069699760
2147483648
1071745067
0
1071775583
1610612736
1072135403
3758096384
1070473761
0
1072120385
536870912
1069781063
2147483648
1071840157
3221225472
1071554642
0
1072158384
1610612736
1071655039
1610612736
1072273538
2684354560
1071061495
3221225472
1071205896
1073741824
1072125220
2147483648
1071449621
1073741824
1072346459
2684354560
1070703956
3221225472
1069691235
2147483648
1072607705
1610612736
1071778654
2684354560
1072208578
3758096384
1071729242
3221225472
1072398396
3758096384
1072033834
536870912
1066640836
0
1072219634
2147483648
1071911487
3758096384
1070432191
0
1068825707
0
1071157121
0
1069890367
0
1071092065
0
1068801063
0
1071805683
0
1070981007
1073741824
1072497078
0
1071776576
2684354560
1070948013
1073741824
1069884076
2147483648
1069422478
0
1072008273
3221225472
1071945099
536870912
1071858718
2684354560
1072183985
536870912
1070815175
2147483648
1072673945
1073741824
1072084257
2684354560
1070747715
0
1072536971
0
1070036811
2147483648
1070859129
0
1070300561
2147483648
1071954793
2684354560
1072558239
3758096384
1072071379
2147483648
1071717931
0
1070167936
2147483648
1071841327
0
1070788736
2147483648
1066651924
0
1069389240
0
1069653922
2147483648
1072626443
3758096384
1070776381
3221225472
1072665555
1073741824
1070613602
1073741824
1072308296
1073741824
1072340846
3758096384
1065767880
0
1072595290
3758096384
1065916432
0
1070421571
2147483648
1071606733
1073741824
1069785732
2147483648
1072171652
3758096384
1071899939
536870912
1072311526
2147483648
1072289191
2684354560
1072386980
2147483648
1070775986
2147483648
1066829308
0
1067526222
0
1072414044
3221225472
1072144269
1610612736
1072047491
2147483648
1071899376
1073741824
1070717020
2147483648
1072067141
1610612736
1070792856
3221225472
1071321832
0
1066592196
0
1072606345
3758096384
1072264913
1610612736
1071872305
3221225472
1072333606
0
1072559931
3221225472
1069687290
2147483648
1071461100
1073741824
1072693247
2684354560
64
