Uvec
2226355706
1068328980
0
1071847580
3758096384
1072693012
0
1071279699
0
1070864576
0
1072332415
3758096384
1069385457
0
1070544445
2147483648
1072390854
3758096384
1070549769
0
1069961133
0
1071800632
2684354560
1072022626
1610612736
1071605103
2147483648
1069656081
0
1072209120
1073741824
1069906488
2147483648
1071661486
1073741824
1070781324
3221225472
1072003236
0
1071230219
0
1070599551
2147483648
1071769134
1073741824
1071907025
1073741824
1070969153
1073741824
1071818523
2684354560
1068603033
0
1070835560
1073741824
1071814988
2684354560
1071774481
0
1068628358
0
1071987889
2684354560
1070041509
2147483648
1071413174
2147483648
1071178950
1073741824
1069293866
0
1072390183
2147483648
1072442165
536870912
1069580448
0
1071466900
1073741824
1070642829
1073741824
1071423372
3221225472
1071098798
0
1072424828
0
1069929609
2147483648
1072234049
0
1072143754
3758096384
1071274392
2147483648
1071896150
0
1070458735
0
1071471106
0
1069438927
0
1070372882
0
1072583038
1610612736
1072122217
2684354560
1072396933
0
1071260467
2147483648
1069303331
0
1070752954
0
1072689392
2147483648
1070857266
0
1068764849
0
1071727537
1610612736
1068031058
0
1069796253
2147483648
1071306958
0
1070410738
2147483648
1070488689
2147483648
1069579536
0
1070777277
1073741824
1071021961
3221225472
1072300315
3221225472
1071590443
1073741824
1071227069
0
1072532583
2684354560
1072661501
2147483648
1071867137
1073741824
1072637967
3758096384
1072677786
1073741824
1070767998
3221225472
1069787481
2147483648
1071923939
2684354560
1070197250
0
1069002684
0
1072296186
536870912
1069272016
0
1072547892
0
1070488005
2147483648
1072257802
1073741824
1072230106
1610612736
1071389601
2147483648
1072210078
536870912
1068879711
0
1072376025
536870912
1069520208
0
1069478193
0
1069560390
2147483648
1070296397
2147483648
1071461100
1073741824
1072693247
2684354560
9
