Uvec
2226355706
1071155375
0
1070283631
0
1071595429
0
1070688431
0
1072249778
2147483648
1070928198
2147483648
1072438699
3758096384
1070311681
2147483648
1068858433
0
1070419876
2147483648
1072030539
1073741824
1072667734
2684354560
1071662898
2147483648
1071328406
2147483648
1070460611
0
1070479816
2147483648
1071759534
3221225472
1070575300
0
1071105222
2147483648
1072072533
2684354560
1070893531
2147483648
1070121996
2147483648
1069612171
0
1072270558
536870912
1071834127
1073741824
1071939235
1610612736
1072438927
3221225472
1072019442
2684354560
1070242159
2147483648
1072329221
3221225472
1071473583
3221225472
1072524242
0
1071663004
2684354560
1072675012
2684354560
1072396240
1610612736
1072406916
3758096384
1069107337
0
1070475609
0
1069760080
0
1069222280
0
1072422838
1073741824
1068287662
0
1065819032
0
1072462226
2147483648
1070107638
2147483648
1072223828
1610612736
1071009518
3221225472
1072259880
3758096384
1072585846
3758096384
1070893670
1073741824
1070142242
0
1072646454
2684354560
1069979755
2147483648
1071385816
0
1070857960
3221225472
1071647247
2684354560
1069819928
0
1070513459
0
1068622775
0
1069932731
2147483648
1070975294
3221225472
1072582449
3221225472
1071691647
1073741824
1072408765
536870912
1072307839
0
1071393883
0
1072490119
3221225472
1068727545
0
1071994079
3758096384
1069765386
0
1071266716
2147483648
1071117546
3221225472
1068951278
0
1071077063
2147483648
1072042849
2684354560
1072277542
2684354560
1068665508
0
1070578041
2147483648
1069398110
0
1072262084
1073741824
1071331367
3221225472
1072585325
1073741824
1071792320
536870912
1071835179
1610612736
1068786763
0
1072182277
536870912
1069592113
0
1071703026
3758096384
1070592548
0
1072366310
0
1072610537
1073741824
1072383602
2684354560
1072605141
2147483648
1071691652
536870912
1071678326
1073741824
1069004291
0
1069012950
0
1067607954
0
1071461100
1073741824
1072693247
2684354560
51
