Uvec
2226355706
1067727478
0
1071861503
1610612736
1071659692
2147483648
1072543025
0
1071893554
1610612736
1071344295
2147483648
1071465702
0
1067198728
0
1072555653
536870912
1069365660
0
1072634326
2684354560
1072376278
2684354560
1066725168
0
1070444725
0
1071820729
0
1071576902
2147483648
1071279164
1073741824
1071843449
2147483648
1070408733
2147483648
1071745367
2684354560
1072425457
1073741824
1071702797
1073741824
1071214194
1073741824
1072589767
1610612736
1069549956
2147483648
1070869537
0
1072646997
2147483648
1072448077
2684354560
1071804551
2147483648
1070906042
1073741824
1071215758
3221225472
1071696993
3221225472
1072668976
2684354560
1071570704
2147483648
1070245539
0
1072402128
3758096384
1072198014
3221225472
1072183884
3758096384
1071087521
0
1072006437
2147483648
1072642532
0
1069228191
0
1072130327
2147483648
1070732076
3221225472
1071835134
2684354560
1068219912
0
1071022503
2147483648
1072121263
3758096384
1071445490
2147483648
1069316214
0
1070590760
2147483648
1071803881
2684354560
1063793696
0
1072264697
2147483648
1072633898
536870912
1071522027
0
1071062873
2147483648
1071951537
3758096384
1071799730
2147483648
1071447026
0
1072316050
0
1072595568
1073741824
1072089973
3758096384
1070706072
0
1071284970
0
1071043908
3221225472
1069805818
2147483648
1071923239
3221225472
1071453815
0
1072155671
536870912
1070309400
0
1069858305
2147483648
1071913816
3758096384
1069124567
0
1071312125
3221225472
1071317324
3221225472
1072618561
3758096384
1071175934
3221225472
1072450357
3758096384
1071646606
0
1071805433
3758096384
1071938873
0
1071767020
3758096384
1069978923
2147483648
1071720495
2684354560
1071425765
2147483648
1072543030
3758096384
1068580405
0
1072628934
2684354560
1072155319
2684354560
1068231106
0
1071628193
3221225472
1071791058
2147483648
1070789535
2147483648
1071383880
3221225472
1072007138
0
1070468408
0
1072206468
2684354560
1071461100
1073741824
1072693247
2684354560
37
