Uvec
2226355706
1071132533
0
1072293367
1610612736
1070222365
2147483648
1072183866
3221225472
1069393453
0
1068894941
0
1071799503
1073741824
1071434890
1073741824
1071236971
2147483648
1068972812
0
1072302917
3221225472
1071352863
3221225472
1071724796
2684354560
1071944448
1073741824
1072650368
1610612736
1070628875
2147483648
1070578050
2147483648
1072520729
1073741824
1071190069
3221225472
1070714357
1073741824
1072085528
1610612736
1071332043
2147483648
1070160296
0
1070649874
1073741824
1068348646
0
1071750172
2684354560
1071490759
1073741824
1072248274
536870912
1071807712
3758096384
1070152604
0
1070764328
3221225472
1069811800
2147483648
1072459613
0
1069264910
0
1071775055
1073741824
1070104318
2147483648
1071423287
1073741824
1071518500
0
1071768868
1610612736
1071284311
3221225472
1069561583
0
1067342764
0
1072161987
2147483648
1071731887
3758096384
1071237831
1073741824
1072295071
1610612736
1067812138
0
1071905529
1073741824
1072594294
1073741824
1072615455
3758096384
1072192761
0
1066034672
0
1071935618
1610612736
1072059599
1610612736
1072039071
1073741824
1070762105
3221225472
1067877706
0
1070743161
0
1072676029
2147483648
1071727043
3758096384
1069655668
2147483648
1069642804
2147483648
1067950850
0
1069635334
0
1072285129
3758096384
1070816865
3221225472
1070387771
0
1070919220
1073741824
1071849245
1073741824
1067700674
0
1068193874
0
1072558641
0
1072646274
1610612736
1072479181
2147483648
1070757188
1073741824
1065533208
0
1072350033
3758096384
1072265814
1073741824
1071198606
1073741824
1070675637
2147483648
1068489350
0
1072448499
1610612736
1072251576
2147483648
1069092665
0
1068987488
0
1072144399
1073741824
1072320648
1610612736
1072161187
2147483648
1070078821
0
1071787911
3758096384
1072677219
536870912
1071876065
0
1071117434
1073741824
1069606804
0
1070284331
2147483648
1072666235
1610612736
1071960778
3221225472
1069422825
0
1071461100
1073741824
1072693247
2684354560
64
