Uvec
2226355706
1072268271
536870912
1067619408
0
1072256612
536870912
1064438080
0
1069952716
0
1067423328
0
1071289613
2147483648
1072420807
2147483648
1072473166
1073741824
1072472896
2147483648
1070655823
1073741824
1071712126
2684354560
1070505508
2147483648
1072067507
1610612736
1072432621
3221225472
1072364684
0
1069056256
0
1071864642
3758096384
1070405887
0
1070466715
0
1072637324
1610612736
1072407700
1610612736
1071726649
2684354560
1071389389
3221225472
1072241633
3758096384
1071904676
1073741824
1069841459
0
1072033540
536870912
1069747070
0
1071605907
2147483648
1072080731
1073741824
1071676974
1610612736
1071969128
2684354560
1072368547
3758096384
1071211514
0
1071752155
3221225472
1070666929
2147483648
1072457424
3758096384
1070704760
2147483648
1071170918
3221225472
1070555726
2147483648
1070857787
1073741824
1072050717
0
1072225456
2684354560
1065490872
0
1072667382
1610612736
1072080901
3758096384
1072180963
0
1069675624
0
1070602287
0
1066983440
0
1072290429
536870912
1069149534
0
1071341577
3221225472
1071800301
2147483648
1070686970
3221225472
1071785017
2147483648
1071366060
1073741824
1072353096
3221225472
1072301633
2147483648
1070495306
2147483648
1072351097
1610612736
1071820065
0
1072103095
536870912
1071905501
3221225472
1071582734
3221225472
1072536031
2684354560
1071060452
1073741824
1071062103
0
1072218703
2684354560
1070732770
1073741824
1071002546
2147483648
1072278447
3221225472
1069884389
0
1072268216
2147483648
1071960840
1610612736
1072030311
1073741824
1072170288
1610612736
1070834591
3221225472
1072103195
1073741824
1070410275
2147483648
1071149261
0
1068470386
0
1071878171
1610612736
1071899001
536870912
1071477375
1073741824
1069225300
0
1072225018
2684354560
1067749892
0
1071438497
1073741824
1072303596
2147483648
1071415256
3221225472
1072009430
2684354560
1071568822
2147483648
1069569706
0
1071345058
0
1072616499
1610612736
1071323769
1073741824
1071461100
1073741824
1072693247
2684354560
49
