Uvec
2226355706
1071632267
2147483648
1071775857
2147483648
1068142660
0
1071736027
2684354560
1072393817
0
1070812831
1073741824
1070927656
0
1070064563
2147483648
1071928898
0
1070884121
2147483648
1071685428
2147483648
1072543881
536870912
1071365425
0
1071570858
3221225472
1068681452
0
1071608728
0
1071572064
3221225472
1072573418
2147483648
1071879402
2147483648
1071948658
1073741824
1071933646
2147483648
1070412441
0
1071108526
1073741824
1071536755
0
1072537677
0
1070470024
0
1072442561
536870912
1070978822
1073741824
1070385609
2147483648
1071854983
0
1072139116
3758096384
1071723773
2684354560
1072129943
2684354560
1071096879
1073741824
1071316809
0
1070461060
2147483648
1071757882
3758096384
1070835186
1073741824
1071445204
1073741824
1064358912
0
1071363522
3221225472
1071107155
2147483648
1070599660
3221225472
1068759286
0
1066960276
0
1071807119
536870912
1071865738
1610612736
1070793918
3221225472
1072134832
0
1072545692
2147483648
1071779872
2147483648
1071690087
2684354560
1069064787
0
1072266859
2684354560
1071671046
0
1071885704
0
1070642670
1073741824
1071136288
0
1066428680
0
1070823064
3221225472
1068589793
0
1072626836
0
1070973279
3221225472
1072310538
3758096384
1071622240
1073741824
1071562341
1073741824
1070074643
2147483648
1069907908
2147483648
1072625836
3758096384
1065631808
0
1071682938
1610612736
1071866559
536870912
1071693126
0
1072053178
3758096384
1071859170
3758096384
1072366577
3221225472
1071834095
0
1072109157
536870912
1070087064
0
1070822213
1073741824
1072268088
3758096384
1072314814
2147483648
1072574417
2684354560
1070166674
0
1071564136
0
1072475855
536870912
1071199803
2147483648
1070759030
3221225472
1070808519
0
1070612281
0
1072319927
3221225472
1072530746
536870912
1070106018
0
1071554502
1073741824
1070471551
0
1070865770
1073741824
1071548158
0
1071816225
2684354560
1071461100
1073741824
1072693247
2684354560
67
