Uvec
2226355706
1072533330
2147483648
1072457509
3758096384
1071997963
3758096384
1069721529
0
1069052818
0
1072468935
3758096384
1066573344
0
1066018640
0
1072458274
2684354560
1067994082
0
1072575729
2684354560
1072321377
3758096384
1070838588
2147483648
1069404742
0
1072503782
2147483648
1070670465
2147483648
1070066774
2147483648
1072315030
2147483648
1071964828
536870912
1071566551
2147483648
1072240554
0
1071549776
3221225472
1071933246
0
1072300500
1610612736
1072038406
2684354560
1069658194
0
1071843167
536870912
1070396043
0
1065546008
0
1070970010
2147483648
1071699885
2684354560
1071820882
1073741824
1072004223
1073741824
1072394696
3221225472
1072349190
3758096384
1072686549
1073741824
1068830639
0
1070286900
0
1068655797
0
1072271383
1610612736
1072135401
1610612736
1071311814
1073741824
1069815113
2147483648
1072022827
536870912
1070927162
2147483648
1072370847
3221225472
1067561370
0
1072236380
0
1072058008
2147483648
1069958595
0
1071913659
0
1071271852
1073741824
1071936187
0
1071821122
3221225472
1072030267
1073741824
1071473630
1073741824
1072098877
2684354560
1072280716
3758096384
1070666343
1073741824
1070413646
2147483648
1072127081
2684354560
1071065154
0
1070733250
1073741824
1071965229
3758096384
1072080464
1610612736
1071531711
2147483648
1069205952
0
1070311513
2147483648
1072250685
2147483648
1072004485
2684354560
1072118437
3221225472
1071806470
2684354560
1071713584
1073741824
1071621205
1073741824
1072381132
1610612736
1069202119
0
1071565355
3221225472
1071970845
1610612736
1070789063
3221225472
1072605688
1073741824
1072404941
1073741824
1072401533
2147483648
1072125201
2684354560
1072015157
3758096384
1071786126
2147483648
1070544292
0
1071800353
2684354560
1072047174
2684354560
1071220951
1073741824
1071954634
536870912
1069559013
2147483648
1067106276
0
1067030952
0
1071229813
1073741824
1071710023
2684354560
1072062504
3758096384
1070885823
1073741824
1070339945
0
1071461100
1073741824
1072693247
2684354560
44
