Uvec
2226355706
1071590887
1073741824
1071049816
2147483648
1071830089
1073741824
1071853741
0
1069081306
0
1068919040
0
1071928370
0
1071688746
3758096384
1070088713
2147483648
1072570553
1073741824
1070086523
2147483648
1063408672
0
1069729082
0
1071729615
2684354560
1071339656
1073741824
1071832624
2147483648
1072292776
0
1066578944
0
1068146248
0
1069627969
2147483648
1072204686
1073741824
1070750736
0
1072037083
536870912
1070832684
3221225472
1071832704
0
1072184130
3221225472
1072610564
1073741824
1070586111
0
1071299568
0
1071543617
0
1071311725
3221225472
1072267768
2147483648
1072509479
3221225472
1071977394
1073741824
1071248528
2147483648
1072067257
3221225472
1068222390
0
1071787469
3221225472
1071783565
3758096384
1067601016
0
1072507534
2684354560
1072339969
536870912
1072238700
2147483648
1070597397
1073741824
1071348344
3221225472
1072364389
0
1070611677
2147483648
1072190777
0
1071667179
2684354560
1071726709
1073741824
1068986696
0
1072037337
2147483648
1061926528
0
1072336521
3758096384
1071056365
3221225472
1066563216
0
1072150356
3758096384
1071779262
2147483648
1071442336
2147483648
1071121853
2147483648
1070673787
2147483648
1065606888
0
1072285313
1073741824
1071959400
2147483648
1072218513
536870912
1072106681
3758096384
1072320549
2684354560
1072045627
1610612736
1071019541
2147483648
1071032287
3221225472
1072022864
1073741824
1072612530
3758096384
1072022870
1073741824
1072024823
1610612736
1069715254
2147483648
1071678948
536870912
1072212847
0
1071803303
2684354560
1072202435
536870912
1071028004
0
1066456028
0
1072325935
1073741824
1071317841
2147483648
1071731665
2684354560
1071379195
2147483648
1071602871
2147483648
1072176707
3758096384
1072354153
3758096384
1069345265
0
1071739087
3758096384
1072491475
1610612736
1071474286
1073741824
1072006159
3221225472
1072387896
2684354560
1069910609
0
1067573510
0
1070206819
2147483648
1068172366
0
1071461100
1073741824
1072693247
2684354560
68
