Uvec
2226355706
1072311304
2684354560
1072260767
0
1072561614
536870912
1072582474
2684354560
1069950444
0
1072453813
536870912
1072324908
2684354560
1072341922
3221225472
1071344811
1073741824
1072040962
1073741824
1067740594
0
1071613053
0
1072210504
2684354560
1071894673
3758096384
1070714708
3221225472
1069886931
0
1071087089
0
1068835153
0
1071271502
0
1072608644
1073741824
1066855464
0
1069027466
0
1072177414
1610612736
1071360887
3221225472
1071935511
1073741824
1071979004
536870912
1072461769
0
1070405577
2147483648
1070772021
3221225472
1068727910
0
1072494613
0
1071092766
1073741824
1072104133
3221225472
1070698390
0
1071961394
2684354560
1072434830
0
1072021206
1073741824
1072101936
536870912
1068382122
0
1072260429
3221225472
1070978646
2147483648
1072323847
1610612736
1072511624
3221225472
1070829237
0
1070127214
2147483648
1071137610
0
1072149360
0
1072034041
3758096384
1072037985
2147483648
1070992110
3221225472
1072370308
3221225472
1072623094
1610612736
1072679812
1073741824
1070784609
1073741824
1071558161
2147483648
1071573039
2147483648
1071480427
1073741824
1072004886
3221225472
1072446746
1610612736
1070765919
2147483648
1071366810
3221225472
1072099916
3221225472
1072627567
3758096384
1072217478
2684354560
1071712401
536870912
1071987927
536870912
1071540846
0
1072416001
3758096384
1069216009
0
1070915512
1073741824
1072197857
1073741824
1071687103
0
1069557820
2147483648
1071907202
1610612736
1072049703
1610612736
1071982082
2147483648
1072578200
2684354560
1069682873
2147483648
1069815152
0
1063338240
0
1069384050
0
1069323265
0
1071918566
2147483648
1070825910
3221225472
1071513572
3221225472
1071449557
0
1072109813
3758096384
1067795682
0
1072646498
1073741824
1072037171
2147483648
1071896723
1610612736
1072586765
0
1071535382
2147483648
1072140636
536870912
1072027234
3221225472
1071278767
0
1064996224
0
1070552257
0
1071461100
1073741824
1072693247
2684354560
10
