Uvec
2226355706
1072525702
2147483648
1071801625
2147483648
1068415458
0
1071352269
2147483648
1069354572
0
1070582906
2147483648
1072167475
2147483648
1066430340
0
1072493602
1073741824
1070633667
3221225472
1068624312
0
1069218121
0
1072577946
2147483648
1070238799
2147483648
1070795702
1073741824
1072330603
1073741824
1072541867
2684354560
1068815755
0
1067722366
0
1071712972
3221225472
1072361520
3758096384
1072039260
2684354560
1071910576
2147483648
1071324170
1073741824
1072007273
1073741824
1072490434
0
1070146350
0
1070997640
2147483648
1070171821
2147483648
1072474216
3758096384
1071762837
1073741824
1072075016
2684354560
1072210265
536870912
1072060506
1610612736
1072579969
1073741824
1071916827
1073741824
1072064484
3758096384
1070169534
0
1072195853
1610612736
1072534957
3221225472
1072537217
3221225472
1071666491
2684354560
1071421615
3221225472
1071014093
3221225472
1071433372
0
1072468160
1073741824
1072110125
1073741824
1072227344
1073741824
1072407944
2684354560
1072277268
2147483648
1071227488
1073741824
1071948103
536870912
1071893049
2684354560
1071924086
0
1071804506
2147483648
1070152648
2147483648
1068535492
0
1070825836
3221225472
1070991018
3221225472
1071000653
0
1071360256
2147483648
1069998368
0
1071195819
1073741824
1070642252
1073741824
1069251158
0
1071938067
2684354560
1072430256
3758096384
1071913063
536870912
1071911302
3758096384
1068606037
0
1072457224
3758096384
1069768364
2147483648
1072095094
2147483648
1070772842
1073741824
1071512126
0
1070966933
0
1071509089
0
1071750057
2684354560
1072535532
0
1070244135
2147483648
1071757320
2684354560
1068378766
0
1072593641
0
1070068782
0
1071862267
1610612736
1072425719
2684354560
1072109770
1073741824
1072142105
0
1072621260
3221225472
1071921265
2147483648
1071892600
1610612736
1070918562
2147483648
1070730385
0
1070093296
2147483648
1072634660
3221225472
1070783501
2147483648
1071884384
2147483648
1071637201
2147483648
1071461100
1073741824
1072693247
2684354560
57
