Uvec
2226355706
1072099648
536870912
1072552005
536870912
1071815771
2147483648
1072229647
2147483648
1070687299
0
1071331396
2147483648
1072527354
0
1069367352
0
1072342516
3758096384
1072620567
3758096384
1070157826
2147483648
1071763946
2147483648
1070428277
2147483648
1071916607
1610612736
1071329639
2147483648
1069587407
2147483648
1068358256
0
1070874244
1073741824
1072398249
3758096384
1071617714
3221225472
1070314524
0
1070907706
3221225472
1072240852
3221225472
1071343741
3221225472
1071968475
3758096384
1072588566
1073741824
1072003543
3758096384
1072096530
2147483648
1072535996
1610612736
1070746930
1073741824
1071795642
2147483648
1072667871
2147483648
1065799400
0
1065361728
0
1072527620
536870912
1071513944
2147483648
1069257397
0
1070175419
2147483648
1071647515
1610612736
1070479739
0
1071213046
3221225472
1067741784
0
1072433355
0
1072115659
2684354560
1070389331
0
1070661356
3221225472
1071937817
3758096384
1072134456
3758096384
1072113202
3758096384
1072019115
536870912
1071693666
536870912
1071705939
3221225472
1068875421
0
1071458595
3221225472
1072325302
1610612736
1072660642
536870912
1072040839
1610612736
1070722644
1073741824
1071137014
1073741824
1072511161
3221225472
1071665176
536870912
1069580901
0
1072333913
536870912
1072530854
3758096384
1069599734
2147483648
1072041157
2147483648
1070801447
1073741824
1064838208
0
1067782310
0
1072284176
3758096384
1072559370
0
1072522048
536870912
1069972544
0
1066138560
0
1069559448
0
1071177194
2147483648
1072092873
0
1072310045
1610612736
1071213108
2147483648
1071891739
0
1067705420
0
1071861299
2147483648
1068530552
0
1071412124
0
1072662915
1610612736
1071167141
0
1071927439
3758096384
1072406593
1073741824
1068214298
0
1071711023
2147483648
1067820738
0
1070657263
1073741824
1072570128
3758096384
1069776489
2147483648
1069816007
0
1070834054
1073741824
1071581429
0
1072614664
536870912
1071461100
1073741824
1072693247
2684354560
90
