Uvec
2226355706
1071963378
3221225472
1071810788
2684354560
1071979643
3758096384
1071430568
2147483648
1069111330
0
1071899250
536870912
1071456553
2147483648
1068611533
0
1072551883
536870912
1072182641
2147483648
1072155238
2684354560
1069630927
0
1070986212
0
1072014008
1610612736
1072632625
0
1071669454
0
1071025310
2147483648
1070917664
0
1069934966
0
1068932166
0
1068791251
0
1071371506
2147483648
1068222174
0
1071896161
3221225472
1072370035
3221225472
1071956101
536870912
1069748097
0
1071188249
3221225472
1072010060
2684354560
1071352859
1073741824
1072157968
3758096384
1072099263
1610612736
1065447368
0
1072464338
1610612736
1071267175
3221225472
1071044570
0
1071073795
1073741824
1072346181
2684354560
1069681205
0
1071971721
3221225472
1071425787
2147483648
1072593206
2147483648
1071803465
0
1071189842
1073741824
1072454401
2684354560
1071631541
2147483648
1071748030
3758096384
1069948965
0
1072269535
1073741824
1071358980
3221225472
1072296322
0
1070049461
0
1071598850
2147483648
1065153824
0
1068604641
0
1071711932
1610612736
1072383370
0
1071453274
1073741824
1070601862
0
1070901776
0
1072076313
2147483648
1072480512
2147483648
1068610737
0
1071023088
2147483648
1071041647
2147483648
1072660684
0
1072602766
3221225472
1071619791
0
1072217922
1073741824
1072157071
1610612736
1072057562
3758096384
1069155249
0
1072132231
0
1071800945
3758096384
1070649827
0
1072209307
0
1072183836
2684354560
1071933253
3758096384
1071796271
2684354560
1071965224
536870912
1070332534
2147483648
1072360702
2684354560
1072104249
1073741824
1072394347
536870912
1070006366
0
1070617519
1073741824
1064133760
0
1068550394
0
1071703720
2684354560
1071382237
1073741824
1071880775
3221225472
1072615328
2147483648
1071761670
3221225472
1070026324
0
1069063609
0
1071128006
1073741824
1070766740
2147483648
1071932833
1073741824
1071461100
1073741824
1072693247
2684354560
33
