Uvec
2226355706
1072600522
1610612736
1072680354
3221225472
1066876384
0
1070827396
2147483648
1072524079
2684354560
1071798666
536870912
1071880870
536870912
1070095657
2147483648
1071853704
3221225472
1071277331
0
1065244512
0
1068248648
0
1071962594
3221225472
1072219679
3758096384
1072505213
2684354560
1072004534
0
1071870827
536870912
1072550680
0
1072240296
3758096384
1070308928
2147483648
1070822035
3221225472
1072195548
0
1071368719
3221225472
1069103175
0
1071056748
0
1071497584
2147483648
1071853115
3221225472
1070122250
2147483648
1069714466
0
1072251004
2684354560
1071807606
0
1071360487
3221225472
1071225083
3221225472
1070793681
1073741824
1071194594
0
1072126081
1073741824
1072344891
1073741824
1072690376
1610612736
1069933220
2147483648
1071840129
2147483648
1072333201
1610612736
1071716069
2147483648
1072601819
0
1070268003
0
1067202080
0
1072553623
536870912
1071332625
0
1072644309
0
1072400656
3221225472
1070508093
2147483648
1070737354
2147483648
1072541078
1073741824
1070484615
2147483648
1069621664
2147483648
1072051261
0
1067934800
0
1071904182
2147483648
1071729378
3221225472
1069906489
2147483648
1071985839
536870912
1072611447
0
1071280831
0
1071651791
1610612736
1068586668
0
1070710103
1073741824
1072464573
2684354560
1071800254
1610612736
1070128777
0
1072409715
3758096384
1072152033
3758096384
1072042231
0
1072492041
3221225472
1071546228
3221225472
1072478169
2147483648
1071972487
2684354560
1069242388
0
1071118024
2147483648
1071318219
2147483648
1071736567
2684354560
1072684877
536870912
1071251359
2147483648
1072673879
536870912
1071795553
0
1072444802
1610612736
1070859602
2147483648
1072460141
3758096384
1072635902
1610612736
1071690421
1073741824
1071760591
536870912
1072671126
2147483648
1072693164
1073741824
1071239922
2147483648
1071291915
1073741824
1062859072
0
1072295954
3221225472
1072614984
536870912
1071040145
2147483648
1071618489
3221225472
1071461100
1073741824
1072693247
2684354560
12
