Uvec
2226355706
1072458593
3221225472
1071384324
2147483648
1070670153
2147483648
1068152512
0
1071494303
1073741824
1072214350
0
1071116417
2147483648
1068595024
0
1072080530
2147483648
1071414496
0
1071954544
3758096384
1069002274
0
1069682156
0
1071911365
3758096384
1070372933
2147483648
1072613976
536870912
1070952461
0
1072316788
1610612736
1071529744
2147483648
1071457149
3221225472
1071424859
0
1070937118
2147483648
1072425910
536870912
1071885857
536870912
1071818420
3758096384
1072609808
2147483648
1067997276
0
1071890974
0
1072536802
3758096384
1071198926
2147483648
1071529933
2147483648
1072365239
2684354560
1070670937
1073741824
1071404117
3221225472
1072564925
2684354560
1071757612
2684354560
1071929237
2147483648
1072460455
3221225472
1071266354
3221225472
1071415208
3221225472
1066911240
0
1071987652
2147483648
1070619547
0
1071920195
0
1070015428
2147483648
1072643954
2684354560
1071937756
1610612736
1071916597
1610612736
1072437474
2684354560
1072284420
3758096384
1071998705
1610612736
1068877496
0
1071613364
0
1072102462
2684354560
1068438422
0
1071500579
2147483648
1072505062
1073741824
1072131482
536870912
1071569934
2147483648
1070939792
1073741824
1072131594
3758096384
1068774522
0
1068052536
0
1065528496
0
1072288755
2147483648
1070759082
3221225472
1071238011
3221225472
1070083341
0
1071758311
3758096384
1071030597
3221225472
1071825902
2147483648
1072509082
536870912
1071931363
3221225472
1072613622
1610612736
1070934076
0
1072235170
2147483648
1071799910
3221225472
1070879549
2147483648
1071683594
3758096384
1070163066
2147483648
1072446956
2684354560
1072275565
2147483648
1072360541
1610612736
1068700442
0
1072034192
1610612736
1071005320
3221225472
1070774040
1073741824
1067379616
0
1072231847
3758096384
1072237557
1610612736
1071878928
1610612736
1071603959
3221225472
1072131501
1073741824
1071291973
0
1072390136
1610612736
1072367036
1610612736
1069630249
0
1071020685
2147483648
1071461100
1073741824
1072693247
2684354560
83
