Uvec
2226355706
1070930391
0
1070968150
1073741824
1072058243
1073741824
1071515685
2147483648
1072446062
1073741824
1071755743
3221225472
1072470660
2684354560
1072458557
1073741824
1072153519
2684354560
1071947715
1073741824
1065878256
0
1072411738
2147483648
1072046064
1610612736
1071790738
2684354560
1071830212
0
1071899208
2147483648
1071798710
3758096384
1071099588
2147483648
1068711897
0
1071969312
3758096384
1071925488
2147483648
1072361635
2147483648
1072380269
1073741824
1071884501
1073741824
1063680800
0
1072073475
536870912
1072289243
2684354560
1072230772
536870912
1071896517
1073741824
1067300604
0
1072532015
2684354560
1071954819
1073741824
1071960595
2684354560
1072482288
3758096384
1072285241
536870912
1072445388
536870912
1069740884
0
1068216708
0
1069931645
2147483648
1072074034
3758096384
1071984195
3758096384
1068601398
0
1065725640
0
1067885744
0
1072028851
1610612736
1071038794
0
1065195904
0
1071939766
2684354560
1071775269
3221225472
1070978420
0
1070251983
0
1072680344
3758096384
1070898096
2147483648
1070584988
2147483648
1071770275
1073741824
1072642606
1073741824
1072198626
2147483648
1071842600
2147483648
1069556021
0
1072550162
1073741824
1064839216
0
1072543686
2147483648
1071056389
3221225472
1072240868
0
1071255476
2147483648
1072558517
3758096384
1072125973
1073741824
1072461368
536870912
1070363389
2147483648
1068334170
0
1069569233
0
1070619443
1073741824
1072318333
2684354560
1071940364
2147483648
1072126796
3758096384
1070301182
2147483648
1071309068
2147483648
1068323040
0
1070830068
1073741824
1070393645
2147483648
1070404966
2147483648
1071271397
0
1072098435
536870912
1065698968
0
1072020446
2684354560
1071170253
2147483648
1072572149
1073741824
1072077366
3758096384
1072241117
3758096384
1070430406
0
1069535573
0
1071551977
2147483648
1071737084
3758096384
1071192139
3221225472
1069195578
0
1071605110
0
1072051872
0
1071637492
0
1071461100
1073741824
1072693247
2684354560
73
