Uvec
2226355706
1071363080
0
1071116823
1073741824
1072059467
2684354560
1070229789
2147483648
1069595564
0
1070559023
2147483648
1071117725
1073741824
1069579917
0
1071892489
536870912
1070041400
2147483648
1072212341
1610612736
1069592938
2147483648
1072621664
0
1072448523
2147483648
1071702078
1073741824
1071622298
3221225472
1069023200
0
1070677339
0
1072204202
2684354560
1070949153
3221225472
1071921504
0
1071168744
0
1071914803
0
1069183467
0
1070730247
0
1071970058
3221225472
1072633402
0
1068810945
0
1069677141
2147483648
1071211618
0
1071669441
3221225472
1070645067
2147483648
1071754562
2684354560
1069571588
0
1072335650
2147483648
1071575972
1073741824
1072607332
2684354560
1072545572
3221225472
1071943794
3221225472
1072015507
3221225472
1071669072
536870912
1071024443
2147483648
1069101618
0
1070761630
2147483648
1069423153
0
1070720990
3221225472
1071608436
1073741824
1072162859
0
1068047160
0
1071720248
3758096384
1071984621
1073741824
1071762709
3221225472
1072462125
536870912
1072309319
536870912
1071693673
2684354560
1071698268
1610612736
1069766217
2147483648
1071455818
0
1071679470
1610612736
1070926016
0
1071910609
2684354560
1071944042
3221225472
1070019445
2147483648
1072509762
1073741824
1072468338
3758096384
1072020701
3221225472
1067326988
0
1071164982
3221225472
1072073936
536870912
1071919792
536870912
1071269800
3221225472
1072279161
3221225472
1069782622
0
1072533586
2684354560
1070457422
0
1072034062
536870912
1070330169
0
1062618176
0
1071079276
3221225472
1072566426
2684354560
1067921586
0
1071651737
2147483648
1070531780
2147483648
1072312319
2684354560
1066887848
0
1065925736
0
1072035944
0
1070229782
0
1072645032
2684354560
1072384009
2684354560
1072257085
0
1071690325
1610612736
1070657131
2147483648
1068918834
0
1070239569
0
1069091147
0
1070991242
3221225472
1071671475
1073741824
1071461100
1073741824
1072693247
2684354560
90
