Uvec
2226355706
1069732656
0
1072280015
1610612736
1072230699
0
1069201410
0
1071597446
2147483648
1071809769
3221225472
1072179351
536870912
1072022726
3221225472
1068230704
0
1072467880
3221225472
1071684539
1073741824
1071985563
2147483648
1067722932
0
1070200708
2147483648
1070601482
0
1069630346
2147483648
1069595083
2147483648
1070215397
0
1072264824
1073741824
1071033058
2147483648
1072679854
2147483648
1072247669
536870912
1070601659
1073741824
1072428639
3221225472
1071809827
2684354560
1071099327
1073741824
1072341615
1610612736
1072428853
1610612736
1071559940
1073741824
1071005280
3221225472
1071485126
1073741824
1072515933
3758096384
1072263316
1073741824
1069893500
2147483648
1071841478
0
1071291579
0
1071433511
2147483648
1072051205
0
1068475336
0
1072285279
1610612736
1072035120
3758096384
1072254716
3221225472
1070838040
3221225472
1072093972
1610612736
1069581942
2147483648
1071028983
1073741824
1071775363
536870912
1070191518
0
1072147481
1073741824
1072112841
2147483648
1072306028
536870912
1065994376
0
1070752455
2147483648
1071817962
3221225472
1070566509
2147483648
1071567168
0
1070565722
0
1070774833
0
1071885213
1073741824
1070611992
1073741824
1072420889
2147483648
1071095276
1073741824
1071515344
3221225472
1068527411
0
1071342008
0
1072488748
3758096384
1072058988
1610612736
1070191461
2147483648
1071888684
2147483648
1072554615
3221225472
1069975192
0
1072560077
1610612736
1072018758
3221225472
1072086634
2147483648
1072494464
2684354560
1072270938
1073741824
1068692823
0
1070465103
2147483648
1069630080
0
1072028100
536870912
1070695171
2147483648
1070903232
0
1069968041
0
1072366645
1073741824
1072158718
0
1072039281
2684354560
1071710610
0
1071910365
536870912
1070387630
0
1070181147
0
1069670099
2147483648
1070830912
3221225472
1069894479
0
1072536340
1073741824
1071901737
3221225472
1066124928
0
1071655659
536870912
1071924537
3758096384
1071461100
1073741824
1072693247
2684354560
56
