Uvec
2226355706
1071024655
2147483648
1071052377
1073741824
1072369647
2147483648
1071875849
1073741824
1069679053
2147483648
1072124923
3758096384
1072676225
3221225472
1072582480
3758096384
1071984370
2684354560
1067402604
0
1071953329
1073741824
1066884180
0
1071277065
3221225472
1071113698
0
1072587739
3221225472
1072372260
3221225472
1069431357
0
1069782822
2147483648
1069917997
0
1070846177
1073741824
1071794572
2684354560
1071992183
2147483648
1069152584
0
1068532718
0
1072476353
3221225472
1072098611
2147483648
1070822637
0
1072672278
536870912
1071865516
1610612736
1072232900
3221225472
1071152712
2147483648
1069631546
2147483648
1069887503
2147483648
1070207077
2147483648
1072220510
2147483648
1071781250
536870912
1071251232
0
1070575387
0
1071922353
536870912
1071677218
3221225472
1071928041
2147483648
1071895153
2684354560
1072330647
1073741824
1072520572
0
1069637132
2147483648
1066489408
0
1068258082
0
1071269331
0
1072343717
536870912
1071320513
0
1070680427
2147483648
1070162494
2147483648
1072007959
3221225472
1069427998
0
1070261902
0
1072325185
536870912
1070868132
1073741824
1072527025
3221225472
1072611177
1610612736
1071742759
3221225472
1071770149
536870912
1072183913
1610612736
1071668344
2684354560
1071170714
3221225472
1072151995
0
1072209313
3758096384
1072594905
3758096384
1069192874
0
1072672878
536870912
1070242018
2147483648
1070077170
2147483648
1069362133
0
1072372489
2684354560
1072353258
1610612736
1071758736
2147483648
1072418599
3221225472
1072233336
3221225472
1071671139
1073741824
1072366697
536870912
1072514329
0
1070606237
0
1070914559
0
1072249550
2147483648
1071783501
2147483648
1069938452
0
1069489283
0
1072648410
2147483648
1070942168
0
1068802361
0
1068126986
0
1072610637
2684354560
1070675569
2147483648
1071044845
0
1071244629
0
1067832162
0
1071992240
3758096384
1071951621
1073741824
1071849448
1073741824
1071461100
1073741824
1072693247
2684354560
28
