Uvec
2226355706
1072519321
1073741824
1067824346
0
1071154091
2147483648
1066419136
0
1071837379
2147483648
1067180092
0
1071778138
1073741824
1071544051
3221225472
1070878832
0
1071808552
2147483648
1071374552
3221225472
1071028673
0
1071730935
3758096384
1067989834
0
1071573594
0
1072225766
1073741824
1069407931
0
1072326075
536870912
1068735092
0
1072050984
536870912
1070688372
3221225472
1070954845
1073741824
1071653176
3758096384
1070997841
1073741824
1072240439
3758096384
1070277534
0
1072115528
1610612736
1072180276
1073741824
1071174913
3221225472
1072256281
0
1072682400
1610612736
1071311407
2147483648
1071906200
2147483648
1071827155
2147483648
1071667752
3221225472
1068927914
0
1071834145
3758096384
1071647209
0
1072436476
0
1072621028
3758096384
1071866280
1073741824
1071812019
536870912
1072623984
3758096384
1068466144
0
1068468582
0
1064969680
0
1071131082
2147483648
1069775504
0
1072118421
536870912
1072362387
536870912
1066453440
0
1067491382
0
1072358812
2684354560
1065409080
0
1072167812
1073741824
1072646292
1073741824
1072028506
2147483648
1072296235
0
1071723919
3758096384
1071181490
1073741824
1071431350
2147483648
1071740953
3221225472
1070993242
3221225472
1070128146
0
1072545647
1610612736
1071742372
536870912
1071980505
2684354560
1071755604
0
1072662076
536870912
1071829459
1610612736
1071078180
3221225472
1071941040
3758096384
1069625253
0
1071802334
1610612736
1071534820
2147483648
1072127458
0
1071330708
2147483648
1070002521
2147483648
1071378312
3221225472
1072518151
2147483648
1070063673
2147483648
1071068597
3221225472
1072436648
3221225472
1072460919
536870912
1071637659
2147483648
1072274399
2147483648
1071346968
3221225472
1071566473
1073741824
1072042864
2684354560
1070738906
1073741824
1071232297
0
1071505196
1073741824
1072061828
2684354560
1071338502
0
1070838336
1073741824
1072063699
1073741824
1072125654
536870912
1071919197
2684354560
1071461100
1073741824
1072693247
2684354560
89
