Uvec
2226355706
1071278447
1073741824
1072232671
3758096384
1072234499
536870912
1068569906
0
1069323353
0
1071943115
536870912
1072288747
0
1070633869
0
1070841849
0
1071189407
3221225472
1070819366
2147483648
1072680963
0
1071837553
1610612736
1071807661
1610612736
1072588601
3758096384
1072336594
3758096384
1071705356
1610612736
1071762558
2684354560
1071194231
3221225472
1070831486
0
1070285487
0
1072413379
3221225472
1070491807
2147483648
1071994323
0
1066806008
0
1067596884
0
1070292466
0
1067639970
0
1071327702
0
1069004761
0
1072414394
2147483648
1071994237
3221225472
1071584252
1073741824
1072197303
1073741824
1070656321
0
1069584480
2147483648
1072018520
2147483648
1072557755
3221225472
1072625505
536870912
1069794212
2147483648
1072281536
3758096384
1063866304
0
1072659707
536870912
1071068780
1073741824
1072227485
1610612736
1070099280
2147483648
1071657030
3221225472
1070572650
0
1072676173
1610612736
1071837835
2147483648
1072168411
2147483648
1072008426
1610612736
1071626029
2147483648
1072432627
2684354560
1072202416
3221225472
1071872385
1073741824
1072690093
0
1069283613
0
1071686283
3758096384
1071174702
1073741824
1071964523
3758096384
1072376038
3221225472
1071697268
1073741824
1071988724
2147483648
1071735172
2684354560
1069020147
0
1070690516
2147483648
1072198129
2147483648
1071429341
2147483648
1072401541
1610612736
1071828312
3758096384
1069074475
0
1068753885
0
1072405500
1073741824
1070512039
0
1070713871
3221225472
1071743464
2684354560
1072404043
0
1064390304
0
1068712940
0
1070762996
3221225472
1070158163
0
1071175064
2147483648
1070277283
0
1070945043
0
1069293163
0
1072398636
3221225472
1071724353
2147483648
1069858107
0
1072297276
2147483648
1071895175
3221225472
1072399816
2147483648
1071711768
2684354560
1071544559
2147483648
1072177680
1610612736
1071669362
2684354560
1071357615
2147483648
1071363384
1073741824
1071461100
1073741824
1072693247
2684354560
18
