Uvec
2226355706
1070572532
2147483648
1072439984
1610612736
1071980365
3758096384
1072278642
1610612736
1071523692
2147483648
1072243712
1073741824
1071281175
3221225472
1072102864
1610612736
1072422895
1610612736
1071708124
3758096384
1069867509
2147483648
1070010659
0
1072114292
2684354560
1070871840
0
1071073323
1073741824
1071090024
3221225472
1066415784
0
1071910020
2684354560
1071168533
2147483648
1071738698
3758096384
1071904708
0
1072386516
3221225472
1071901688
536870912
1072628473
536870912
1071636614
1073741824
1072491696
1073741824
1071841971
3221225472
1071361676
2147483648
1070290440
2147483648
1071426278
3221225472
1063527872
0
1072307551
3758096384
1072541864
1610612736
1072640985
2684354560
1070719703
3221225472
1069083822
0
1067283876
0
1072505725
2147483648
1069220348
0
1072456451
1073741824
1071486337
3221225472
1071703146
0
1069294497
0
1070995110
0
1072190571
2684354560
1071951018
1073741824
1072089806
2684354560
1071029616
2147483648
1072564200
3758096384
1070733519
1073741824
1068478914
0
1071065325
0
1071660185
2147483648
1060960512
0
1072237093
3758096384
1071472612
2147483648
1072050662
2147483648
1071923733
3758096384
1072047499
536870912
1072464874
2147483648
1071805448
1073741824
1072555958
2684354560
1068482874
0
1072666247
3758096384
1071815618
0
1072537961
3758096384
1071664037
0
1072099071
3758096384
1071629752
3221225472
1072118161
1073741824
1067923622
0
1068708957
0
1071445722
3221225472
1072652485
536870912
1072579412
2684354560
1071352651
3221225472
1071609640
2147483648
1072535402
3221225472
1072259495
3221225472
1070218776
0
1071203774
0
1071014789
2147483648
1071800027
2147483648
1067801078
0
1071049421
3221225472
1072678930
0
1071229710
3221225472
1071279660
2147483648
1070875028
3221225472
1070667525
1073741824
1072172853
3221225472
1068980300
0
1071178238
1073741824
1072432502
1610612736
1071511430
3221225472
1071216131
2147483648
1071967057
0
1071423675
0
1071461100
1073741824
1072693247
2684354560
75
