Uvec
2226355706
1071494115
1073741824
1072032547
3221225472
1070673181
3221225472
1067606326
0
1072376913
0
1071932774
2147483648
1069899508
0
1069729901
2147483648
1067758360
0
1072113934
2147483648
1072166715
1073741824
1069981454
2147483648
1071202838
0
1072394542
3221225472
1070734732
3221225472
1071846417
1073741824
1069753852
2147483648
1070608378
3221225472
1072579921
1073741824
1072262058
0
1071078755
0
1072644202
1073741824
1071692520
3758096384
1071992404
536870912
1071481261
1073741824
1072470737
2147483648
1071464279
1073741824
1070478966
2147483648
1068305014
0
1069740785
2147483648
1072521390
3221225472
1071575981
1073741824
1072048484
0
1069474292
0
1071828908
2147483648
1071131931
2147483648
1072293515
2684354560
1072017186
1073741824
1072306768
3758096384
1071860405
1610612736
1070251679
0
1072572885
3221225472
1070096122
0
1072567022
0
1071285024
2147483648
1070769312
2147483648
1070700431
1073741824
1070947134
0
1072595831
3758096384
1071516546
3221225472
1070230718
2147483648
1070810115
2147483648
1068806219
0
1068550574
0
1071199547
2147483648
1072222631
3221225472
1070684265
2147483648
1071197072
2147483648
1071617692
0
1072338372
3758096384
1071586122
1073741824
1071440601
2147483648
1071821872
1610612736
1071699892
3758096384
1068464186
0
1071415606
1073741824
1071653811
2147483648
1072252915
3758096384
1066385976
0
1071112579
2147483648
1072501323
0
1072508302
3758096384
1068413638
0
1071210930
0
1072361014
1073741824
1071667989
2684354560
1069835145
2147483648
1071001941
0
1072127926
2147483648
1070899673
1073741824
1071871547
3758096384
1072684903
2684354560
1071773074
536870912
1071335350
1073741824
1070922207
1073741824
1067848346
0
1072646732
2147483648
1071246052
0
1070367102
2147483648
1071990155
2147483648
1071244697
1073741824
1068676502
0
1072098670
3221225472
1071291833
2147483648
1071213805
2147483648
1071168212
0
1066289200
0
1070235244
2147483648
1071461100
1073741824
1072693247
2684354560
81
