Uvec
2226355706
1070484621
2147483648
1072181654
1610612736
1071147188
2147483648
1068823288
0
1072288921
3221225472
1071347637
3221225472
1068772760
0
1071076001
3221225472
1072294358
2684354560
1072483702
1073741824
1069215047
0
1072209474
2684354560
1072121329
3221225472
1071402336
3221225472
1071901356
3221225472
1072563478
0
1072472060
3758096384
1068912496
0
1071347745
1073741824
1072489810
0
1071747735
536870912
1071476328
1073741824
1070789779
2147483648
1072374960
3221225472
1070873704
3221225472
1070806324
1073741824
1068536415
0
1070196833
0
1072511575
1610612736
1071561200
3221225472
1069890463
2147483648
1072177950
1610612736
1071850630
1073741824
1072668425
536870912
1072636829
1073741824
1069760503
0
1072112257
0
1071728074
536870912
1070909737
3221225472
1070884221
3221225472
1065106416
0
1072445798
2684354560
1072260643
1073741824
1070049999
0
1071398243
2147483648
1071744321
2147483648
1071782707
2684354560
1070779524
2147483648
1072570176
2684354560
1068872452
0
1070766762
2147483648
1071091661
2147483648
1070628182
0
1069147013
0
1071719404
3758096384
1071185711
2147483648
1071785257
2684354560
1071854422
2147483648
1071832704
1073741824
1071879940
1610612736
1072296384
536870912
1071685002
536870912
1071677791
1610612736
1069897449
0
1072107220
3758096384
1071106766
1073741824
1072000760
536870912
1072547195
1073741824
1071454951
2147483648
1070133454
0
1070640943
0
1072079981
1610612736
1072493927
2147483648
1072350035
3758096384
1070617839
0
1071941089
2684354560
1072338717
2684354560
1072349240
0
1070885100
2147483648
1072483116
2147483648
1071369345
1073741824
1071949043
0
1070917417
3221225472
1069650851
0
1069319893
0
1069771712
2147483648
1068330436
0
1072049754
1610612736
1069878245
2147483648
1072411456
2684354560
1068208344
0
1072279585
2684354560
1070692986
3221225472
1072443555
1610612736
1071825901
3221225472
1072568169
2684354560
1072160215
2684354560
1071997986
3758096384
1071461100
1073741824
1072693247
2684354560
52
