Uvec
2226355706
1072469043
2147483648
1070809642
3221225472
1069221861
0
1068332040
0
1072376862
1610612736
1071715306
0
1072398669
3758096384
1069913680
0
1072405203
2684354560
1072430056
1073741824
1070618611
2147483648
1071442594
2147483648
1069809621
0
1071870388
2684354560
1071592906
3221225472
1071382752
1073741824
1072229106
0
1071770895
1073741824
1072002346
2147483648
1068585406
0
1072407127
2147483648
1072224740
3221225472
1072577304
3758096384
1071159557
2147483648
1071131973
3221225472
1069204992
0
1070265212
0
1070887854
2147483648
1071864263
1610612736
1070924981
1073741824
1071790563
3758096384
1071263551
1073741824
1071336583
0
1069845030
0
1070877930
2147483648
1072118657
3221225472
1071520776
3221225472
1066694096
0
1068773227
0
1069671861
0
1067571282
0
1069143508
0
1071249116
0
1072530226
1610612736
1072652359
0
1071668487
0
1072391747
1073741824
1068247992
0
1072551795
2147483648
1072526188
0
1071968871
536870912
1072587102
3221225472
1068914460
0
1071471259
2147483648
1072412864
1610612736
1069628564
0
1072364970
3758096384
1065087536
0
1072168639
3221225472
1069143378
0
1072676116
2684354560
1066466912
0
1072239390
1073741824
1072633186
3221225472
1072686756
0
1071870636
2684354560
1072299731
0
1069582122
2147483648
1072258630
0
1070856872
3221225472
1072671134
0
1071310129
1073741824
1069865797
0
1071100672
3221225472
1071910468
1610612736
1072181520
1073741824
1072630796
0
1071762931
2147483648
1070352583
2147483648
1071711994
2684354560
1071650943
0
1070692077
0
1069347799
0
1071424156
0
1071204996
2147483648
1070277909
2147483648
1070686369
3221225472
1071402221
2147483648
1070799335
2147483648
1072651053
1610612736
1072225427
3758096384
1071896555
536870912
1067201184
0
1070910975
1073741824
1071823719
2147483648
1072512383
2684354560
1072135551
1610612736
1072016761
536870912
1071461100
1073741824
1072693247
2684354560
89
