Uvec
2226355706
1072255442
1073741824
1072198727
3758096384
1071697612
2147483648
1072189623
1610612736
1068908094
0
1071254284
2147483648
1072033035
536870912
1072573803
3758096384
1072326096
3221225472
1071437625
1073741824
1072399873
1073741824
1072599858
1073741824
1071686943
1073741824
1072620411
3221225472
1072352856
3758096384
1071924119
1073741824
1072035281
1073741824
1068907957
0
1071174657
3221225472
1072004963
3221225472
1072567589
1073741824
1072306378
1610612736
1068287816
0
1072680141
3758096384
1071912340
3758096384
1072648242
536870912
1071412536
1073741824
1072207476
0
1072221864
2147483648
1071154668
3221225472
1072188022
3221225472
1072556289
3221225472
1071922549
3221225472
1071929160
3758096384
1072426153
3758096384
1066173880
0
1072592880
1073741824
1071924463
3221225472
1071091316
2147483648
1064452080
0
1072176475
3221225472
1063435616
0
1072347775
1610612736
1072253636
0
1069625217
2147483648
1070703637
0
1071963875
1073741824
1071766317
2684354560
1072355653
2147483648
1069596044
0
1072278240
3221225472
1072164104
0
1070510394
0
1072247951
1073741824
1071667736
536870912
1069012001
0
1070470989
2147483648
1072590180
3758096384
1072168551
0
1071581611
2147483648
1072209221
3221225472
1072053047
1610612736
1070847535
1073741824
1072159106
3221225472
1067032316
0
1070353949
0
1070216438
0
1072395848
1073741824
1072552578
0
1071356284
0
1071322339
1073741824
1070770301
2147483648
1071902837
1073741824
1071647610
2684354560
1069814504
2147483648
1069593321
0
1071679814
2147483648
1071716475
3758096384
1070222057
2147483648
1070863554
2147483648
1071768309
2147483648
1071889243
3758096384
1068573592
0
1072232245
3758096384
1067928220
0
1069355404
0
1072077100
2147483648
1072081935
3221225472
1072275151
1610612736
1071629230
3221225472
1072591551
536870912
1071878887
3758096384
1071070885
2147483648
1071870183
3758096384
1071649537
1073741824
1071568356
1073741824
1062550720
0
1067519964
0
1071461100
1073741824
1072693247
2684354560
86
