Uvec
2226355706
1070158258
2147483648
1070144853
0
1067223020
0
1072023295
0
1070139707
0
1072014224
0
1072578146
2684354560
1071486930
2147483648
1072397740
0
1072134607
2684354560
1070500570
0
1070958279
1073741824
1069601556
0
1070637827
2147483648
1072613068
3758096384
1072300721
0
1071913023
1073741824
1072644754
3758096384
1069761810
0
1067810304
0
1071316037
2147483648
1071381074
1073741824
1071896256
3221225472
1069604470
2147483648
1070314821
0
1072670574
1073741824
1071219845
1073741824
1072409805
2684354560
1071246610
1073741824
1072522236
1610612736
1070516448
0
1072401534
3758096384
1071131656
0
1070599239
0
1070466155
2147483648
1072283636
2147483648
1071931244
3221225472
1070065910
0
1071913154
1610612736
1067090272
0
1072672568
3758096384
1071492852
0
1068341920
0
1071671232
3221225472
1072635718
2147483648
1070430271
0
1071530262
3221225472
1072660358
1073741824
1067919180
0
1072000522
1073741824
1070781471
2147483648
1069985229
0
1070832248
2147483648
1070456612
2147483648
1071372028
2147483648
1072546358
1073741824
1071510872
1073741824
1071977070
1610612736
1071866166
1073741824
1072013037
0
1072618201
536870912
1072688249
2684354560
1072326147
536870912
1071587812
3221225472
1071615766
3221225472
1069004429
0
1072181932
1610612736
1072194208
3758096384
1070693848
0
1071584717
1073741824
1070952122
3221225472
1069018094
0
1071902539
1610612736
1070453911
0
1069353577
0
1072469432
3758096384
1069968271
2147483648
1067122916
0
1071808503
3221225472
1069722693
0
1070850396
0
1072124002
536870912
1070479080
0
1071936543
2684354560
1071962349
3758096384
1070804425
1073741824
1072437331
1073741824
1072366932
2684354560
1072453003
2147483648
1071673788
3221225472
1072306144
2684354560
1070476131
2147483648
1071780919
3221225472
1071704478
3758096384
1071132188
3221225472
1072001118
0
1071658135
2684354560
1071420167
3221225472
1071461100
1073741824
1072693247
2684354560
24
