Uvec
2226355706
1069374851
0
1070516708
2147483648
1071631063
1073741824
1067559358
0
1072684621
0
1070379701
2147483648
1071805522
3758096384
1071993192
3758096384
1071804171
3221225472
1069702819
2147483648
1070414679
2147483648
1070543237
2147483648
1072212826
1610612736
1071576761
1073741824
1071314945
0
1068950546
0
1071713844
2684354560
1070849631
3221225472
1072593309
3221225472
1069788289
0
1072513787
2684354560
1071353281
3221225472
1071788771
1073741824
1071845329
2147483648
1072598527
3221225472
1070984644
2147483648
1070621255
1073741824
1072669270
1073741824
1072006486
1610612736
1072216398
536870912
1067199204
0
1069817409
0
1069238064
0
1071733038
1073741824
1069809553
0
1072688452
2147483648
1072676793
2684354560
1069623278
0
1072691653
1610612736
1070867658
3221225472
1069853895
0
1071793675
536870912
1071419351
0
1070187389
0
1071921582
3758096384
1065671560
0
1070972416
3221225472
1069784006
0
1071315207
2147483648
1070596200
2147483648
1072447578
0
1071439161
0
1071738486
2684354560
1068641394
0
1069763617
2147483648
1069707449
0
1070606160
1073741824
1072603610
2147483648
1072568367
1073741824
1071782210
0
1067939702
0
1071746602
3758096384
1070137987
0
1068461422
0
1071747544
1073741824
1069758539
0
1071316366
2147483648
1072570783
3758096384
1069633689
2147483648
1063732544
0
1070391966
0
1071982212
3758096384
1070539418
0
1072497405
1610612736
1071828247
1610612736
1071808917
1610612736
1072103616
0
1071000024
2147483648
1071586122
1073741824
1070984403
1073741824
1069326106
0
1070701534
1073741824
1071138978
0
1071980747
1073741824
1071894420
1610612736
1071672005
2684354560
1070483090
0
1071076648
1073741824
1071871299
3221225472
1070714134
0
1071575301
2147483648
1072482004
1073741824
1071804320
3758096384
1072559496
3758096384
1072069582
2684354560
1071785754
1610612736
1070338518
2147483648
1069963877
2147483648
1071461100
1073741824
1072693247
2684354560
79
