Uvec
2226355706
1071352301
2147483648
1068804899
0
1068865863
0
1072291759
1610612736
1070647256
3221225472
1072391605
2684354560
1072465226
1610612736
1072055052
2684354560
1071055999
3221225472
1070023689
2147483648
1070012046
2147483648
1072084840
2147483648
1071994912
3221225472
1072661422
3221225472
1071746969
536870912
1064520784
0
1072348985
536870912
1072675758
0
1069182015
0
1071722942
1073741824
1068595023
0
1071354462
2147483648
1072137417
3221225472
1072542166
2684354560
1070327390
0
1071892224
3758096384
1071217124
0
1071738375
0
1068701930
0
1071084231
2147483648
1068625536
0
1071667837
1610612736
1071799488
536870912
1071177272
3221225472
1072360328
3221225472
1070807277
2147483648
1069962465
0
1071031034
2147483648
1068884417
0
1072069858
3758096384
1068023132
0
1071750719
1073741824
1072170562
0
1069181284
0
1071463443
2147483648
1071629465
1073741824
1072269132
1073741824
1070590795
0
1072638700
3221225472
1072230260
2147483648
1071563553
0
1071701424
2147483648
1071556917
1073741824
1070823281
1073741824
1072581884
0
1071224576
1073741824
1072043838
1610612736
1069874147
0
1071635257
0
1072451892
1073741824
1072422121
3221225472
1070215415
0
1072229509
1610612736
1071495919
0
1071649794
2684354560
1069762420
2147483648
1070296101
2147483648
1071009282
1073741824
1072146081
0
1070156458
0
1072336784
1610612736
1068754484
0
1070220446
0
1071031601
0
1069852880
2147483648
1071707519
3758096384
1072596788
1610612736
1070746789
1073741824
1072390928
1610612736
1070420791
0
1072406116
536870912
1068857220
0
1069219605
0
1071754693
3758096384
1071917956
1610612736
1069955826
2147483648
1072656629
1073741824
1071630192
0
1071406024
1073741824
1069035631
0
1072170545
3221225472
1063568672
0
1069702252
0
1071408936
3221225472
1070311270
2147483648
1072440421
2684354560
1071885087
3221225472
1071487549
0
1071461100
1073741824
1072693247
2684354560
89
