Uvec
2226355706
1072209563
3221225472
1071742083
1073741824
1072210199
0
1072310711
2147483648
1071050915
0
1071922878
0
1072533028
3758096384
1071049181
0
1070814748
1073741824
1070979484
3221225472
1070599240
2147483648
1070802794
3221225472
1069941376
2147483648
1070554624
0
1070257795
2147483648
1072125827
3221225472
1070583501
0
1071454158
0
1067353824
0
1070630391
1073741824
1070772459
1073741824
1070904216
2147483648
1070904537
2147483648
1068240336
0
1072378241
2147483648
1069771286
0
1072614490
0
1068906555
0
1069870480
2147483648
1071867553
3221225472
1072242424
1610612736
1072148922
536870912
1072483502
3221225472
1070648381
3221225472
1072009467
2147483648
1070315298
2147483648
1069712873
2147483648
1068755593
0
1071434226
0
1070808504
2147483648
1069977445
0
1069953717
2147483648
1070273626
2147483648
1070947076
2147483648
1070927453
2147483648
1072130976
2684354560
1070509844
2147483648
1072002572
2147483648
1072348046
536870912
1072486873
1073741824
1072424240
2147483648
1072040562
1073741824
1072068815
2684354560
1071531756
2147483648
1072217988
2147483648
1071831868
3758096384
1072316656
3221225472
1071809507
2684354560
1072028490
2147483648
1070579390
2147483648
1071326948
2147483648
1072337454
1073741824
1068934061
0
1070789579
2147483648
1070368351
2147483648
1065961656
0
1070689005
3221225472
1071686879
0
1071526174
0
1072025775
1073741824
1071084842
2147483648
1072181952
1610612736
1068647422
0
1071246568
2147483648
1072573890
536870912
1070908267
0
1066934680
0
1071178697
0
1072176724
3221225472
1071793700
1073741824
1071029823
0
1069840210
0
1072382446
1073741824
1070530868
0
1072135958
1610612736
1066342280
0
1072409586
0
1071862201
0
1069737143
2147483648
1068017240
0
1072563829
536870912
1071062290
0
1071116053
0
1072033450
3758096384
1070953894
2147483648
1072071329
3758096384
1070644673
1073741824
1072094775
2684354560
1071461100
1073741824
1072693247
2684354560
68
