Uvec
2226355706
1071531498
3221225472
1069035794
0
1070982163
0
1065606000
0
1072355153
1610612736
1071376701
1073741824
1069687721
0
1071048780
0
1070458244
0
1071784840
0
1070059344
0
1071161492
0
1072227290
1073741824
1071030753
2147483648
1072525650
536870912
1071717649
3758096384
1069291837
0
1071704244
2684354560
1072057682
3758096384
1072666999
0
1071438703
2147483648
1069225439
0
1071842265
0
1071528372
1073741824
1072227361
1610612736
1072589675
536870912
1069809060
0
1071076115
3221225472
1071998252
3758096384
1072190010
0
1072640004
3758096384
1072313317
3758096384
1071435123
2147483648
1071886332
3758096384
1070631812
1073741824
1071779730
1610612736
1070694813
1073741824
1072025358
1073741824
1070064058
0
1071285259
1073741824
1071887379
1073741824
1072654015
2684354560
1069652800
2147483648
1072152240
1610612736
1071232307
1073741824
1069386549
0
1072064043
0
1070756481
1073741824
1072472644
3758096384
1070806668
2147483648
1070911344
0
1071921923
2684354560
1070201391
2147483648
1071289552
1073741824
1068779620
0
1069080205
0
1070635252
2147483648
1072547160
1610612736
1066204152
0
1070610837
0
1068549587
0
1071481732
0
1069039230
0
1071910684
2684354560
1072119317
0
1072364953
1610612736
1071767130
3758096384
1072443862
2684354560
1070183828
2147483648
1071114018
2147483648
1071409502
1073741824
1071923305
3221225472
1071567676
3221225472
1071004244
3221225472
1070275223
0
1071854786
2147483648
1070078190
2147483648
1070927999
0
1071637942
1073741824
1070749971
2147483648
1071466372
0
1072574030
1610612736
1072156394
3221225472
1069611274
0
1071990286
2684354560
1070641008
0
1070509895
2147483648
1072346595
2684354560
1072584041
3758096384
1070743198
0
1069749083
0
1070817180
2147483648
1069616297
2147483648
1071859238
2147483648
1071889801
3221225472
1070934409
1073741824
1071703369
3221225472
1071006014
1073741824
1071461100
1073741824
1072693247
2684354560
33
