Uvec
2226355706
1070299303
0
1072314966
536870912
1072420691
0
1072677687
2684354560
1070204023
0
1070041083
0
1071819262
1610612736
1064551552
0
1069878075
0
1072534611
3221225472
1072141042
3221225472
1071781697
2147483648
1070829453
0
1072570507
536870912
1070601604
3221225472
1068673256
0
1072029601
1073741824
1071974750
2684354560
1069901288
2147483648
1071847945
536870912
1070694164
2147483648
1069180355
0
1072658697
1073741824
1071111537
0
1069644553
0
1070105479
2147483648
1071706208
1073741824
1071719391
0
1071315756
1073741824
1071008323
0
1072080330
1610612736
1071146673
1073741824
1069697499
0
1069736671
2147483648
1072599387
3221225472
1072325209
536870912
1069172161
0
1071733569
2147483648
1070424854
0
1072269940
2147483648
1072345133
1610612736
1072287051
0
1072488973
1610612736
1069956441
0
1070660667
0
1072090169
1610612736
1072607285
3221225472
1072529029
1073741824
1071922794
3758096384
1069768043
2147483648
1069730978
2147483648
1071823047
3221225472
1071978532
3221225472
1072286353
2147483648
1069897528
0
1071111914
0
1071852862
536870912
1071862128
1610612736
1070714388
1073741824
1072473000
1610612736
1071462258
2147483648
1070557081
0
1066433292
0
1072340848
2684354560
1070346966
2147483648
1070748997
3221225472
1072268780
0
1071594377
2147483648
1069739251
0
1072670447
1073741824
1072103097
3758096384
1069926739
0
1071816379
1073741824
1070684716
0
1070612843
1073741824
1070810882
2147483648
1072511765
1610612736
1071788379
1073741824
1070794144
2147483648
1067973992
0
1072003179
3758096384
1072012491
1073741824
1070315325
2147483648
1071443244
0
1070986651
0
1070410725
0
1072019570
1073741824
1072010764
1073741824
1072319613
3758096384
1071246527
1073741824
1070975313
0
1071716469
1073741824
1071191736
3221225472
1072000351
3758096384
1072599802
2147483648
1070373224
2147483648
1071100629
0
1072562904
2147483648
1071461100
1073741824
1072693247
2684354560
9
