Uvec
2226355706
1071890945
3758096384
1071379748
0
1072338227
3221225472
1072459779
1073741824
1072352424
1610612736
1069757252
2147483648
1068651121
0
1072603308
3221225472
1070788627
1073741824
1069585117
2147483648
1071727868
3221225472
1071095569
1073741824
1070226796
0
1069377251
0
1069465284
0
1072457704
3758096384
1072477544
3758096384
1071629676
2147483648
1071801786
3758096384
1067229108
0
1071169669
3221225472
1072679094
3758096384
1072410205
3221225472
1070299775
2147483648
1072503710
3758096384
1072649378
536870912
1067639602
0
1072020668
0
1071707978
2684354560
1066421152
0
1069173829
0
1070268460
2147483648
1072206995
1610612736
1071596443
1073741824
1072494575
2684354560
1071204053
2147483648
1069481892
0
1072197036
3221225472
1068670249
0
1069453942
0
1072348141
0
1070992470
3221225472
1071777806
3221225472
1071673351
0
1070486273
2147483648
1072198612
0
1070659446
0
1072374987
3221225472
1069784735
0
1068035108
0
1069614117
2147483648
1066501952
0
1069877877
0
1065284576
0
1070713967
3221225472
1071066480
1073741824
1071285711
2147483648
1072089354
2147483648
1069887083
0
1066896992
0
1071336944
1073741824
1070188655
0
1072469153
2684354560
1063538880
0
1069185397
0
1072614551
0
1072029880
2147483648
1068803298
0
1072149597
1073741824
1069590536
2147483648
1069183155
0
1072478528
1610612736
1069631304
0
1069917468
2147483648
1072591741
2147483648
1071721978
1610612736
1072255204
1610612736
1068274608
0
1071283528
2147483648
1072182327
0
1070920562
2147483648
1070136814
0
1070204958
2147483648
1069687104
2147483648
1071049529
2147483648
1070888078
2147483648
1071835324
2147483648
1068611639
0
1071217936
0
1070347143
0
1072278059
0
1071972573
536870912
1071699793
2684354560
1072244203
536870912
1070920590
3221225472
1071265289
0
1072058936
2684354560
1071811374
0
1071461100
1073741824
1072693247
2684354560
40
