Uvec
2226355706
1071652196
3758096384
1071919604
2684354560
1071779556
1610612736
1072496207
536870912
1068478858
0
1072641314
2684354560
1069482548
0
1070503221
2147483648
1072151912
1073741824
1070709188
2147483648
1072320224
3221225472
1070972744
3221225472
1070165004
2147483648
1067963754
0
1072362295
3758096384
1072411443
1073741824
1072627245
2147483648
1069029251
0
1069158588
0
1071923709
536870912
1070440382
0
1069835471
0
1070695053
3221225472
1071267947
1073741824
1071751663
2684354560
1072328665
3758096384
1071918140
1610612736
1071163885
0
1072366922
1073741824
1063189376
0
1071309671
1073741824
1072048489
3758096384
1072559526
1610612736
1071436046
3221225472
1070500902
0
1069531959
0
1070224372
0
1071016959
0
1072083789
1610612736
1066738300
0
1071673161
3758096384
1070916755
2147483648
1071026357
2147483648
1069788191
2147483648
1072549664
3758096384
1071862212
1610612736
1072560973
3221225472
1068514084
0
1071644779
0
1071921779
3221225472
1072052410
1073741824
1072033129
1073741824
1071029315
2147483648
1071671957
2147483648
1072556796
3758096384
1071426346
2147483648
1070891154
0
1070216730
0
1065245968
0
1071771521
536870912
1072375626
3758096384
1070635403
1073741824
1072366732
536870912
1072151938
3758096384
1072342069
2684354560
1072286140
2147483648
1071870266
1610612736
1070609471
1073741824
1068322686
0
1072469744
1073741824
1071917679
3758096384
1068636855
0
1070740006
2147483648
1072556079
0
1071056319
2147483648
1072388076
1610612736
1072602075
1073741824
1072671067
2684354560
1069071286
0
1072441799
1610612736
1072263736
2684354560
1072688823
3758096384
1068660345
0
1072370364
2147483648
1072283512
2684354560
1071677935
1073741824
1066865296
0
1072450922
3758096384
1068541689
0
1071237944
3221225472
1071284267
2147483648
1071065940
3221225472
1072412503
2684354560
1072045722
3221225472
1070294880
2147483648
1071587825
2147483648
1071646210
2147483648
1072162915
536870912
1071461100
1073741824
1072693247
2684354560
42
