Uvec
2226355706
1067930584
0
1071986142
3221225472
1071975687
536870912
1072499886
0
1070149687
2147483648
1072294673
2147483648
1072617010
0
1072398775
3221225472
1072141222
3221225472
1072304427
1073741824
1072045061
3758096384
1071156739
1073741824
1071818701
1073741824
1066492780
0
1072560386
1073741824
1070263209
2147483648
1071466225
1073741824
1072020240
0
1071123849
3221225472
1072668378
1610612736
1071798860
1073741824
1071535409
3221225472
1071975613
536870912
1072510288
0
1060161536
0
1071351268
0
1068517828
0
1072588218
1073741824
1072399284
3758096384
1072552299
2684354560
1071363772
3221225472
1070102150
2147483648
1071418357
2147483648
1070081814
2147483648
1069985295
0
1070678791
3221225472
1069538092
0
1072342093
536870912
1063990368
0
1071243922
3221225472
1071058571
2147483648
1071007864
0
1071667769
3221225472
1072268738
0
1072068549
3758096384
1068744780
0
1071253753
0
1072578372
2684354560
1069536651
0
1071736338
3758096384
1070453249
2147483648
1072679819
3221225472
1071297004
1073741824
1072506010
1073741824
1069714180
0
1071764210
1610612736
1071232618
3221225472
1069135802
0
1071212981
0
1071005549
3221225472
1071701420
536870912
1072400048
536870912
1071277699
1073741824
1071001627
1073741824
1072534458
0
1071974989
1073741824
1071543338
0
1072371276
536870912
1072074442
2684354560
1072294502
3221225472
1071694951
2684354560
1072407877
1073741824
1070491857
0
1066796996
0
1072173490
2147483648
1071704776
1610612736
1072314917
2147483648
1070377135
0
1072420919
0
1068526269
0
1071901457
2684354560
1072143556
1073741824
1072540486
3758096384
1069690293
0
1072517597
0
1072172367
3758096384
1069749806
2147483648
1071946350
3758096384
1070657183
3221225472
1072140858
1073741824
1071768734
1073741824
1070339339
0
1072059656
0
1071155140
0
1069132829
0
1070917410
2147483648
1070486513
2147483648
1070015188
0
1071461100
1073741824
1072693247
2684354560
55
