Uvec
2226355706
1070519375
0
1069858536
2147483648
1071778733
1610612736
1070611570
0
1072145219
536870912
1070882701
1073741824
1068659910
0
1072275460
1073741824
1071691146
1073741824
1071645411
2147483648
1072119316
536870912
1071907536
0
1072393989
2147483648
1071602860
0
1072265702
3221225472
1072211354
0
1072216190
2684354560
1072317548
536870912
1070521608
2147483648
1069878749
2147483648
1072149660
1073741824
1072644133
1073741824
1071114046
1073741824
1072630463
3221225472
1071783599
0
1071568074
2147483648
1069879407
2147483648
1072262678
3758096384
1070165143
2147483648
1072521532
1073741824
1071114019
2147483648
1072461318
0
1066945536
0
1072284667
3221225472
1070863902
2147483648
1068322190
0
1072150776
3758096384
1069840628
2147483648
1068954836
0
1066604116
0
1072570431
2684354560
1072202521
1073741824
1066676340
0
1072437145
3758096384
1068722465
0
1071475706
2147483648
1069935130
0
1070624594
3221225472
1070767896
3221225472
1071556843
2147483648
1068862305
0
1070057353
0
1072451818
1073741824
1069903125
0
1072687700
536870912
1070981812
2147483648
1071696497
3221225472
1065748072
0
1069886365
0
1072334344
3221225472
1071162609
0
1072432323
0
1071809847
1073741824
1072503069
1073741824
1071805121
2147483648
1070073334
2147483648
1070568253
2147483648
1068131954
0
1072345546
1073741824
1070967485
1073741824
1072482670
2684354560
1072342260
536870912
1071808898
1610612736
1071705227
3221225472
1072371268
536870912
1066056392
0
1069792896
0
1072244807
2147483648
1072360300
0
1072241222
3758096384
1071071249
3221225472
1072179831
0
1069738323
0
1072376978
0
1072416084
536870912
1068682945
0
1071815545
0
1071094794
0
1071012132
1073741824
1071305035
3221225472
1072444045
3221225472
1069462424
0
1072631629
1073741824
1066087808
0
1072428381
2684354560
1071822584
1610612736
1070038484
2147483648
1070928409
3221225472
1071461100
1073741824
1072693247
2684354560
38
