Uvec
2226355706
1072072865
3221225472
1068935458
0
1067978174
0
1068273686
0
1068478382
0
1067265852
0
1071951775
1610612736
1070127048
2147483648
1072168874
2147483648
1069616869
0
1070995035
1073741824
1072605481
2147483648
1072565674
2684354560
1072434212
2684354560
1070845172
2147483648
1070435440
2147483648
1071193717
2147483648
1069933733
0
1072425253
3758096384
1071138809
1073741824
1071841010
0
1071477043
1073741824
1071806593
1073741824
1072417683
536870912
1071957608
3221225472
1072598740
3758096384
1072159523
536870912
1071708856
2147483648
1072577713
1073741824
1071674040
536870912
1071832022
536870912
1071003298
1073741824
1071030242
3221225472
1071661883
0
1072480032
0
1071513902
0
1069332803
0
1070848639
3221225472
1072488879
2684354560
1072319931
3758096384
1070526310
2147483648
1070800344
1073741824
1070315709
0
1068923777
0
1068453734
0
1071445013
1073741824
1071963284
0
1071701826
1610612736
1071203436
0
1068697333
0
1067670706
0
1072306386
1610612736
1072437454
536870912
1066644284
0
1071195632
1073741824
1071857545
536870912
1071690252
0
1071573359
0
1070436833
2147483648
1067964172
0
1072539242
3221225472
1069192674
0
1071885744
536870912
1071871891
536870912
1071065974
3221225472
1072030659
0
1069488097
0
1070843914
0
1072175971
1610612736
1072360802
536870912
1070141995
0
1070804989
0
1067729042
0
1068405622
0
1072666438
536870912
1063700640
0
1072658418
1073741824
1072092187
1610612736
1071664732
2147483648
1072441605
1610612736
1072385259
3221225472
1072245084
1073741824
1072537132
3221225472
1071578331
0
1070600437
0
1072454451
2147483648
1071062468
3221225472
1071177889
1073741824
1071504830
0
1070636892
3221225472
1071242710
2147483648
1071970576
3221225472
1072046785
0
1071324789
2147483648
1071873282
3758096384
1070879746
3221225472
1071699109
2147483648
1069787773
2147483648
1071461100
1073741824
1072693247
2684354560
41
