Uvec
2226355706
1069878575
0
1070159375
0
1072409571
536870912
1072383441
3221225472
1072434729
536870912
1072564556
536870912
1071598945
0
1072491756
536870912
1070899283
2147483648
1072651325
3221225472
1072572742
536870912
1071192423
2147483648
1072225116
3221225472
1071940829
536870912
1070831915
1073741824
1070306077
2147483648
1071402704
0
1070748433
2147483648
1071698510
1073741824
1072397950
3758096384
1072206646
3758096384
1070671269
0
1072214542
1610612736
1071856290
2684354560
1072045553
3758096384
1070504932
2147483648
1071967093
1610612736
1071685870
1073741824
1072455123
1073741824
1070872076
2147483648
1071423904
3221225472
1066525028
0
1072102866
1610612736
1071132900
2147483648
1067106584
0
1069528124
0
1070338926
0
1069677674
2147483648
1072605319
536870912
1070736147
2147483648
1072426538
1610612736
1070418855
0
1069826699
2147483648
1072317186
536870912
1064784560
0
1071924022
3221225472
1070258644
2147483648
1069787868
0
1068722335
0
1072366182
0
1072078481
2147483648
1070433776
2147483648
1072667688
0
1071664051
3758096384
1072552715
1610612736
1072635093
2684354560
1072088072
1610612736
1069582381
0
1070418111
0
1071931819
536870912
1066530720
0
1068510004
0
1072619342
3758096384
1068202442
0
1068170568
0
1072506179
1073741824
1072075988
1610612736
1069549049
0
1071849911
2147483648
1071066662
1073741824
1072162536
0
1071012284
1073741824
1070672974
3221225472
1067625614
0
1071517960
2147483648
1071587911
2147483648
1072423593
1073741824
1072375743
2684354560
1067510250
0
1071949307
2147483648
1071951616
536870912
1068085580
0
1071224688
1073741824
1072133983
2147483648
1066103336
0
1071727637
1073741824
1064018976
0
1070684012
3221225472
1068930341
0
1071434767
1073741824
1071421221
3221225472
1068760606
0
1072579054
3221225472
1069351382
0
1070005209
0
1072014758
3758096384
1072050893
2684354560
1069066890
0
1071461100
1073741824
1072693247
2684354560
91
