Uvec
2226355706
1072441041
1610612736
1071151963
1073741824
1072070517
1610612736
1072030113
2147483648
1072178014
1610612736
1071671529
3758096384
1068930837
0
1071950029
536870912
1071115942
0
1072691432
2147483648
1071253585
2147483648
1068263562
0
1071029251
2147483648
1072689660
2147483648
1071178985
2147483648
1072664116
536870912
1072336636
3221225472
1070828320
3221225472
1072424438
2147483648
1071836853
3758096384
1072291289
3221225472
1068790839
0
1071857954
1610612736
1070637360
1073741824
1070566258
2147483648
1069093479
0
1071627071
2147483648
1069379041
0
1071929217
0
1072056636
3221225472
1072631936
0
1071084532
1073741824
1072196122
536870912
1070697532
3221225472
1071244213
0
1072028097
3758096384
1071688111
3758096384
1068978314
0
1072473097
0
1070227995
2147483648
1068567706
0
1072469727
0
1072679295
0
1072512625
536870912
1069611360
0
1071643732
3221225472
1071022277
2147483648
1068476040
0
1072533292
536870912
1071937934
2684354560
1071746854
1610612736
1070512028
2147483648
1068576663
0
1072613201
3758096384
1072627248
1073741824
1070763504
3221225472
1070155566
0
1070336190
0
1064837584
0
1070776741
0
1072097732
1610612736
1070953726
2147483648
1068071322
0
1072220763
3758096384
1072291537
3758096384
1072365469
1610612736
1072681923
0
1070891261
1073741824
1069606425
0
1071659273
1073741824
1071029434
2147483648
1071231549
1073741824
1072104052
2684354560
1071615743
3221225472
1071060417
0
1068545969
0
1071836292
536870912
1069217215
0
1070491987
0
1070608173
1073741824
1072194727
1610612736
1070876000
0
1069060601
0
1069770629
2147483648
1072324877
1610612736
1071857601
536870912
1071848094
1073741824
1071931917
3221225472
1067843894
0
1070653921
2147483648
1068777518
0
1072232136
1073741824
1071969484
3221225472
1072647034
3758096384
1071420157
2147483648
1068590063
0
1070684959
1073741824
1071946692
0
1071461100
1073741824
1072693247
2684354560
30
