Uvec
2226355706
1072399655
2684354560
1071067812
3221225472
1071852071
536870912
1069684287
2147483648
1072339644
2684354560
1069348683
0
1072302817
3221225472
1071012977
0
1072159952
3221225472
1071388633
3221225472
1069821892
2147483648
1071972945
1610612736
1070728606
0
1068788754
0
1069728087
2147483648
1071125617
0
1072691370
0
1062240640
0
1068306952
0
1071847351
2147483648
1072297064
3758096384
1070133600
2147483648
1072670964
0
1072052272
3758096384
1072087650
3758096384
1071394609
1073741824
1072035546
3221225472
1069396683
0
1072540096
2684354560
1070746637
1073741824
1071423338
0
1072483946
2147483648
1071270710
2147483648
1071298509
1073741824
1072426175
1610612736
1071784615
536870912
1069831988
0
1071889565
2684354560
1071235067
0
1072569518
2684354560
1070963478
0
1072051951
2684354560
1071706734
3221225472
1070364326
0
1070976467
1073741824
1070902347
0
1072641246
2684354560
1071834481
2147483648
1072330373
1073741824
1070764006
3221225472
1071100350
2147483648
1071624825
1073741824
1071396074
2147483648
1071985258
536870912
1072352355
1073741824
1072493602
1610612736
1071844120
3758096384
1071990249
0
1071509151
2147483648
1070225429
2147483648
1068213474
0
1071502009
0
1071068109
1073741824
1072344245
536870912
1072233291
2147483648
1070542922
0
1072211584
2147483648
1072690311
3758096384
1071106461
1073741824
1072288363
2684354560
1071975063
3221225472
1072029227
2147483648
1072335093
2147483648
1072374619
3221225472
1070969731
2147483648
1071071147
1073741824
1072407623
536870912
1071416540
0
1071755844
1610612736
1071943472
1610612736
1071678835
3221225472
1072431352
3758096384
1066122600
0
1070991630
2147483648
1072215889
1610612736
1069792677
2147483648
1071339450
1073741824
1071514627
1073741824
1070528553
2147483648
1072446235
0
1071366722
0
1072455899
0
1070933773
3221225472
1067362532
0
1072029885
536870912
1071125474
3221225472
1072070943
0
1071508497
0
1071461100
1073741824
1072693247
2684354560
57
