Uvec
2226355706
1070069163
0
1071790082
2147483648
1072542858
536870912
1070726837
3221225472
1072335024
2147483648
1072250163
536870912
1069789792
2147483648
1071354108
1073741824
1071760660
1610612736
1068632644
0
1064080064
0
1071851089
3758096384
1071437818
2147483648
1069314015
0
1071568603
1073741824
1071707815
3221225472
1068888931
0
1068039672
0
1071574052
1073741824
1069100958
0
1070932959
3221225472
1065307520
0
1072652565
2147483648
1070909451
3221225472
1072551022
536870912
1069760203
2147483648
1072300143
1073741824
1072448913
536870912
1072581483
3221225472
1072360968
2684354560
1071953881
3221225472
1070296630
2147483648
1071971190
2147483648
1067792136
0
1072544525
1073741824
1070400037
0
1068037042
0
1070630663
2147483648
1070770307
0
1072671741
1610612736
1071739505
3221225472
1069477033
0
1072479750
1073741824
1071890082
2147483648
1071682969
2684354560
1072128740
2147483648
1072005224
3758096384
1071645523
0
1071864952
3221225472
1068079846
0
1072374248
3758096384
1069206875
0
1071015531
3221225472
1070635836
2147483648
1070135564
2147483648
1070214658
2147483648
1071826171
2684354560
1072336161
1073741824
1072371858
3758096384
1072556743
3758096384
1070061994
0
1070835110
3221225472
1070218751
2147483648
1072047570
1073741824
1072161838
2684354560
1070464999
0
1068223354
0
1072609981
2684354560
1072577539
3221225472
1072022619
1610612736
1066844880
0
1071070970
1073741824
1072183724
2684354560
1072650417
0
1071772583
2684354560
1072197888
0
1071774703
2147483648
1070030295
2147483648
1072127841
0
1071785669
536870912
1069702662
0
1072155120
3758096384
1070781078
3221225472
1070941127
1073741824
1071484878
0
1070467632
2147483648
1071216884
1073741824
1070926036
0
1072683942
2147483648
1071093501
0
1064345200
0
1072517808
3758096384
1072114289
536870912
1071498221
3221225472
1071627200
0
1071846085
536870912
1069590217
2147483648
1071139207
1073741824
1071461100
1073741824
1072693247
2684354560
65
