Uvec
2226355706
1071971982
2684354560
1072372526
1610612736
1072271300
3758096384
1072161428
1073741824
1068166384
0
1071708024
0
1067587962
0
1069077319
0
1071759045
3758096384
1072151620
2684354560
1071971208
1073741824
1072311697
2684354560
1066075784
0
1071781214
1610612736
1072570190
3758096384
1071332165
3221225472
1069731453
0
1070591468
2147483648
1070840366
1073741824
1069581363
0
1071533823
3221225472
1070817389
1073741824
1071294324
0
1071872530
536870912
1072267979
1610612736
1071693925
0
1068683351
0
1071868788
2684354560
1068893778
0
1068907585
0
1072036285
1073741824
1071481072
2147483648
1071764176
1610612736
1069248571
0
1071596638
2147483648
1071468739
0
1070482298
0
1071295021
2147483648
1072062751
3221225472
1071236694
0
1071564763
3221225472
1072399954
3221225472
1072348267
2147483648
1072463407
0
1071937264
1610612736
1070025039
2147483648
1068065618
0
1071942868
3221225472
1066907468
0
1071267719
1073741824
1072371513
1610612736
1071823902
1073741824
1071776550
1610612736
1071894575
1073741824
1072589003
3221225472
1068544303
0
1071429425
1073741824
1071783174
2684354560
1072214732
0
1071330009
1073741824
1072498817
1610612736
1072420921
0
1071995707
2684354560
1072655307
536870912
1072370429
2684354560
1072428229
2147483648
1072636480
3221225472
1067549978
0
1065379616
0
1066996380
0
1069909387
2147483648
1069709906
2147483648
1067510872
0
1070199437
2147483648
1071694355
0
1071560804
3221225472
1071858724
1073741824
1070203545
2147483648
1071517021
2147483648
1068659989
0
1066672564
0
1071638456
0
1072639699
0
1071927172
2684354560
1069946389
0
1072119622
536870912
1072225384
1073741824
1072294182
3221225472
1071315742
3221225472
1071955630
1073741824
1072608483
2684354560
1071738518
3758096384
1072297930
1073741824
1072127454
1610612736
1070992765
1073741824
1067154780
0
1070870302
0
1072514096
3221225472
1071461100
1073741824
1072693247
2684354560
22
