Uvec
2226355706
1071697375
3221225472
1070568870
2147483648
1070678772
1073741824
1069650612
2147483648
1071111455
2147483648
1070850711
2147483648
1069466022
0
1071194498
2147483648
1072527926
3758096384
1071973119
0
1071527096
2147483648
1070028091
2147483648
1069783775
2147483648
1072532577
3221225472
1071695176
3221225472
1071940529
3758096384
1068823162
0
1070186322
2147483648
1067651088
0
1071694603
3221225472
1072063550
536870912
1070884337
2147483648
1068949576
0
1072070907
2147483648
1071892157
1610612736
1071485152
2147483648
1071156325
1073741824
1071511505
0
1072624586
2147483648
1071760664
1073741824
1071714842
1610612736
1067895582
0
1070713385
0
1069834230
2147483648
1071407323
2147483648
1069953314
0
1071196780
1073741824
1071718193
0
1070872530
3221225472
1071934294
536870912
1072016962
2684354560
1072439312
536870912
1072628649
2147483648
1070853918
1073741824
1068652145
0
1072222563
1610612736
1071074011
3221225472
1071699451
0
1072324872
2147483648
1072191947
3758096384
1063839808
0
1072057222
2147483648
1072564857
0
1072541963
1073741824
1069133428
0
1069504819
0
1071903235
0
1071452509
2147483648
1070454833
0
1070603101
3221225472
1072214086
1073741824
1071739665
3758096384
1072515625
2147483648
1071845743
3758096384
1072453600
2684354560
1072242700
2147483648
1071207788
1073741824
1068703935
0
1072140344
1073741824
1072155690
3221225472
1071995331
0
1071658038
3221225472
1072349189
2684354560
1071757709
2684354560
1072548379
2684354560
1071172139
3221225472
1070538356
0
1068781874
0
1071733417
536870912
1070291718
0
1070254832
0
1071703985
1073741824
1072430554
0
1071803450
0
1067760550
0
1070645313
0
1071761751
1073741824
1071658891
536870912
1072054238
3758096384
1069745573
0
1071806400
536870912
1072578451
1610612736
1072117269
2147483648
1070633816
0
1071288425
3221225472
1071136843
1073741824
1071829848
3221225472
1070878394
3221225472
1071461100
1073741824
1072693247
2684354560
43
