Uvec
2226355706
1072264650
3221225472
1069928077
0
1070821613
2147483648
1068585692
0
1068728250
0
1072187185
1610612736
1072525785
536870912
1069806443
2147483648
1068790570
0
1072077714
536870912
1071878618
1073741824
1070839222
3221225472
1070351980
0
1072258851
2147483648
1071751115
1073741824
1071467022
1073741824
1067219480
0
1071779336
2684354560
1071874845
3758096384
1071113456
1073741824
1067122536
0
1069926092
0
1072318231
1610612736
1072065791
0
1064912176
0
1069583422
0
1071640523
2147483648
1071721589
536870912
1071481920
3221225472
1069800141
2147483648
1069468938
0
1072423940
3758096384
1072043693
536870912
1072462411
536870912
1072470283
2147483648
1068982939
0
1070067940
0
1072173838
3758096384
1071680511
536870912
1072426771
1073741824
1071428776
2147483648
1072595420
1610612736
1072343643
1610612736
1070598822
2147483648
1070762973
0
1072261065
3758096384
1068455910
0
1065639368
0
1070618594
0
1070626407
3221225472
1072435752
1073741824
1070544791
2147483648
1071813112
3758096384
1071040051
1073741824
1072175841
536870912
1071311595
2147483648
1070528465
0
1070966079
1073741824
1071934358
2684354560
1072469802
1610612736
1071392264
0
1070846910
0
1071922201
3758096384
1070410731
2147483648
1070183144
2147483648
1072356125
3221225472
1072007168
3758096384
1072661971
2684354560
1069767745
0
1071536662
0
1072663516
0
1072556636
1610612736
1072033619
0
1072345215
2684354560
1071284612
2147483648
1072656402
1073741824
1068158836
0
1071284107
0
1071685865
2147483648
1071618547
1073741824
1071687220
1073741824
1072636956
2684354560
1072266837
3758096384
1072397842
3221225472
1069750888
0
1070005054
2147483648
1071176790
1073741824
1070745557
0
1070574422
0
1072380392
536870912
1071750447
1073741824
1072536287
0
1070956553
0
1071892656
2684354560
1072015495
0
1072580969
0
1071971448
536870912
1072463776
536870912
1071461100
1073741824
1072693247
2684354560
56
