Uvec
2226355706
1071432172
0
1071917096
3221225472
1071990340
1073741824
1071677279
0
1072198095
1610612736
1068489158
0
1070852461
0
1071766211
1073741824
1070074587
0
1071058891
1073741824
1070569473
2147483648
1072148379
3758096384
1070888913
1073741824
1067431580
0
1068563356
0
1070454053
2147483648
1072460480
3221225472
1071684327
2684354560
1072215874
1610612736
1067774200
0
1069760058
2147483648
1069858657
2147483648
1071722921
3758096384
1071977800
3221225472
1070366534
2147483648
1071636753
2147483648
1071741121
3758096384
1072290172
3758096384
1070095161
0
1072170047
3221225472
1072604766
536870912
1071740888
0
1072155627
2684354560
1065363576
0
1071720339
0
1071716531
536870912
1071746176
0
1071776401
2684354560
1072452833
2147483648
1070968041
2147483648
1071732757
536870912
1071025845
0
1072280429
2147483648
1070870378
0
1071836318
3758096384
1071508385
1073741824
1067454370
0
1070184261
2147483648
1072493640
1610612736
1071318539
3221225472
1071398660
2147483648
1071056652
3221225472
1066330832
0
1070145580
2147483648
1072462596
2147483648
1072064543
3221225472
1071380040
0
1072514738
536870912
1070268418
2147483648
1071707306
3758096384
1072437398
2684354560
1072113836
3221225472
1070109022
0
1071692462
536870912
1071730154
3758096384
1070997278
2147483648
1065846632
0
1071701122
2147483648
1071771116
0
1071211124
2147483648
1068530557
0
1071592365
3221225472
1072644348
0
1072627606
1610612736
1072135769
1610612736
1071985739
536870912
1070985565
1073741824
1069446557
0
1071738581
1610612736
1071280069
2147483648
1072510559
1073741824
1070974723
1073741824
1072535068
0
1072387900
2684354560
1071990420
3221225472
1071235731
0
1068077452
0
1072106524
2684354560
1070038216
0
1068193222
0
1071904597
2684354560
1068126986
0
1071669290
0
1071951113
1610612736
1071992729
3221225472
1070619317
0
1071212008
0
1072264705
2684354560
1071461100
1073741824
1072693247
2684354560
60
