Uvec
2226355706
1071720156
1610612736
1071994099
2147483648
1070798973
3221225472
1071569159
1073741824
1072176856
1610612736
1071686495
1073741824
1069910520
2147483648
1072676876
3758096384
1070709525
1073741824
1072295042
2684354560
1070173250
0
1072566689
536870912
1072052637
3758096384
1071637928
2147483648
1070677050
3221225472
1072563778
1610612736
1069382471
0
1072662341
2147483648
1072190542
3758096384
1071745778
2684354560
1070099155
0
1070984973
1073741824
1071805313
2684354560
1072617212
1073741824
1068230790
0
1072298554
1073741824
1071971826
3221225472
1069737999
2147483648
1071430252
3221225472
1071964714
1073741824
1070061441
2147483648
1070890109
1073741824
1072421952
1610612736
1071704706
1073741824
1072165106
536870912
1067994976
0
1069161368
0
1071872315
2684354560
1071517846
2147483648
1070796634
1073741824
1069836365
2147483648
1068087630
0
1065705944
0
1071395995
3221225472
1071630797
3221225472
1072555375
1073741824
1067187860
0
1071359702
2147483648
1072457492
2147483648
1071882785
536870912
1071609095
0
1070679063
3221225472
1071025505
1073741824
1067644798
0
1072448569
536870912
1069313613
0
1072614858
3758096384
1072469796
3221225472
1071867197
2147483648
1070699245
3221225472
1070678671
0
1072421583
2147483648
1072434001
2147483648
1072166730
2684354560
1071845329
3221225472
1072295935
536870912
1072207994
3758096384
1071696187
3758096384
1071751366
2147483648
1071850247
536870912
1071706830
2147483648
1068851400
0
1071434088
2147483648
1072225264
3221225472
1072385572
1073741824
1071657247
0
1071920671
0
1072594510
2684354560
1071652348
2684354560
1071550244
3221225472
1071243189
3221225472
1070773163
0
1072196729
1073741824
1072216113
536870912
1070158735
0
1071279539
0
1070961800
2147483648
1072333285
2684354560
1069387280
0
1071704344
3221225472
1072485224
0
1070424884
2147483648
1072171023
3758096384
1071147459
0
1071121505
2147483648
1071661699
3758096384
1071751182
0
1071359804
0
1071461100
1073741824
1072693247
2684354560
4
