Uvec
2226355706
1071674604
2147483648
1069677680
0
1072465913
2147483648
1069853865
0
1072121359
3758096384
1072477484
3221225472
1071945197
1073741824
1072474157
1073741824
1069933771
0
1070852043
2147483648
1072007447
0
1067741972
0
1072603166
536870912
1069211864
0
1067687116
0
1070465986
2147483648
1072166033
536870912
1072656695
2684354560
1060868096
0
1071454114
3221225472
1071370659
3221225472
1072240574
536870912
1071496379
2147483648
1070999051
2147483648
1072026008
3758096384
1072547747
0
1068247786
0
1072029397
536870912
1072091863
1610612736
1069869671
0
1066911104
0
1070415699
0
1069848665
0
1072574321
1073741824
1072298544
3758096384
1072608041
1073741824
1071492850
2147483648
1072226526
3221225472
1071511085
2147483648
1071121275
0
1063160448
0
1072140664
3758096384
1063837504
0
1071498937
3221225472
1071166458
0
1071965853
536870912
1072096899
2147483648
1072494684
2147483648
1072426853
1610612736
1071605682
2147483648
1071854339
2147483648
1072083550
3758096384
1070969468
3221225472
1071762227
3758096384
1070723152
1073741824
1068891081
0
1069653400
2147483648
1072047234
2684354560
1072348631
536870912
1071084730
1073741824
1072596242
2147483648
1071567554
3221225472
1071930726
2147483648
1072005800
3221225472
1072509922
3221225472
1071756534
536870912
1072407471
536870912
1071379327
3221225472
1071143210
3221225472
1066642048
0
1071520854
2147483648
1070001710
2147483648
1071354636
3221225472
1065698240
0
1071848088
1073741824
1072633389
1073741824
1072550076
3758096384
1068407408
0
1071370155
3221225472
1071215982
0
1071964788
1610612736
1072108121
536870912
1067137724
0
1071241811
3221225472
1072154255
1073741824
1072366231
2147483648
1070113214
2147483648
1071603739
1073741824
1070825419
3221225472
1069795505
0
1072607656
536870912
1072502860
1073741824
1068828331
0
1072520451
2684354560
1072557267
536870912
1070400449
2147483648
1071864170
0
1072260999
3221225472
1071461100
1073741824
1072693247
2684354560
2
