Uvec
2226355706
1072226749
3221225472
1070110026
0
1069818814
0
1070770308
3221225472
1069885078
2147483648
1070646749
2147483648
1070942603
0
1071676860
1610612736
1072178811
2684354560
1072317255
2147483648
1072432822
2147483648
1072512930
2684354560
1065941432
0
1072319510
3758096384
1070672135
0
1072058977
3221225472
1072126168
536870912
1071862899
2684354560
1068390432
0
1069562667
2147483648
1072274726
0
1071826275
0
1070867791
3221225472
1072619904
3221225472
1070992619
1073741824
1064483072
0
1072333314
0
1072395003
536870912
1071744195
2684354560
1072498937
1073741824
1071036688
2147483648
1072007742
2684354560
1067919548
0
1071113386
2147483648
1069690774
2147483648
1071664986
1610612736
1071835148
2147483648
1071866752
3221225472
1072056200
1610612736
1072687948
1610612736
1070876950
2147483648
1072008928
3221225472
1071574722
3221225472
1068773795
0
1069434341
0
1071833966
3758096384
1072120913
2684354560
1065815736
0
1068189804
0
1069968978
0
1070741095
1073741824
1070621290
2147483648
1072239584
2147483648
1066693636
0
1071113500
0
1072611083
2147483648
1072128090
1610612736
1071326072
2147483648
1072368293
3221225472
1072078521
0
1069624083
0
1071998190
0
1072143674
1073741824
1071818809
3758096384
1071302547
1073741824
1068237252
0
1072690823
536870912
1072454356
2684354560
1068503928
0
1072392737
3758096384
1072538877
1073741824
1070546091
0
1072480659
1073741824
1067293656
0
1072519486
3221225472
1072000509
1073741824
1071866386
3221225472
1072236516
1610612736
1070921991
0
1071207788
2147483648
1069545501
0
1070935325
1073741824
1072596408
0
1070804167
3221225472
1072312382
1073741824
1072149666
2147483648
1072598612
1073741824
1069730143
0
1070911301
2147483648
1072243499
2684354560
1072183544
0
1071892122
1073741824
1071148015
0
1070656538
1073741824
1069736516
0
1072335560
2684354560
1067210816
0
1071942072
3758096384
1071461100
1073741824
1072693247
2684354560
43
