Uvec
2226355706
1070597267
3221225472
1071215257
2147483648
1070868358
1073741824
1070468800
2147483648
1069919304
2147483648
1072447762
0
1071650738
536870912
1072572356
2684354560
1070089369
0
1069969724
2147483648
1063664896
0
1068515213
0
1071305770
2147483648
1072139407
536870912
1069869959
2147483648
1072226465
3758096384
1071902536
0
1071879934
2147483648
1072546651
0
1071313802
1073741824
1068482426
0
1068995173
0
1069090357
0
1071028886
3221225472
1072257423
1073741824
1072421928
3221225472
1071839950
536870912
1072535527
536870912
1072624986
1610612736
1067899334
0
1072570561
2684354560
1072545043
1073741824
1071712750
2684354560
1068524717
0
1071759571
3221225472
1071626006
3221225472
1070649306
1073741824
1072285339
2684354560
1071862284
1073741824
1071547746
0
1071677896
3758096384
1072318450
2684354560
1070179766
2147483648
1071189534
2147483648
1071719975
1610612736
1070107746
2147483648
1071789165
536870912
1072543224
1073741824
1069421981
0
1072358855
0
1072206052
3221225472
1071661075
2147483648
1071654660
2684354560
1072050002
0
1067038332
0
1072266363
0
1072319227
1610612736
1071871572
3758096384
1070610125
2147483648
1071624344
0
1072370227
536870912
1071678140
2147483648
1071676314
3221225472
1071213488
2147483648
1072034692
3221225472
1072221908
2147483648
1071252741
3221225472
1070676262
3221225472
1071887689
2684354560
1069174432
0
1070810569
2147483648
1072170222
1073741824
1071662273
3758096384
1070270589
0
1069064452
0
1071133897
0
1071855828
2147483648
1070732320
1073741824
1072215551
2684354560
1070916343
1073741824
1072263917
0
1072085381
536870912
1070883938
1073741824
1072225908
1073741824
1072573028
3758096384
1072249080
536870912
1071758740
3221225472
1071938606
536870912
1072302811
2147483648
1070550768
0
1071896420
1610612736
1071867843
2147483648
1072610593
3758096384
1072618971
2684354560
1072501766
2147483648
1069395912
0
1072105768
536870912
1071498868
2147483648
1071461100
1073741824
1072693247
2684354560
89
