Uvec
2226355706
1072095592
3758096384
1072170027
536870912
1072355024
3758096384
1070742653
1073741824
1072358345
536870912
1071802986
0
1071159147
0
1069479783
0
1071986247
2684354560
1069290441
0
1072133836
1073741824
1071548110
2147483648
1072608710
2684354560
1069795624
2147483648
1069964910
2147483648
1071016187
1073741824
1072190289
0
1069505198
0
1070283221
2147483648
1070756071
3221225472
1070754143
3221225472
1070707960
0
1070669548
0
1069589436
2147483648
1071953635
2147483648
1070082738
2147483648
1072659981
2147483648
1071373554
0
1072661252
0
1072504467
2147483648
1066890296
0
1071549980
0
1072064988
1610612736
1071640015
1073741824
1071295290
0
1071010699
1073741824
1072286803
3758096384
1072374610
3758096384
1071171524
1073741824
1070742827
0
1070212273
2147483648
1068590877
0
1070380569
2147483648
1070837468
3221225472
1072366134
1073741824
1068093264
0
1070822460
3221225472
1070785266
0
1071174383
0
1065851104
0
1068658670
0
1066677840
0
1072373414
1610612736
1071265224
0
1071904643
536870912
1071821426
0
1070739022
0
1072420823
3758096384
1072597353
536870912
1071949756
2684354560
1069521540
0
1072182063
1610612736
1068540308
0
1072542744
3758096384
1072278578
2147483648
1072299697
3758096384
1071706136
1610612736
1068184902
0
1072101211
536870912
1069454720
0
1069506958
0
1072054013
3758096384
1071784787
536870912
1072189067
536870912
1071712049
3758096384
1072022612
2684354560
1071046436
3221225472
1069974761
2147483648
1072248424
0
1069746171
0
1070600729
0
1071722777
2684354560
1072115027
3758096384
1071314760
2147483648
1072475873
1610612736
1071670297
0
1070950760
2147483648
1070735573
2147483648
1071654503
1610612736
1072495106
2684354560
1069171639
0
1072396320
1610612736
1071989896
2684354560
1068067188
0
1069557886
2147483648
1072275067
1073741824
1071416352
1073741824
1068192806
0
1071461100
1073741824
1072693247
2684354560
95
