Uvec
2226355706
1071951878
2147483648
1072645388
1073741824
1072008251
2147483648
1071513656
2147483648
1071644590
1073741824
1068588189
0
1072124789
3221225472
1072516792
1073741824
1072246545
1073741824
1071586507
2147483648
1072161240
1610612736
1072634127
3221225472
1070727760
2147483648
1069009196
0
1071900362
3758096384
1072465218
3221225472
1072207699
3221225472
1071365296
2147483648
1072167592
3221225472
1068559140
0
1068885997
0
1072232938
2147483648
1067565834
0
1068553934
0
1071767382
2684354560
1070941975
3221225472
1072187174
1610612736
1069396802
0
1071004441
3221225472
1072518031
536870912
1067557966
0
1069014464
0
1072184656
536870912
1071862157
2684354560
1072265438
536870912
1070604588
3221225472
1072165828
2147483648
1069921244
2147483648
1071824422
1073741824
1070881206
0
1072070080
3221225472
1070100961
2147483648
1071632881
2147483648
1071837977
3758096384
1069290396
0
1070941613
0
1070206114
0
1072664137
3758096384
1069409705
0
1072652911
1073741824
1066791328
0
1068388898
0
1071093025
3221225472
1069954165
0
1069704600
2147483648
1071705278
2684354560
1072287405
2147483648
1071693788
3758096384
1072504656
1073741824
1072390705
1073741824
1071927830
2147483648
1071722297
3758096384
1070006327
0
1071727650
3221225472
1072119377
0
1070668327
2147483648
1070734146
3221225472
1070735957
3221225472
1069463811
0
1070264244
2147483648
1067994088
0
1071052811
2147483648
1071321120
1073741824
1071812765
1610612736
1072601795
2684354560
1071592134
3221225472
1070993567
1073741824
1069654078
0
1070790618
0
1071995688
536870912
1066712612
0
1070032581
2147483648
1072525252
536870912
1071757696
3758096384
1072256542
0
1072413214
3758096384
1071704959
2684354560
1072148909
1610612736
1070639708
0
1069774014
0
1069243100
0
1071904860
1073741824
1071293214
1073741824
1071870472
3221225472
1072195786
3221225472
1071862545
1073741824
1072070263
3221225472
1071725170
2684354560
1071461100
1073741824
1072693247
2684354560
92
