Uvec
2226355706
1068622727
0
1068851146
0
1071742431
3221225472
1070948754
0
1071998639
0
1071919791
536870912
1072690387
0
1066545952
0
1071159748
3221225472
1069431247
0
1067953666
0
1069633506
2147483648
1071525647
1073741824
1071705590
1073741824
1066545980
0
1070200832
2147483648
1072361972
1610612736
1070970453
3221225472
1070945398
2147483648
1072261561
0
1071073459
2147483648
1071274099
2147483648
1071392657
3221225472
1071540882
2147483648
1071943234
3221225472
1070855997
1073741824
1072455128
2147483648
1072661955
536870912
1071161027
2147483648
1072510114
536870912
1071916581
2147483648
1071442386
1073741824
1069628916
2147483648
1072167016
1073741824
1066229296
0
1070866719
0
1071687289
2147483648
1070354727
0
1072275739
0
1070552955
2147483648
1071792358
2684354560
1071648960
2684354560
1072659495
3758096384
1068636224
0
1071653362
2684354560
1068240436
0
1071987190
0
1071958840
1610612736
1072030404
1610612736
1072672740
3221225472
1071777750
3758096384
1072217522
1610612736
1065608784
0
1072134921
3221225472
1067284284
0
1071402897
3221225472
1070841271
2147483648
1072222207
0
1072043346
1610612736
1071615968
2147483648
1069603008
0
1071983327
2147483648
1071854073
1610612736
1071299390
0
1071253023
1073741824
1069744672
0
1071164927
1073741824
1069864904
2147483648
1069712833
0
1067765730
0
1071391445
3221225472
1070773720
2147483648
1071341210
3221225472
1072570861
2147483648
1071403005
2147483648
1071637576
1073741824
1068046464
0
1072329776
1073741824
1068938755
0
1070619134
2147483648
1070744551
1073741824
1070637574
2147483648
1065618144
0
1070277414
0
1071705299
1610612736
1067493204
0
1071730419
2147483648
1070924673
1073741824
1071742417
3221225472
1072168206
0
1069284552
0
1072073004
1610612736
1072433651
2684354560
1072641901
536870912
1072371429
2147483648
1071022191
0
1069323311
0
1072153938
3758096384
1071461100
1073741824
1072693247
2684354560
57
