Uvec
2226355706
1071427323
2147483648
1072219224
3758096384
1071872681
3758096384
1071929664
2684354560
1072041953
3758096384
1072170483
0
1072095591
0
1072327092
2147483648
1071501666
2147483648
1071981439
1610612736
1069416380
0
1070776430
0
1072195821
536870912
1070449059
0
1071374931
3221225472
1070875273
1073741824
1069852461
2147483648
1072093100
1073741824
1071719431
2684354560
1072050499
2684354560
1072417908
2684354560
1071709609
0
1071259024
0
1070936368
2147483648
1072432017
2684354560
1072406512
3758096384
1072226968
3221225472
1072043947
1073741824
1071368288
3221225472
1071674663
2684354560
1071870790
536870912
1069166382
0
1072688696
2147483648
1071520539
3221225472
1071040395
1073741824
1072494798
1610612736
1071790064
1073741824
1072167233
0
1071157681
2147483648
1072511754
0
1071793484
1610612736
1069868936
2147483648
1072023364
3221225472
1072607535
1610612736
1070053616
0
1072099291
3758096384
1069558131
0
1070031853
2147483648
1072478833
2147483648
1069383569
0
1072507140
3221225472
1072204117
2147483648
1070826146
3221225472
1072521949
0
1071796816
2147483648
1071242366
1073741824
1072260606
2147483648
1067567318
0
1071387159
0
1071189208
3221225472
1068198338
0
1069778992
0
1072573344
2684354560
1070162081
2147483648
1072324052
536870912
1070584255
0
1072238602
536870912
1072510775
1073741824
1071635264
1073741824
1071694637
3758096384
1070401019
0
1069665164
2147483648
1069564567
2147483648
1072482410
536870912
1072555780
2147483648
1068628237
0
1066078888
0
1072283083
0
1071876284
3221225472
1071639867
0
1072418741
2147483648
1072498346
1610612736
1072440017
1073741824
1071750438
0
1071016290
2147483648
1071306833
1073741824
1071598109
1073741824
1071078276
3221225472
1071914950
1073741824
1071942592
2684354560
1072654813
0
1071587767
3221225472
1071558909
1073741824
1072277609
2684354560
1071645775
1610612736
1070093976
0
1072410338
0
1071704017
1610612736
1071461100
1073741824
1072693247
2684354560
59
