Uvec
2226355706
1071118745
3221225472
1072488215
0
1072149652
3758096384
1072344577
1610612736
1071975197
3221225472
1071641671
2147483648
1072099621
2684354560
1071754095
0
1069809469
0
1072194560
0
1070622916
3221225472
1071941690
1610612736
1070783564
1073741824
1071777123
3221225472
1070858684
1073741824
1070471607
0
1072332457
536870912
1067941134
0
1071974303
2684354560
1072026070
536870912
1072290532
1073741824
1072644008
3221225472
1071599223
2147483648
1069907651
2147483648
1072350788
2684354560
1072032751
1073741824
1070830407
0
1072093541
0
1071545066
0
1072360846
2147483648
1071826860
2147483648
1072213088
2684354560
1071298135
0
1068165314
0
1070608566
0
1071882424
2147483648
1071021280
2147483648
1071437236
1073741824
1071038798
2147483648
1072030044
2684354560
1072599165
1073741824
1072468393
2147483648
1072198988
3221225472
1070701156
0
1072158778
2684354560
1071759264
3221225472
1070300971
0
1064584160
0
1069461556
0
1071578859
2147483648
1067669374
0
1072176058
536870912
1070472622
2147483648
1070884563
2147483648
1072125498
1073741824
1069831205
2147483648
1072409233
536870912
1071491445
0
1069737851
0
1068412932
0
1072375938
3221225472
1066421512
0
1068785223
0
1071744036
0
1071370864
1073741824
1070254727
0
1072049884
536870912
1071728822
0
1071543897
1073741824
1071538547
1073741824
1072133029
536870912
1071556616
3221225472
1071736419
1610612736
1072278442
2684354560
1071880272
0
1070831400
1073741824
1067598560
0
1071798185
1073741824
1069677396
0
1069188728
0
1070941799
2147483648
1070187140
0
1069978169
0
1070941075
0
1071671268
0
1072272105
1610612736
1071089988
0
1068893519
0
1070830065
0
1072328215
536870912
1070142158
0
1069791771
2147483648
1069348109
0
1071040575
1073741824
1072526321
536870912
1072589456
2147483648
1072332500
536870912
1071282900
0
1071461100
1073741824
1072693247
2684354560
5
