Uvec
2226355706
1072495136
2147483648
1072442320
2147483648
1072604250
1073741824
1071123212
0
1070354428
2147483648
1072535548
3221225472
1072100110
536870912
1071007446
0
1072486659
2147483648
1072182745
1610612736
1071525467
2147483648
1072081045
536870912
1071010247
1073741824
1071834166
3221225472
1069097420
0
1068197242
0
1071556166
0
1070592031
2147483648
1072308799
536870912
1072447652
1610612736
1070231165
2147483648
1071784900
1073741824
1071613570
1073741824
1071894657
3221225472
1071851993
3221225472
1071757361
1073741824
1072091257
1073741824
1070910524
1073741824
1069951514
2147483648
1072578292
536870912
1072157616
3221225472
1068407634
0
1070192187
0
1071032254
0
1070879654
2147483648
1071874314
536870912
1070930821
3221225472
1070284383
2147483648
1072462989
3758096384
1070769393
1073741824
1070939938
1073741824
1072112712
2147483648
1069782670
2147483648
1072380560
2684354560
1068746971
0
1068152432
0
1069847751
2147483648
1071834034
2147483648
1071833879
2147483648
1067540942
0
1067287348
0
1072023199
1073741824
1071687354
3221225472
1072598108
2684354560
1071663212
1610612736
1072647680
2684354560
1072516507
3758096384
1067150104
0
1072065555
536870912
1072633828
2684354560
1072423964
1073741824
1072276824
3221225472
1071685772
3758096384
1071214624
3221225472
1072127393
2684354560
1069398382
0
1070593906
0
1071939476
2147483648
1072041253
1610612736
1072040846
1610612736
1070471477
2147483648
1072443950
1073741824
1069936014
2147483648
1070638974
1073741824
1071058600
2147483648
1072082981
1610612736
1070224626
2147483648
1070772397
2147483648
1071833718
2147483648
1071898875
1610612736
1071790241
3758096384
1070900322
1073741824
1071809142
2147483648
1072639513
536870912
1070833283
3221225472
1070390575
0
1072681144
536870912
1070989922
2147483648
1072509915
0
1072513989
1610612736
1070817301
0
1072592965
536870912
1068786025
0
1072079750
536870912
1072052579
1610612736
1069234810
0
1072558292
1610612736
1072681584
1073741824
1071461100
1073741824
1072693247
2684354560
30
