Uvec
2226355706
1067900546
0
1072665386
1610612736
1071358201
3221225472
1070691032
0
1070678658
2147483648
1071840091
536870912
1071731528
2147483648
1071953617
3221225472
1071516445
0
1071671718
2684354560
1071985120
2684354560
1072170634
2147483648
1071961158
1073741824
1071096162
2147483648
1070143886
0
1072328385
3221225472
1071810344
3758096384
1072450466
0
1070637506
2147483648
1071991837
2147483648
1068893092
0
1069203700
0
1072553431
2684354560
1071282323
0
1072437675
3758096384
1071741477
1073741824
1071718706
2684354560
1072325752
536870912
1071919271
3221225472
1065915792
0
1071864632
3758096384
1072519594
536870912
1071794545
2684354560
1066717724
0
1070991878
0
1072093529
0
1071933186
3758096384
1069926118
0
1070001396
0
1072406049
1073741824
1066388264
0
1072439287
1073741824
1072373128
1610612736
1071572227
3221225472
1071351470
0
1071117722
1073741824
1071113592
2147483648
1072633069
2147483648
1072265782
2147483648
1072067997
2684354560
1071732330
0
1071835458
1610612736
1071800710
3221225472
1072348045
536870912
1072441994
2147483648
1068299992
0
1070962042
1073741824
1071643549
1073741824
1070265586
0
1069132976
0
1071394137
2147483648
1072577976
0
1067518444
0
1072595205
2684354560
1072356855
2147483648
1071007043
0
1071139345
3221225472
1071730245
2684354560
1072423272
1610612736
1072206637
3221225472
1071546824
1073741824
1071640211
3221225472
1072282864
1073741824
1070348118
2147483648
1072150838
3221225472
1071898020
0
1070708499
2147483648
1070970514
3221225472
1070973303
1073741824
1071779829
2684354560
1069012993
0
1072505510
536870912
1070916630
3221225472
1070453623
2147483648
1059000320
0
1072125509
3221225472
1068661672
0
1072692396
3758096384
1072566230
0
1072049054
2684354560
1068626567
0
1072068237
1073741824
1072660798
1610612736
1070040595
0
1072562599
2147483648
1070611659
3221225472
1068554840
0
1070187080
0
1071461100
1073741824
1072693247
2684354560
63
