Uvec
2226355706
1070750818
0
1071950798
3221225472
1069941435
2147483648
1072641786
3221225472
1071595222
1073741824
1071087924
2147483648
1070854550
0
1071819619
536870912
1071517312
1073741824
1065961368
0
1070316274
0
1071134059
3221225472
1069739193
0
1070627301
2147483648
1070436081
2147483648
1071080589
2147483648
1072598622
1073741824
1072181988
2684354560
1072006623
2147483648
1070910731
2147483648
1069160614
0
1072299101
1610612736
1071156471
0
1070117410
0
1072233016
1610612736
1072012917
0
1071801073
3758096384
1069822907
0
1069319609
0
1070824023
3221225472
1071827057
536870912
1071380723
3221225472
1072213346
536870912
1069818455
0
1072043834
1073741824
1072087790
1073741824
1070989617
2147483648
1072378100
2147483648
1071307666
1073741824
1071798009
3758096384
1072647855
536870912
1071861034
2684354560
1070585974
0
1069827102
2147483648
1071858285
536870912
1071714203
2684354560
1072181522
3758096384
1072008113
1073741824
1072409195
1610612736
1071964572
1610612736
1071979824
536870912
1069364784
0
1071910701
1073741824
1071594874
0
1072539312
1610612736
1072186726
1073741824
1070216116
0
1070872862
1073741824
1070614897
3221225472
1072465751
0
1071983042
536870912
1071856032
2147483648
1071798555
2147483648
1067864016
0
1070765694
2147483648
1071564036
1073741824
1071699722
536870912
1072073982
1073741824
1072575595
3221225472
1071957726
1073741824
1069868867
0
1070309074
0
1064628240
0
1072348688
536870912
1071818227
1610612736
1069291372
0
1071284379
0
1071460367
2147483648
1072234917
536870912
1072171313
536870912
1071206391
1073741824
1072086220
1610612736
1070634220
0
1071343000
3221225472
1072135106
3221225472
1070869316
3221225472
1071276521
2147483648
1070540265
2147483648
1071673794
3758096384
1068852340
0
1072135453
0
1072261527
3221225472
1072069835
1073741824
1067046120
0
1072008773
3221225472
1072681956
1073741824
1071793019
2147483648
1071787730
3221225472
1071461100
1073741824
1072693247
2684354560
58
