Uvec
2226355706
1071117520
1073741824
1070596895
0
1071258619
0
1071773734
536870912
1070823653
1073741824
1069461640
0
1072337530
1610612736
1071208825
3221225472
1070707899
0
1069280282
0
1072472324
1073741824
1068982460
0
1071458779
2147483648
1068728324
0
1071340633
2147483648
1072672169
1610612736
1070573474
0
1070736467
3221225472
1072192075
1610612736
1070675799
2147483648
1071273285
3221225472
1072120765
2684354560
1071647359
0
1070707187
2147483648
1071303618
3221225472
1072037716
3758096384
1072498885
3758096384
1072365560
536870912
1071902021
3758096384
1070772584
0
1070746712
0
1072578747
3221225472
1070786193
0
1071658476
1610612736
1071229420
0
1071167007
1073741824
1072174282
1073741824
1072475278
1610612736
1071311181
3221225472
1071510557
1073741824
1070877730
1073741824
1072641533
2684354560
1068087824
0
1071000269
0
1072462127
3758096384
1072121088
3221225472
1071404472
2147483648
1067554632
0
1069740651
2147483648
1070713462
2147483648
1072574356
536870912
1072550728
0
1071995968
3221225472
1069852756
2147483648
1072269042
1610612736
1070954120
2147483648
1072012026
1610612736
1069716676
2147483648
1071280615
0
1068920613
0
1072094891
536870912
1071655571
536870912
1071749624
1073741824
1071754479
2147483648
1071698175
2684354560
1071204519
1073741824
1072119074
2684354560
1071879767
0
1068203500
0
1071875122
1073741824
1068649406
0
1069469225
0
1072443810
0
1071920547
1073741824
1071877876
0
1070477380
0
1072580990
536870912
1071457175
0
1072386921
0
1071900407
2147483648
1072011531
3758096384
1068543784
0
1070719257
1073741824
1071669440
3758096384
1070025461
0
1071608054
3221225472
1071721740
3758096384
1070570019
0
1070619763
1073741824
1072524657
3758096384
1070803844
1073741824
1070372439
0
1072006140
536870912
1072473572
3221225472
1071786487
3221225472
1072319398
2684354560
1072068615
536870912
1072027347
3758096384
1071461100
1073741824
1072693247
2684354560
8
