Uvec
2226355706
1068867600
0
1071697210
0
1072202098
3221225472
1072517176
0
1070640074
1073741824
1071060397
3221225472
1071337682
1073741824
1072505939
536870912
1069903016
2147483648
1068871279
0
1071027440
1073741824
1071010344
0
1070699971
0
1072219479
536870912
1071075084
0
1068495636
0
1072469725
3221225472
1067041584
0
1072592551
536870912
1070426682
2147483648
1072154877
1073741824
1071865727
1610612736
1071466057
1073741824
1071583581
1073741824
1071865277
1073741824
1070189423
0
1072146255
1610612736
1069593205
0
1072660383
1073741824
1072013151
3221225472
1072275279
1073741824
1072648400
1610612736
1066134544
0
1072678924
3758096384
1071034966
0
1070976522
1073741824
1072345883
3758096384
1070686777
0
1072372838
3758096384
1070670907
1073741824
1072070587
2684354560
1069251585
0
1072425409
1073741824
1069318783
0
1071778208
2147483648
1068162502
0
1072588145
3221225472
1072165545
0
1071045858
0
1071445499
1073741824
1072117840
536870912
1071326792
1073741824
1072295203
2147483648
1069277104
0
1072065302
1610612736
1070510346
2147483648
1071247390
0
1072674150
1610612736
1071973858
3758096384
1072613319
2147483648
1071962798
1073741824
1068590129
0
1071919027
3221225472
1072111775
2147483648
1072348501
3221225472
1070818745
2147483648
1070880951
2147483648
1071268638
3221225472
1069928410
2147483648
1071550268
3221225472
1071156926
0
1072582374
2684354560
1070838155
2147483648
1071272963
0
1071838696
2147483648
1072179307
3758096384
1072310666
2147483648
1071467084
2147483648
1068499100
0
1072514771
2147483648
1067710856
0
1071853840
1073741824
1072676030
1610612736
1070216139
0
1072674872
2684354560
1072301163
1610612736
1070361259
2147483648
1071023091
1073741824
1069343227
0
1072065506
536870912
1072553867
2684354560
1072668210
3758096384
1071860266
3221225472
1070875798
1073741824
1071883764
1073741824
1072627730
0
1066923060
0
1072150973
1073741824
1071461100
1073741824
1072693247
2684354560
35
