Uvec
2226355706
1072498006
0
1069867061
0
1071010976
1073741824
1067794080
0
1072564118
3758096384
1072039842
2684354560
1071184804
2147483648
1071566118
1073741824
1072140636
2684354560
1067122320
0
1072177368
3221225472
1066706736
0
1070137320
2147483648
1071598192
1073741824
1071947194
2147483648
1071050758
3221225472
1072539134
536870912
1072663297
1073741824
1070357004
2147483648
1070840511
0
1072360268
536870912
1071326522
0
1072176320
1073741824
1071728205
2147483648
1071547353
1073741824
1070627169
2147483648
1071732139
3221225472
1071762889
2684354560
1072136323
3221225472
1070124866
0
1070953838
1073741824
1071751247
1073741824
1072266562
1610612736
1072528351
2147483648
1072593615
2684354560
1072456496
1073741824
1071975022
3758096384
1065128624
0
1072351089
1073741824
1071978351
1073741824
1072323420
1073741824
1071824557
0
1071724851
536870912
1071523071
1073741824
1070692092
3221225472
1072059069
3758096384
1069389401
0
1071287774
3221225472
1069962132
0
1068766742
0
1071696703
1610612736
1070776711
1073741824
1071299571
3221225472
1069704586
2147483648
1072240621
3758096384
1070516635
2147483648
1071272179
2147483648
1071072927
1073741824
1071871244
3221225472
1072213627
2147483648
1072183743
536870912
1071699001
3221225472
1072341077
1073741824
1072097452
2147483648
1070988767
3221225472
1071663377
3758096384
1072307316
2147483648
1072619596
2147483648
1071017312
1073741824
1072626727
2684354560
1071413272
3221225472
1072689746
536870912
1072626546
536870912
1070614781
1073741824
1072010008
3221225472
1071861008
3758096384
1070557136
0
1064630912
0
1072636570
1073741824
1070192490
2147483648
1071325201
1073741824
1072133903
0
1071619039
1073741824
1070582166
0
1070910571
3221225472
1072105520
0
1072637433
2684354560
1072053986
1073741824
1068829375
0
1071494310
1073741824
1067673526
0
1070329399
2147483648
1072146703
1610612736
1069419101
0
1070510365
0
1071779501
2684354560
1071909111
1610612736
1071011336
3221225472
1071461100
1073741824
1072693247
2684354560
16
