Uvec
2226355706
1071683965
2684354560
1071451993
0
1072093171
1073741824
1071852877
536870912
1068791273
0
1070425424
2147483648
1068028886
0
1072314747
2147483648
1068334176
0
1070375866
0
1071179925
3221225472
1070740849
3221225472
1072478645
0
1072021900
3221225472
1072050275
1610612736
1071947649
2684354560
1068941913
0
1072555749
1073741824
1072626775
0
1071677156
536870912
1071948719
3758096384
1070832922
3221225472
1071164346
1073741824
1072071056
3758096384
1069884824
0
1072494760
536870912
1070726984
2147483648
1065169184
0
1069555679
2147483648
1070995308
1073741824
1071201000
3221225472
1071878183
2147483648
1072431803
0
1072225813
536870912
1072458123
3758096384
1072568817
1073741824
1071617338
0
1072066641
3758096384
1069075984
0
1071720255
1073741824
1072151319
1610612736
1072583560
2684354560
1072544382
1610612736
1072542311
2684354560
1069493030
0
1070920951
1073741824
1070364898
2147483648
1072660405
3758096384
1070644780
0
1071168105
1073741824
1071819883
1610612736
1069702012
2147483648
1071484670
0
1072036155
3758096384
1070748964
0
1071823110
3221225472
1067048660
0
1071696256
536870912
1072080304
1610612736
1072406262
1610612736
1072333346
0
1070425603
0
1069938568
0
1069669299
0
1070566979
2147483648
1066346600
0
1071365153
0
1067790916
0
1069098515
0
1072600005
2147483648
1072357035
0
1070623373
1073741824
1069101721
0
1068112228
0
1072499037
1610612736
1071949811
1610612736
1068676022
0
1071487137
2147483648
1071979420
0
1071991616
3221225472
1071247366
1073741824
1071507579
3221225472
1070775703
0
1070097661
0
1071248693
0
1071362128
1073741824
1072285026
2684354560
1070921942
0
1068295736
0
1069225387
0
1071398198
3221225472
1072178752
0
1069681692
0
1072002936
1073741824
1069831525
0
1070391101
2147483648
1067767272
0
1071031850
1073741824
1071461100
1073741824
1072693247
2684354560
82
