Uvec
2226355706
1071187561
3221225472
1072117041
3221225472
1070826442
1073741824
1071912057
2147483648
1068880306
0
1069786051
2147483648
1070687716
0
1072640022
1073741824
1072656370
1610612736
1072005212
3221225472
1070583201
2147483648
1072674886
0
1071600186
2147483648
1072103883
1610612736
1068855389
0
1069563327
2147483648
1071746192
1610612736
1069714640
2147483648
1071251365
2147483648
1071819256
2684354560
1071861948
2147483648
1072566164
3758096384
1071706218
2147483648
1072182253
1610612736
1069196627
0
1066698716
0
1072674058
3758096384
1071701675
2147483648
1071345495
0
1067668822
0
1070557110
0
1071869423
0
1072318159
1610612736
1072354891
536870912
1067776878
0
1070087385
0
1071650947
0
1069012591
0
1072155681
1610612736
1071973911
1610612736
1072616720
536870912
1071084897
0
1070802818
1073741824
1068723372
0
1068859573
0
1071880580
3221225472
1070225764
2147483648
1071917023
1073741824
1068405134
0
1072063175
1610612736
1069177242
0
1071566757
2147483648
1070874144
1073741824
1069596236
2147483648
1072667174
2147483648
1072321920
0
1070228839
0
1070602739
0
1072549039
2684354560
1072026224
3758096384
1072036009
1073741824
1072692469
1073741824
1070070834
2147483648
1070825190
2147483648
1071488663
0
1070077075
0
1071977232
1610612736
1068935995
0
1071129928
3221225472
1072615232
1073741824
1070698914
2147483648
1067757626
0
1069898765
2147483648
1069591154
0
1069063436
0
1070771251
1073741824
1070079677
0
1071870499
0
1071877077
3221225472
1071977653
0
1072114374
2684354560
1072363688
0
1072525482
2684354560
1072032549
3221225472
1070082553
2147483648
1071016472
3221225472
1071253230
0
1072318078
0
1071315479
0
1071432888
2147483648
1071126284
0
1070064540
0
1072232914
1073741824
1072590325
1073741824
1072311527
1610612736
1071749942
3758096384
1071734141
0
1071741680
2684354560
1071461100
1073741824
1072693247
2684354560
12
