Uvec
2226355706
1071872715
0
1071063237
3221225472
1072073156
1073741824
1070269092
0
1072217082
1610612736
1072687637
3221225472
1069911929
2147483648
1072280695
0
1066932808
0
1072443825
2684354560
1066951364
0
1069374799
0
1070638519
1073741824
1072580892
1073741824
1067651784
0
1071569888
0
1070909604
0
1069849117
2147483648
1072610207
2684354560
1071703294
3221225472
1071762884
3221225472
1071282061
0
1071254866
0
1069596010
2147483648
1072666774
0
1071875059
2684354560
1067938776
0
1072292528
2147483648
1069623249
2147483648
1070923562
2147483648
1070540892
0
1072261330
3221225472
1071265764
3221225472
1072325284
0
1071551016
0
1068035578
0
1071746280
536870912
1071992484
1610612736
1071228271
1073741824
1070810126
3221225472
1069530393
0
1071895604
1073741824
1072064337
3221225472
1071737131
2684354560
1072571597
536870912
1072554175
2684354560
1071531093
2147483648
1068152522
0
1070668911
2147483648
1071887739
3221225472
1071795547
536870912
1069316122
0
1070346559
2147483648
1063971904
0
1072445619
1610612736
1072492089
3221225472
1071636868
2147483648
1072500850
3221225472
1069177989
0
1072319994
3221225472
1072335821
1610612736
1072077383
1610612736
1071245823
0
1069503489
0
1072231158
3221225472
1072170296
3221225472
1071047009
0
1067683760
0
1065980368
0
1072213272
1073741824
1071274055
3221225472
1071791214
2147483648
1069349271
0
1072584802
536870912
1072586800
1610612736
1068816445
0
1071065935
3221225472
1070903465
0
1069894943
0
1070610134
1073741824
1071690491
2684354560
1067074536
0
1069932525
2147483648
1072311239
1073741824
1063805504
0
1071785238
536870912
1069013248
0
1072096997
0
1071744778
1610612736
1070380478
0
1069309242
0
1072223355
3221225472
1069449798
0
1070146646
0
1071777107
1610612736
1071512406
1073741824
1072104784
2147483648
1071938103
1073741824
1071461100
1073741824
1072693247
2684354560
16
