Uvec
2226355706
1072020717
3221225472
1069529206
0
1071715670
3221225472
1072001704
2684354560
1072169319
3758096384
1072537594
2684354560
1072429905
2684354560
1069886999
0
1068142818
0
1072126982
3758096384
1069937712
2147483648
1070837608
2147483648
1069907351
2147483648
1071933415
0
1066378504
0
1072492991
3758096384
1072342712
0
1070493126
0
1069357582
0
1072245341
2147483648
1071246711
2147483648
1072324653
1610612736
1066543180
0
1072046794
3758096384
1068634131
0
1071952049
536870912
1071954018
2684354560
1070752436
1073741824
1071932776
2147483648
1071735650
2147483648
1072552277
3758096384
1071878298
1610612736
1071398582
1073741824
1072612689
2684354560
1072506353
1610612736
1072406969
1073741824
1071460141
1073741824
1071099063
0
1070724904
3221225472
1072271726
1073741824
1071920197
0
1072007095
536870912
1063689952
0
1072068787
536870912
1071228205
3221225472
1065875320
0
1068299256
0
1071912804
0
1070337817
2147483648
1071767390
0
1071725169
3758096384
1072093969
2684354560
1067839740
0
1071793496
2684354560
1071130715
0
1071913248
2684354560
1071254542
2147483648
1071511855
3221225472
1069627404
2147483648
1069802871
0
1071517171
0
1070454141
2147483648
1071663833
2684354560
1071884398
2147483648
1069940117
2147483648
1070868737
1073741824
1069810842
0
1072161666
2147483648
1072305636
3221225472
1071646499
1610612736
1070654977
0
1071606301
1073741824
1068679995
0
1070869948
2147483648
1071329439
1073741824
1072573191
0
1071926512
3758096384
1072226024
2684354560
1071580232
1073741824
1072570119
1073741824
1072250295
1073741824
1071788063
2684354560
1072502847
2147483648
1066865648
0
1070972924
1073741824
1072126058
0
1072189384
536870912
1071081151
3221225472
1072122047
2147483648
1071091835
0
1071682634
536870912
1072183630
0
1072160253
1610612736
1072066587
1610612736
1071139781
2147483648
1071860341
1610612736
1070317146
2147483648
1069180146
0
1071461100
1073741824
1072693247
2684354560
79
