Uvec
2226355706
1069843095
0
1070353954
2147483648
1063184384
0
1071719251
536870912
1071691644
2147483648
1071398415
3221225472
1068858097
0
1071978417
3221225472
1071954580
1610612736
1072510389
2684354560
1072335376
0
1072608251
1073741824
1069704404
0
1072289821
1073741824
1071034661
1073741824
1067642002
0
1070837341
1073741824
1072670290
2147483648
1067495492
0
1071979102
2684354560
1072520039
2147483648
1070672798
3221225472
1072270114
1610612736
1072463720
3221225472
1072326792
0
1070054275
0
1071741797
3221225472
1070098150
2147483648
1070712600
3221225472
1071761518
1073741824
1072579757
3758096384
1071362379
0
1071720977
536870912
1071698331
3758096384
1071719198
3758096384
1070417324
0
1072348883
0
1072448254
2147483648
1071668847
2684354560
1070855384
0
1072603506
536870912
1070942361
3221225472
1070072617
0
1072124428
3221225472
1072005101
3758096384
1071472399
1073741824
1071803183
3758096384
1071439501
1073741824
1068550837
0
1072593674
2147483648
1072062992
2147483648
1071351173
0
1071796065
1073741824
1070780951
1073741824
1068683292
0
1066876648
0
1071920171
1073741824
1072432121
0
1072469533
536870912
1071671862
3758096384
1069914801
0
1068920634
0
1072632352
0
1069244242
0
1071900650
2147483648
1072312414
3221225472
1072326695
1610612736
1070593659
2147483648
1070882734
2147483648
1072463790
3758096384
1069923195
0
1071061458
0
1071631390
2147483648
1072086856
536870912
1068174954
0
1072282735
0
1068527409
0
1071727317
0
1072078438
2684354560
1071412922
0
1072299062
1610612736
1072469288
1610612736
1072536870
2684354560
1068943199
0
1071165732
2147483648
1072591524
2147483648
1072540753
3221225472
1072451850
2147483648
1070573166
2147483648
1070283391
2147483648
1071699314
2684354560
1071850354
3221225472
1070766401
1073741824
1070278654
2147483648
1072633710
3758096384
1072278765
1610612736
1066400248
0
1068406726
0
1071461100
1073741824
1072693247
2684354560
26
