Uvec
2226355706
1070321044
0
1070500208
2147483648
1067596906
0
1070862245
3221225472
1071597984
0
1068052118
0
1072646682
1610612736
1072014740
0
1070776783
1073741824
1070756359
3221225472
1071957300
0
1071326254
3221225472
1063299808
0
1070283430
0
1071238010
0
1072317293
1610612736
1070102801
2147483648
1071267824
3221225472
1072221720
1073741824
1070523353
0
1070834717
0
1072260650
2147483648
1070221863
0
1072574323
1610612736
1072553730
1073741824
1069780149
0
1070305510
0
1072108077
3758096384
1072641699
536870912
1071141283
2147483648
1072013753
2684354560
1072135166
3221225472
1072504122
3758096384
1072687490
2684354560
1069001305
0
1072190948
2684354560
1072297465
1073741824
1072674703
2147483648
1069835780
0
1072656614
536870912
1070541326
0
1071257249
1073741824
1069176884
0
1071880444
536870912
1071591811
0
1072252888
3221225472
1071736060
3221225472
1071398277
1073741824
1071395504
3221225472
1071186516
0
1071633181
3221225472
1069879131
2147483648
1066403020
0
1071731067
536870912
1071737308
3758096384
1071695843
2684354560
1072676233
1073741824
1070070679
0
1071757391
3758096384
1070116111
2147483648
1072213953
3221225472
1071882491
1610612736
1069421585
0
1070448537
0
1070960322
0
1071268094
2147483648
1071832646
3221225472
1069459018
0
1070259118
0
1069705582
2147483648
1072326950
2684354560
1069721592
2147483648
1067536180
0
1070180381
2147483648
1070696756
1073741824
1071221919
1073741824
1070224914
2147483648
1072365289
2684354560
1070739283
1073741824
1072331629
3221225472
1072014245
3758096384
1071847993
3758096384
1067375164
0
1072673001
2684354560
1072465276
2684354560
1071696075
3758096384
1071910693
2684354560
1071937006
2147483648
1070621155
0
1070131198
0
1070475530
0
1072566609
1610612736
1071721911
0
1072094271
1073741824
1072373048
536870912
1072364491
2684354560
1069792513
0
1072025446
1610612736
1071461100
1073741824
1072693247
2684354560
81
