Uvec
2226355706
1070916433
2147483648
1070618584
1073741824
1071081312
1073741824
1071135162
2147483648
1072661239
2684354560
1068905320
0
1071389966
2147483648
1071944086
3221225472
1069582877
2147483648
1072052099
3758096384
1072104032
3221225472
1072343680
1610612736
1067373748
0
1068659825
0
1072518395
0
1071542678
0
1071490213
3221225472
1072688496
1610612736
1070793894
3221225472
1069395808
0
1070084231
0
1070623935
0
1071283321
1073741824
1072003989
0
1072605789
2684354560
1071376303
3221225472
1071697002
1610612736
1068673966
0
1070435762
2147483648
1071301652
2147483648
1069541007
0
1071880984
2684354560
1063821344
0
1070674794
0
1072230501
2147483648
1071515673
3221225472
1069668749
0
1069081048
0
1072382310
1073741824
1072398699
1610612736
1071556734
3221225472
1072027482
3758096384
1070670380
1073741824
1071678199
3221225472
1068482356
0
1070236824
2147483648
1070596687
3221225472
1071472918
3221225472
1071275995
1073741824
1072323692
2147483648
1072060283
536870912
1071900799
3758096384
1070756592
0
1072163196
536870912
1070020452
0
1069561218
0
1071574011
3221225472
1072392366
3221225472
1072336496
3221225472
1072093148
3221225472
1069785639
2147483648
1068747057
0
1071750359
0
1070676222
0
1072400773
0
1072113378
2684354560
1070613739
0
1070436644
0
1071969338
1073741824
1068836904
0
1069346893
0
1072032429
2147483648
1070339198
0
1072404291
536870912
1072025237
1610612736
1071805580
3221225472
1072464298
1610612736
1067593250
0
1071543837
1073741824
1069449042
0
1071516632
2147483648
1071040074
3221225472
1071166237
1073741824
1072160912
3221225472
1071819160
2147483648
1072014342
2147483648
1072324209
1610612736
1071839422
1610612736
1068597979
0
1072227467
3221225472
1072076501
536870912
1072688857
1073741824
1070394994
0
1072193291
1073741824
1072659662
1610612736
1070457133
2147483648
1071814677
2147483648
1072149511
3221225472
1071461100
1073741824
1072693247
2684354560
95
