Uvec
2226355706
1070364311
2147483648
1072208757
2147483648
1072295707
536870912
1072691126
2147483648
1072100360
3758096384
1071788468
1610612736
1072381333
1610612736
1071979719
0
1071706553
1073741824
1072281751
2684354560
1071940711
3758096384
1072140909
2147483648
1070772155
1073741824
1072159350
3221225472
1072405559
536870912
1071661223
2147483648
1071264286
1073741824
1072321174
1610612736
1068974698
0
1072654742
2147483648
1064597792
0
1072084659
3221225472
1071916045
3221225472
1071949685
2147483648
1070662420
0
1071757362
536870912
1071917690
1073741824
1070649475
2147483648
1071616757
2147483648
1071097899
0
1071427141
0
1072151799
1610612736
1071323080
0
1068871631
0
1072369596
3221225472
1072659164
2147483648
1069823184
2147483648
1071264024
1073741824
1070713851
3221225472
1071094684
1073741824
1071962281
536870912
1072540216
0
1071425758
1073741824
1072322193
2147483648
1071943465
2147483648
1072622815
3758096384
1070032857
0
1071930077
1073741824
1072596727
3758096384
1071222912
0
1070209538
2147483648
1072510958
0
1070159861
0
1069855706
0
1072198057
536870912
1072278313
1073741824
1071151651
0
1070596958
1073741824
1069337873
0
1070750620
3221225472
1071879683
3758096384
1071121778
1073741824
1072020024
0
1072339660
3221225472
1072041677
3221225472
1072539202
1610612736
1068631744
0
1071797635
2147483648
1071092418
3221225472
1070371345
0
1071135406
2147483648
1071351615
2147483648
1069891178
0
1072382569
0
1071763476
2147483648
1072206875
1610612736
1069641861
2147483648
1071727301
2147483648
1071677669
1073741824
1072443972
3221225472
1071432698
3221225472
1062710208
0
1068906870
0
1071064903
2147483648
1072660582
0
1071194584
0
1072576763
1610612736
1071407633
2147483648
1072584632
2684354560
1072035121
2147483648
1069894154
0
1070899762
3221225472
1072388810
1073741824
1070157328
2147483648
1071807888
0
1071827490
3221225472
1072647587
2684354560
1072487465
2147483648
1071461100
1073741824
1072693247
2684354560
7
