Uvec
2226355706
1069347448
0
1071393880
1073741824
1072174892
3221225472
1070779118
1073741824
1067679132
0
1061540352
0
1072545958
2147483648
1069327981
0
1071062410
0
1072121579
2147483648
1072263660
3221225472
1072266667
2147483648
1065935600
0
1071384786
2147483648
1070671144
0
1071686920
3221225472
1070197945
0
1070533482
2147483648
1072644943
3221225472
1071834174
536870912
1072170060
3221225472
1071219001
2147483648
1069481688
0
1065747576
0
1072399201
2684354560
1072424326
536870912
1072293577
536870912
1071996914
3758096384
1070374004
0
1072217910
2684354560
1068447120
0
1069112450
0
1070296521
2147483648
1072602581
3221225472
1072101594
2684354560
1072278160
536870912
1070487995
2147483648
1071847566
3758096384
1070737691
1073741824
1071709837
2684354560
1072023954
536870912
1070809388
0
1070063321
2147483648
1070894571
1073741824
1071648636
1073741824
1068843288
0
1072553959
2147483648
1070088362
0
1071214302
2147483648
1072028323
3758096384
1070238642
0
1072196913
536870912
1072531380
536870912
1071805068
1073741824
1070414198
2147483648
1072685376
3221225472
1070335097
0
1072270112
0
1070610133
2147483648
1072571985
3221225472
1071076862
2147483648
1072160544
2147483648
1071610822
3221225472
1064457728
0
1071151909
0
1071300169
3221225472
1072323170
2147483648
1071474785
0
1071790524
2147483648
1071754836
0
1072529972
2147483648
1070083261
0
1072087569
2684354560
1071809156
2147483648
1071184989
3221225472
1072054734
1073741824
1070288358
0
1072305509
0
1071294083
3221225472
1071864723
536870912
1070181332
2147483648
1072456434
2684354560
1070718160
0
1070168887
2147483648
1071854573
1073741824
1072106888
3221225472
1072293919
2147483648
1069266133
0
1072167386
0
1071526438
3221225472
1072161380
536870912
1070642516
0
1072046855
0
1072521509
3758096384
1071608603
1073741824
1070813319
1073741824
1071822865
3758096384
1071940486
2147483648
1071461100
1073741824
1072693247
2684354560
45
