Uvec
2226355706
1069733836
2147483648
1071995376
3758096384
1069194630
0
1069897762
2147483648
1070602246
0
1071737682
1073741824
1071966248
1610612736
1071882969
2684354560
1072545890
1073741824
1071490343
3221225472
1072378888
536870912
1072506476
0
1072403033
1610612736
1072434051
1610612736
1071808218
3758096384
1068737635
0
1071880569
3758096384
1072481888
2684354560
1072196088
2147483648
1071906405
0
1071235503
3221225472
1066576372
0
1070406939
0
1071090509
2147483648
1070326632
0
1071944121
1610612736
1072010382
536870912
1068859813
0
1072253395
1073741824
1071009314
2147483648
1067631318
0
1071212245
0
1071916027
536870912
1071958142
0
1071684993
3758096384
1071597046
0
1070605723
2147483648
1071977841
2147483648
1070506523
2147483648
1070833557
3221225472
1072039832
0
1069955702
2147483648
1071066824
1073741824
1072173036
1610612736
1072282956
3221225472
1071796370
1610612736
1071876136
536870912
1071781768
1073741824
1072620156
0
1070728266
0
1070254022
0
1071834921
2147483648
1071712894
2684354560
1071871887
536870912
1070961003
2147483648
1069186480
0
1068479034
0
1070397536
0
1072408215
3758096384
1067325832
0
1071874923
3758096384
1071038024
3221225472
1072215151
3221225472
1071856395
3758096384
1072331042
0
1072468616
0
1072191971
2684354560
1072061115
2147483648
1066411004
0
1069389332
0
1072327093
0
1071282678
3221225472
1068339650
0
1071747164
2684354560
1072168005
1073741824
1066688252
0
1071867581
2147483648
1071663431
1073741824
1069474932
0
1072289788
1610612736
1072314764
3758096384
1072183437
3221225472
1070985364
1073741824
1072439081
1073741824
1071676992
0
1072310342
2147483648
1071854234
1073741824
1072057489
3221225472
1069666825
0
1072185575
3758096384
1068830476
0
1071401825
3221225472
1069386100
0
1070493868
0
1072203982
2147483648
1070017036
2147483648
1067825780
0
1071566553
2147483648
1071461100
1073741824
1072693247
2684354560
32
