Uvec
2226355706
1071466794
2147483648
1072637483
3758096384
1071633665
3221225472
1071496894
3221225472
1071869971
2147483648
1072623251
1610612736
1070822799
0
1070982653
0
1071790188
0
1072431140
3758096384
1072669038
0
1071659102
2684354560
1066030936
0
1069697486
0
1071947583
2684354560
1071699293
536870912
1067796860
0
1072658325
1073741824
1071700926
1073741824
1067193088
0
1071802948
3758096384
1072646500
1073741824
1070921723
3221225472
1069797876
2147483648
1071923272
2684354560
1070699361
2147483648
1071997100
536870912
1071981081
3221225472
1070987512
2147483648
1072192987
1073741824
1070864834
2147483648
1071047465
1073741824
1071813821
536870912
1072138102
1610612736
1072571350
1073741824
1070346267
0
1070045680
2147483648
1071514605
2147483648
1072563198
3221225472
1070484274
2147483648
1070509500
2147483648
1072590152
0
1071491189
1073741824
1071898259
1073741824
1069160493
0
1072005889
0
1071457959
3221225472
1070651464
1073741824
1072064080
3758096384
1071977812
2684354560
1070625353
1073741824
1072584888
2684354560
1072290197
1073741824
1071467416
3221225472
1071095734
3221225472
1069845167
0
1071819097
2147483648
1071308642
1073741824
1070668415
0
1071718330
0
1071943778
0
1071857895
1073741824
1071671820
3758096384
1070282037
0
1070641858
3221225472
1068177872
0
1072563257
1610612736
1070699875
0
1070940937
2147483648
1072107092
536870912
1072612893
1610612736
1070080658
0
1069838744
2147483648
1072690842
3758096384
1072312415
1610612736
1071929609
1610612736
1071637204
2147483648
1070120191
0
1072283886
536870912
1069640245
2147483648
1072259935
1073741824
1072074716
1610612736
1069882665
2147483648
1072552388
536870912
1068972759
0
1072635678
3221225472
1071717057
1610612736
1069989775
2147483648
1071794318
3758096384
1069810160
0
1071161418
1073741824
1072452511
3758096384
1071543675
2147483648
1072076626
3758096384
1070774224
2147483648
1072429236
0
1072459868
3758096384
1072564901
1610612736
1071461100
1073741824
1072693247
2684354560
32
