Uvec
2226355706
1071103933
2147483648
1072099793
2147483648
1072257056
2147483648
1072100861
3758096384
1070635893
1073741824
1072106162
1073741824
1070347110
0
1070474558
0
1072050525
2684354560
1070661999
3221225472
1071298287
2147483648
1071812527
1073741824
1072400175
536870912
1071855737
0
1071758608
1610612736
1071331383
3221225472
1071484699
0
1072579617
3758096384
1072236636
536870912
1072691190
2147483648
1072461763
536870912
1069432756
0
1071755533
3758096384
1071978106
2684354560
1071737977
1610612736
1069762195
2147483648
1072106866
0
1071033110
2147483648
1071529312
3221225472
1070612799
0
1072406924
2147483648
1071996483
0
1069967582
2147483648
1072460785
3221225472
1070981578
1073741824
1071695375
1610612736
1068965441
0
1071718284
0
1070529169
2147483648
1070309141
2147483648
1072599004
3221225472
1071648229
3758096384
1071275869
2147483648
1072070366
2147483648
1070721662
0
1071147411
1073741824
1072028594
3221225472
1070201295
0
1071357635
1073741824
1072368481
3221225472
1070559464
0
1072612048
1073741824
1068884206
0
1070501650
0
1070435190
0
1072445881
2147483648
1072671132
2684354560
1072127422
1610612736
1071966230
2147483648
1072094753
1073741824
1072393408
2147483648
1072044797
3221225472
1071711596
2147483648
1071153917
1073741824
1071539070
3221225472
1071847600
3221225472
1069512786
0
1071879418
1610612736
1068010554
0
1071716744
1610612736
1072127792
536870912
1072333389
3758096384
1072561032
3758096384
1070621402
2147483648
1067323404
0
1071125115
3221225472
1071083729
0
1071258983
0
1072659033
3758096384
1068571863
0
1070942474
0
1072666369
3758096384
1069155341
0
1071860520
3758096384
1072073052
2684354560
1071844427
2147483648
1071541895
3221225472
1070879894
1073741824
1072503193
1610612736
1071953725
0
1067090760
0
1070595506
0
1070490716
0
1072565350
1073741824
1071169423
3221225472
1071720366
1610612736
1070797356
0
1071932954
1073741824
1071461100
1073741824
1072693247
2684354560
5
