Uvec
2226355706
1072327998
2684354560
1067746482
0
1071552008
3221225472
1070092555
0
1071791185
3221225472
1072596732
536870912
1072531493
2147483648
1071145251
1073741824
1067602460
0
1071032990
2147483648
1071280524
0
1071539073
0
1072252581
536870912
1072283368
2147483648
1072163316
536870912
1072596099
1610612736
1071786865
2684354560
1071507612
0
1071919817
0
1068395374
0
1068804143
0
1071843388
1073741824
1071771502
3221225472
1071770855
2147483648
1072246262
1610612736
1071917651
2147483648
1072457227
3758096384
1069096097
0
1067493750
0
1069090271
0
1072247834
3758096384
1072494337
0
1072499084
0
1068610976
0
1069609362
0
1072205057
2684354560
1071439216
1073741824
1071445703
3221225472
1069959799
2147483648
1071318137
2147483648
1070626620
0
1072046521
2147483648
1071099902
0
1072485454
2147483648
1069498253
0
1067658816
0
1071284865
3221225472
1072477324
1610612736
1070248199
2147483648
1072115501
3221225472
1070437942
0
1072378472
1610612736
1070229550
0
1072607368
0
1071968530
2147483648
1072125916
2684354560
1072399302
1610612736
1070204181
2147483648
1072691117
1610612736
1071951124
2147483648
1071874068
3758096384
1071541913
3221225472
1070058791
0
1071848783
2147483648
1068633167
0
1071682329
1073741824
1071541867
2147483648
1072205455
3758096384
1072624650
3758096384
1072549047
0
1070840257
0
1072518476
1073741824
1072690632
0
1071428731
0
1071873268
1610612736
1071666601
0
1072416315
2684354560
1071851000
1073741824
1071966253
3758096384
1070098024
2147483648
1072213077
1610612736
1071123868
3221225472
1072480739
0
1072532448
2684354560
1070934998
3221225472
1070108410
2147483648
1069233940
0
1072375439
1073741824
1071993668
1610612736
1070681201
2147483648
1072462100
3758096384
1071953902
1073741824
1070664839
0
1070670449
3221225472
1072371019
1073741824
1072399971
536870912
1070899165
0
1070784560
0
1071461100
1073741824
1072693247
2684354560
48
