Uvec
2226355706
1066661884
0
1072135123
2147483648
1071153490
0
1070835813
0
1071453169
1073741824
1070131623
0
1071752108
1610612736
1067810916
0
1072024103
2147483648
1070876645
1073741824
1070678176
0
1072152378
1610612736
1070799680
1073741824
1071996568
0
1069321896
0
1071517224
3221225472
1071804852
1073741824
1069101836
0
1071927353
1610612736
1071568083
2147483648
1072203668
536870912
1070913127
1073741824
1072239595
2147483648
1071754182
0
1071666298
2147483648
1072124553
2147483648
1071658884
1073741824
1071716010
1073741824
1071955039
2147483648
1070433975
2147483648
1072047941
3221225472
1072192869
2147483648
1071704795
536870912
1071245493
0
1072470247
0
1071339873
0
1072659943
536870912
1072578146
0
1072275844
2684354560
1071958013
1610612736
1072684503
2147483648
1070270103
0
1070697705
0
1071288611
2147483648
1066029408
0
1066942240
0
1070390740
0
1071539251
0
1072116899
1610612736
1071307730
3221225472
1070232158
0
1072441872
3758096384
1071952468
2684354560
1072161305
3221225472
1071060337
1073741824
1071777643
536870912
1072156445
0
1071835870
2684354560
1072525322
0
1070789097
1073741824
1069379959
0
1070469742
2147483648
1070817880
0
1070710731
2147483648
1072339491
0
1069027122
0
1070654490
0
1072478333
2684354560
1072015357
3758096384
1070963923
0
1070108466
0
1072223464
0
1071903883
1610612736
1071871257
536870912
1067582758
0
1072050807
2147483648
1072171574
1610612736
1067893376
0
1071192952
3221225472
1071266581
2147483648
1071599013
2147483648
1068681042
0
1067795492
0
1072167891
2147483648
1071374743
1073741824
1071827247
2684354560
1071602913
0
1067880060
0
1072442188
0
1067798502
0
1072526697
1073741824
1072277181
2147483648
1071886599
3221225472
1070965991
3221225472
1071183754
2147483648
1070917909
1073741824
1071608338
1073741824
1072251049
1073741824
1071461100
1073741824
1072693247
2684354560
72
