Uvec
2226355706
1070692457
0
1070995290
0
1071963355
1073741824
1072157087
0
1071351028
3221225472
1065907000
0
1071070379
2147483648
1072214303
1610612736
1072375836
2147483648
1070797916
3221225472
1066772124
0
1072471820
2684354560
1071756438
0
1071103668
0
1070817725
2147483648
1071334308
0
1071129672
0
1070993396
0
1072257950
0
1069084147
0
1072231663
0
1072492906
1073741824
1070861272
0
1069318466
0
1069425721
0
1072041302
0
1068620608
0
1070139122
0
1071888183
0
1070806747
2147483648
1071023494
2147483648
1071020816
1073741824
1072393790
2684354560
1070850538
3221225472
1071052131
1073741824
1071096079
3221225472
1071200924
3221225472
1072574034
2684354560
1071969177
2684354560
1070184903
2147483648
1068202262
0
1071804922
536870912
1071861693
2147483648
1071684030
3758096384
1072438340
1073741824
1071673747
3221225472
1071761055
536870912
1071708821
2684354560
1072326975
3221225472
1069992524
0
1071122031
3221225472
1070459299
0
1069768508
0
1069136768
0
1072611642
2147483648
1072042331
0
1072673083
2684354560
1072231704
1073741824
1072462603
1610612736
1071868405
3758096384
1070894082
2147483648
1070813089
0
1071621629
2147483648
1070163457
2147483648
1072677466
536870912
1071700771
3221225472
1069294281
0
1072543881
1610612736
1070932471
1073741824
1071855190
3221225472
1072394332
2147483648
1070378826
2147483648
1070618814
2147483648
1069430758
0
1072513823
1610612736
1071322032
2147483648
1072496868
3758096384
1071654059
2147483648
1071274715
1073741824
1071830830
2684354560
1070682038
2147483648
1072287205
1610612736
1065122896
0
1072608265
1073741824
1071261395
3221225472
1071729681
1073741824
1072645375
3758096384
1071982880
3758096384
1072521915
3221225472
1072618904
1610612736
1069234484
0
1071822616
1610612736
1071889469
1073741824
1071791455
0
1069988545
2147483648
1069626806
0
1072340286
536870912
1071654761
0
1071461100
1073741824
1072693247
2684354560
41
