Uvec
2226355706
1071836025
2147483648
1071788549
1073741824
1072081228
1610612736
1070865779
1073741824
1070265542
0
1068552501
0
1072032543
536870912
1071804851
2684354560
1069820509
0
1071043361
3221225472
1070326733
2147483648
1072639729
1073741824
1069240301
0
1071398055
0
1071552447
1073741824
1071761415
2684354560
1071689589
3221225472
1070567059
2147483648
1071694243
2147483648
1070852496
3221225472
1071692664
2147483648
1071531288
3221225472
1070823399
1073741824
1069903104
0
1069120742
0
1071480827
3221225472
1069847885
0
1071256011
2147483648
1071606068
3221225472
1067580078
0
1068715712
0
1072016803
1610612736
1071227220
2147483648
1069107509
0
1069936601
0
1064453536
0
1071755977
3758096384
1072397388
2147483648
1071869077
1610612736
1071854830
3221225472
1071856640
1073741824
1072648371
536870912
1069579856
2147483648
1071272837
3221225472
1072127838
3758096384
1071850635
2684354560
1070729018
0
1070205914
0
1068544745
0
1071205825
0
1070955847
2147483648
1068966018
0
1071873527
2147483648
1070760694
3221225472
1072198621
3758096384
1068911549
0
1071344371
0
1071634661
0
1072469191
1610612736
1071002285
3221225472
1071730622
2147483648
1072218728
0
1072087927
3221225472
1070954157
3221225472
1068714804
0
1072621660
1073741824
1072459137
2684354560
1072287340
1073741824
1072469158
3221225472
1072196538
536870912
1071483315
1073741824
1072275831
536870912
1071824397
1610612736
1071737110
3221225472
1072547266
0
1072417652
536870912
1070350456
0
1065545840
0
1072477389
2684354560
1070028397
0
1072008411
1610612736
1071584207
1073741824
1072068945
1073741824
1064411984
0
1072544704
1073741824
1071206583
2147483648
1067574864
0
1069193851
0
1069360591
0
1071570119
2147483648
1071873993
3221225472
1069590095
0
1070083801
0
1069689761
0
1070562377
2147483648
1071539186
3221225472
1071260332
3221225472
1070061454
0
1071461100
1073741824
1072693247
2684354560
5
