Uvec
2226355706
1071967215
2684354560
1072394239
0
1071206277
0
1072068023
0
1072375915
1610612736
1065114416
0
1070779403
2147483648
1072553115
536870912
1071935696
2147483648
1069717193
2147483648
1070982633
1073741824
1071968053
2147483648
1068392410
0
1071337828
1073741824
1068767928
0
1072614508
1610612736
1072409797
1610612736
1071457153
2147483648
1068536706
0
1071829573
1610612736
1070855276
1073741824
1070887881
2147483648
1070655179
2147483648
1069499965
0
1071480171
1073741824
1065669288
0
1070215992
0
1071109721
2147483648
1071140689
1073741824
1067869822
0
1072434595
3758096384
1072062277
2147483648
1071689341
2147483648
1072657719
2147483648
1072627548
1610612736
1071517305
3221225472
1071389942
1073741824
1071174640
1073741824
1070438717
0
1072444011
0
1071531944
1073741824
1072202229
3221225472
1069582862
0
1072539139
2684354560
1071759206
2147483648
1071892234
0
1069965855
2147483648
1071720471
3221225472
1071978597
2684354560
1072463516
2684354560
1072534253
1073741824
1070986958
1073741824
1070364186
0
1071920770
0
1071088935
0
1065860248
0
1072666461
1610612736
1071235451
1073741824
1072340981
0
1069870942
0
1072246892
0
1072044590
3221225472
1070826163
2147483648
1072563172
0
1071871103
3758096384
1067911514
0
1072112016
2684354560
1072339653
3221225472
1069193303
0
1072599648
2684354560
1069836965
2147483648
1071038558
1073741824
1072681710
2147483648
1072136558
0
1070980404
3221225472
1071236084
2147483648
1071985597
0
1070959048
1073741824
1067511608
0
1071910909
3221225472
1070571779
0
1070686348
0
1071359467
0
1071834836
3221225472
1070223799
0
1071999376
2684354560
1071139981
1073741824
1072585861
3221225472
1070961814
0
1072413147
3758096384
1071898471
2684354560
1072507100
1610612736
1070008555
2147483648
1072206804
1610612736
1072414982
0
1071747597
1073741824
1069851039
0
1072433531
2684354560
1071461100
1073741824
1072693247
2684354560
95
