Uvec
2226355706
1071510151
2147483648
1068527804
0
1072301707
536870912
1072683019
2684354560
1072299329
2147483648
1071592550
3221225472
1071980829
1073741824
1071830546
1073741824
1071005038
0
1072566975
3758096384
1071916538
2147483648
1072401943
1073741824
1072311618
3221225472
1068660472
0
1072174343
2684354560
1072428983
2684354560
1071674972
2684354560
1069601262
2147483648
1072630508
2684354560
1071672730
1073741824
1072649854
536870912
1071351701
3221225472
1071687793
3221225472
1071781561
536870912
1069010503
0
1070425589
2147483648
1071531609
2147483648
1071834767
0
1070813328
0
1072169938
2684354560
1072448314
1610612736
1069930830
0
1070082796
2147483648
1068912959
0
1071984465
2147483648
1071974033
1610612736
1070235079
2147483648
1071991845
1073741824
1072264886
2684354560
1071953252
1073741824
1072645778
1610612736
1070101925
2147483648
1072119177
3758096384
1070889243
0
1071547171
0
1072251248
3221225472
1071620963
3221225472
1072297314
1073741824
1071566565
3221225472
1070283321
2147483648
1071221044
2147483648
1068858271
0
1072502810
0
1071064611
3221225472
1072302624
1073741824
1069645375
2147483648
1070820568
0
1072464728
1073741824
1071662953
536870912
1071998821
1073741824
1068830689
0
1071817765
1073741824
1071775392
0
1072395220
2684354560
1072003478
0
1072366295
3221225472
1072065540
1073741824
1071637766
2147483648
1071734608
536870912
1072659887
3221225472
1071909690
536870912
1071857214
1073741824
1072653922
3221225472
1072203801
3221225472
1070619517
2147483648
1069784940
2147483648
1072335572
2684354560
1072436114
2147483648
1069259979
0
1068328966
0
1071167588
0
1071956842
1610612736
1069500127
0
1070495902
0
1071710839
536870912
1066730088
0
1071711580
2684354560
1071382030
2147483648
1072051611
3758096384
1072129052
536870912
1070725681
3221225472
1071588105
2147483648
1072015466
0
1072265075
0
1072289817
2684354560
1070915371
1073741824
1071895069
1073741824
1071534278
0
1071461100
1073741824
1072693247
2684354560
89
