Uvec
2226355706
1070693616
1073741824
1071878760
1073741824
1071953355
3758096384
1071808610
1610612736
1070880341
1073741824
1072450122
536870912
1070200186
0
1072017266
1073741824
1069786601
0
1072037783
1073741824
1072413394
1610612736
1071765768
1610612736
1072438268
2147483648
1070939261
0
1072409317
3758096384
1071624051
0
1065040128
0
1072674453
0
1070599405
3221225472
1070905085
2147483648
1070715931
2147483648
1069205703
0
1072414352
2147483648
1069555139
2147483648
1071022591
0
1069857729
0
1068255450
0
1072507458
1073741824
1071890951
2147483648
1069377754
0
1069702015
0
1072223878
3758096384
1070958718
1073741824
1071014284
3221225472
1071142930
3221225472
1071929107
0
1070696769
0
1071096799
1073741824
1071667470
1073741824
1072304196
2684354560
1065472768
0
1070698097
3221225472
1071242313
0
1069886485
0
1070691400
1073741824
1072058292
3221225472
1071727502
2147483648
1071307581
3221225472
1072141206
3758096384
1072345116
3758096384
1072547212
3221225472
1071050670
3221225472
1070621402
1073741824
1070193673
2147483648
1071064987
0
1072016437
536870912
1071405347
2147483648
1069958397
0
1071008011
0
1072409728
2147483648
1072229889
1610612736
1070157786
0
1064702080
0
1072657157
1073741824
1072312959
536870912
1069118071
0
1069626554
0
1070492243
2147483648
1072075148
0
1070774914
0
1071379359
3221225472
1068952354
0
1071424277
3221225472
1071344457
2147483648
1070325131
2147483648
1067426172
0
1071206956
0
1069721762
0
1072592990
0
1071307127
2147483648
1072615458
2147483648
1072481721
3221225472
1070124265
2147483648
1069116464
0
1072072063
3221225472
1072659564
3758096384
1071889452
2147483648
1069543601
0
1067919898
0
1072445920
1073741824
1070772097
2147483648
1072106792
3758096384
1069926932
0
1071829086
1073741824
1071496568
2147483648
1070610184
3221225472
1071534068
1073741824
1070836176
1073741824
1071461100
1073741824
1072693247
2684354560
73
