Uvec
2226355706
1070895091
2147483648
1071469562
3221225472
1071791396
3758096384
1071264780
2147483648
1072501948
3758096384
1068331634
0
1070220549
0
1071110051
2147483648
1072583619
2684354560
1072033094
1073741824
1071383287
2147483648
1069611489
0
1071470647
1073741824
1069507961
0
1072593898
3758096384
1072103893
1073741824
1072288439
2684354560
1069410755
0
1072443801
2147483648
1072304755
1073741824
1071657370
3758096384
1071244174
2147483648
1072408852
3758096384
1071674545
2147483648
1071390540
0
1071960134
3221225472
1071178531
2147483648
1072005791
2684354560
1069242230
0
1071581298
2147483648
1070582136
2147483648
1070444814
2147483648
1072498652
1073741824
1071855158
1610612736
1071330055
0
1071161722
3221225472
1071893136
2684354560
1069734758
2147483648
1072326503
2684354560
1070138973
2147483648
1071889570
3758096384
1070637736
1073741824
1071330984
1073741824
1071861603
1073741824
1071769085
536870912
1067211220
0
1071611540
2147483648
1069797477
0
1071199669
0
1071992747
1610612736
1068037016
0
1072530327
536870912
1071023478
3221225472
1067568594
0
1072625177
3221225472
1070841877
2147483648
1071400182
2147483648
1071906405
536870912
1072345979
3758096384
1070663163
2147483648
1071132911
1073741824
1071266272
0
1070905389
1073741824
1072034716
3221225472
1071649829
2684354560
1071857628
3758096384
1072111324
3221225472
1071662751
536870912
1072389695
3758096384
1068696036
0
1067472012
0
1072079699
2147483648
1069986427
0
1072572505
3221225472
1068641635
0
1070970542
0
1069974215
2147483648
1072059714
2684354560
1071016943
1073741824
1072628646
3758096384
1070372966
2147483648
1071017707
0
1071319733
3221225472
1066227120
0
1071545267
0
1070174268
2147483648
1072464767
536870912
1070846451
2147483648
1071644082
1073741824
1065855880
0
1072375332
2147483648
1071827294
3221225472
1071614049
2147483648
1072320082
3221225472
1072636165
536870912
1071496335
3221225472
1070998196
1073741824
1072194502
2684354560
1071461100
1073741824
1072693247
2684354560
55
