Uvec
2226355706
1070157270
0
1071452052
0
1069706237
2147483648
1072192864
1610612736
1069237886
0
1072416431
1073741824
1071595672
0
1072091847
0
1070600108
0
1069390923
0
1072208441
2147483648
1070042226
0
1070682496
3221225472
1071401122
0
1071907361
3758096384
1071423032
1073741824
1071067377
1073741824
1072537644
2147483648
1068802738
0
1071992812
3758096384
1072369012
1610612736
1068461998
0
1070629729
2147483648
1070879315
3221225472
1072677056
2684354560
1071952155
1073741824
1072229205
2147483648
1070250375
2147483648
1072339308
0
1068794454
0
1072598592
2147483648
1072510527
1073741824
1070753004
3221225472
1072264858
1610612736
1070556924
0
1071683093
1073741824
1072352378
3221225472
1071984208
3758096384
1072391325
2147483648
1071939645
2147483648
1068358000
0
1071709164
3758096384
1071566922
3221225472
1070962546
3221225472
1071277260
1073741824
1072520041
2147483648
1071834513
2684354560
1071899033
1610612736
1068313032
0
1072374192
0
1071828384
2684354560
1071733034
3221225472
1070820055
1073741824
1067864478
0
1072663821
2147483648
1070027795
2147483648
1072266665
536870912
1071903743
2684354560
1072689648
1073741824
1072014182
3758096384
1069171075
0
1072466302
3758096384
1071350288
3221225472
1070921385
2147483648
1067865606
0
1071727680
1610612736
1068429432
0
1072016562
1610612736
1070253565
2147483648
1065216560
0
1070049278
0
1071458775
2147483648
1072407166
2147483648
1071955522
3758096384
1070491560
2147483648
1072507421
536870912
1072642174
3758096384
1071168051
0
1071096458
3221225472
1070852509
2147483648
1072141960
2147483648
1071617330
3221225472
1072326361
2147483648
1072282260
2147483648
1070886068
0
1071787510
536870912
1067999090
0
1072212670
1073741824
1068104522
0
1072235735
1610612736
1072092363
2147483648
1072420119
3758096384
1071690787
3221225472
1072567115
2147483648
1068131794
0
1072048499
536870912
1071832097
3221225472
1071653054
0
1071461100
1073741824
1072693247
2684354560
58
