Uvec
2226355706
1070050894
0
1072230231
536870912
1071004320
3221225472
1069364277
0
1071682840
3758096384
1067000784
0
1072412422
3221225472
1071862208
0
1072689560
1073741824
1072019150
1073741824
1072460494
3758096384
1070891928
3221225472
1071905121
2684354560
1072022270
3221225472
1072593749
1610612736
1071616427
1073741824
1071557080
1073741824
1067958222
0
1070918614
3221225472
1072243699
2147483648
1072667564
1073741824
1068474954
0
1068569279
0
1071266956
3221225472
1072247721
0
1072510070
2147483648
1069188104
0
1070219391
0
1071633589
0
1072651987
1073741824
1070845162
1073741824
1071851429
2147483648
1071316678
2147483648
1070769253
2147483648
1070459257
0
1068587599
0
1071624601
0
1071890278
3758096384
1068418460
0
1071701943
2684354560
1072197261
0
1069330821
0
1071032362
2147483648
1072392630
3221225472
1070958669
0
1065400592
0
1071341869
2147483648
1068907067
0
1071472477
1073741824
1070092858
0
1070340741
2147483648
1070360795
0
1072006844
1610612736
1072547050
0
1072567441
3221225472
1071926280
536870912
1071850917
1610612736
1070053017
0
1072046182
2684354560
1068636123
0
1071823391
2147483648
1070668078
2147483648
1068757186
0
1071906932
536870912
1070888801
3221225472
1071978747
3758096384
1072507855
536870912
1070786255
1073741824
1072585446
2684354560
1072375464
2147483648
1071352083
1073741824
1072143540
2684354560
1069991212
0
1072529224
3758096384
1068126014
0
1069131201
0
1072463310
2147483648
1070803509
2147483648
1072492751
1073741824
1071334806
2147483648
1069960252
0
1071817094
3758096384
1071238322
2147483648
1071084745
2147483648
1071937038
1073741824
1072156657
536870912
1072245548
3758096384
1071965482
1610612736
1066883648
0
1070851150
1073741824
1071884304
1610612736
1071031763
3221225472
1072442793
3758096384
1072557411
1610612736
1067525948
0
1072621347
536870912
1072351244
536870912
1070898021
3221225472
1071461100
1073741824
1072693247
2684354560
48
