Uvec
2226355706
1071662122
3758096384
1071861004
0
1072169638
2684354560
1069175613
0
1072458279
0
1070120834
0
1070400751
2147483648
1067750498
0
1072388687
1610612736
1070382856
0
1072274296
2147483648
1070149031
0
1068687387
0
1071441626
0
1071014253
3221225472
1069877014
0
1069636059
0
1071256548
3221225472
1071970142
1610612736
1071669298
2147483648
1069930595
0
1071322711
0
1072646539
536870912
1071733057
536870912
1072335674
1073741824
1070055701
0
1069884611
2147483648
1070612010
1073741824
1069819609
0
1071762930
536870912
1072083022
1073741824
1072213794
2684354560
1071037441
2147483648
1071160532
1073741824
1071383277
1073741824
1072348473
3221225472
1068773235
0
1071619029
3221225472
1071293493
1073741824
1072200197
0
1071217687
1073741824
1071620395
2147483648
1072072012
1073741824
1072375196
2147483648
1069597344
2147483648
1072454325
2147483648
1072512006
2684354560
1071514890
2147483648
1072462887
1610612736
1071987121
3758096384
1062905024
0
1070658681
0
1071564470
2147483648
1070921935
0
1070796350
3221225472
1068032836
0
1071899609
2684354560
1071151556
2147483648
1067496488
0
1068467304
0
1071728504
1073741824
1071944675
1073741824
1072661979
3758096384
1072410072
3221225472
1071353357
0
1072038937
3758096384
1068585812
0
1071633267
1073741824
1072234184
1073741824
1072498865
536870912
1065959176
0
1068885508
0
1069317347
0
1071452983
0
1071256815
2147483648
1068387104
0
1071525236
1073741824
1072337950
0
1071327282
3221225472
1065281872
0
1072320598
1073741824
1068555142
0
1071982122
2147483648
1070959886
0
1071657634
1073741824
1070664098
1073741824
1072528513
2147483648
1072546927
536870912
1072288797
1073741824
1071866725
536870912
1072133260
1073741824
1071608703
1073741824
1072302038
2684354560
1071806187
0
1071813075
1073741824
1068167078
0
1071065634
2147483648
1071573063
1073741824
1071461100
1073741824
1072693247
2684354560
40
