Uvec
2226355706
1072404289
1610612736
1065849288
0
1072542325
0
1069577195
2147483648
1072427607
536870912
1071535931
3221225472
1070677141
2147483648
1071924842
0
1070621770
2147483648
1072669422
3221225472
1071801326
536870912
1071255487
1073741824
1072581414
0
1072596219
3758096384
1070104072
0
1070849850
1073741824
1072683481
3758096384
1071796886
2147483648
1070287240
0
1072349448
2684354560
1072480739
2684354560
1071931190
3221225472
1069502185
0
1072352044
1073741824
1071817058
2684354560
1071342053
3221225472
1070884521
3221225472
1072442759
1610612736
1070806913
0
1069774781
2147483648
1070479544
0
1072404871
1073741824
1071072194
1073741824
1072305723
2147483648
1072351107
1073741824
1069338915
0
1070417585
2147483648
1070696775
3221225472
1067453372
0
1072527278
1610612736
1071705150
1610612736
1072304963
3758096384
1071637203
3221225472
1070971008
0
1069572195
2147483648
1072160845
3758096384
1067304756
0
1067519622
0
1072547895
2684354560
1071796289
2147483648
1071278142
0
1071996870
2684354560
1071977980
3758096384
1072137469
536870912
1070652783
1073741824
1072169501
0
1072337531
0
1070205788
2147483648
1072038002
3221225472
1071766748
3758096384
1070613847
0
1071577428
0
1068611902
0
1071797002
536870912
1072663553
536870912
1071748719
2684354560
1071794469
1610612736
1071607352
2147483648
1068918088
0
1072057797
2684354560
1071838436
1610612736
1071238389
1073741824
1072323842
1073741824
1072160153
1610612736
1070537547
0
1072527966
1610612736
1072393911
536870912
1072204096
1610612736
1068603593
0
1071026783
2147483648
1071123791
3221225472
1070838686
0
1071571087
3221225472
1071299149
1073741824
1072508602
2147483648
1067120104
0
1071418915
1073741824
1071844633
0
1072658101
3221225472
1070122052
0
1072320572
2684354560
1071275271
2147483648
1072617583
536870912
1071928425
2684354560
1069110531
0
1072267313
2684354560
1071018748
2147483648
1072057348
1610612736
1071461100
1073741824
1072693247
2684354560
5
