Uvec
2226355706
1067868864
0
1071829500
536870912
1072487817
1073741824
1071964074
0
1070662743
1073741824
1070935127
0
1066822116
0
1071043915
3221225472
1071886883
2147483648
1071899741
2684354560
1070924062
1073741824
1072227272
2147483648
1067896142
0
1072312748
1610612736
1072608529
0
1072452535
1073741824
1071276026
1073741824
1070609304
1073741824
1072336311
3758096384
1069938731
2147483648
1072244273
536870912
1071661882
0
1071427454
1073741824
1072228186
3221225472
1071768076
3758096384
1068626543
0
1072565169
2147483648
1072385296
3758096384
1072055457
536870912
1071299166
0
1072154634
3221225472
1069934313
2147483648
1070545400
2147483648
1071971678
536870912
1070786652
2147483648
1069971043
0
1072230047
0
1070468389
2147483648
1071249677
1073741824
1072393571
536870912
1072084210
536870912
1070991583
0
1072283814
0
1071033209
1073741824
1070832803
2147483648
1072621421
2147483648
1071186707
3221225472
1071883422
3758096384
1071918943
3221225472
1071143738
2147483648
1072466429
1073741824
1069573623
2147483648
1072022929
536870912
1070502269
0
1072605545
1073741824
1072173775
0
1070165431
0
1072671557
536870912
1070796941
2147483648
1071110941
3221225472
1072495912
3221225472
1070619326
1073741824
1071042908
1073741824
1072635046
3758096384
1072468750
1073741824
1071708306
536870912
1069336230
0
1072321356
3221225472
1070013829
0
1069918529
2147483648
1071534123
1073741824
1066823308
0
1072025265
3758096384
1072208239
1610612736
1068666906
0
1071803384
0
1070390390
0
1072302132
3758096384
1071441835
1073741824
1069851194
0
1072037594
3758096384
1072250624
2147483648
1071488367
1073741824
1072050828
3221225472
1071806754
536870912
1072436584
1073741824
1072233586
1610612736
1072691852
1610612736
1071666185
0
1072003379
536870912
1072486587
2147483648
1072017879
1610612736
1071721521
3221225472
1071302139
3221225472
1072585760
3221225472
1068566113
0
1072502528
2147483648
1072324445
3221225472
1071461100
1073741824
1072693247
2684354560
70
