Uvec
2226355706
1072081985
2684354560
1068048180
0
1070262392
0
1072387456
3758096384
1071714792
2684354560
1071488165
1073741824
1070187503
0
1072168264
1073741824
1071864248
2684354560
1071869112
0
1070928023
0
1072315757
0
1071655136
0
1071565072
1073741824
1072482301
0
1070578311
2147483648
1068020236
0
1069900775
2147483648
1070156415
2147483648
1071509698
0
1071133727
2147483648
1069994160
2147483648
1070285090
2147483648
1069753768
2147483648
1071702604
1610612736
1072640356
536870912
1072045249
2147483648
1069499852
0
1071943493
0
1069372404
0
1067999092
0
1072100618
2684354560
1071472531
2147483648
1072244836
536870912
1066438276
0
1072288535
536870912
1071866716
536870912
1072166145
2147483648
1071776493
2684354560
1072263187
536870912
1068543006
0
1072216568
0
1072381329
0
1071973468
2147483648
1071443298
2147483648
1069590071
2147483648
1072267724
1610612736
1072340219
2147483648
1072162958
0
1065520056
0
1072220065
2147483648
1072149056
3758096384
1072011472
536870912
1071009051
0
1071737387
3221225472
1071861674
536870912
1072437652
3221225472
1070556500
2147483648
1072297487
2147483648
1072057760
3221225472
1070320011
2147483648
1070616187
0
1071515818
1073741824
1071880748
3758096384
1071994542
1610612736
1071385125
1073741824
1071861292
2684354560
1071953734
1610612736
1070831849
2147483648
1071863319
1610612736
1071893319
1610612736
1071869328
536870912
1071961381
2684354560
1072006052
2147483648
1070948796
3221225472
1068480020
0
1071862932
3758096384
1072013231
3221225472
1071275555
2147483648
1072307448
0
1070878855
3221225472
1072666431
3221225472
1067941116
0
1068414468
0
1070888019
2147483648
1072482205
1610612736
1070735398
3221225472
1071944134
0
1069603498
2147483648
1072243142
0
1069634987
0
1070570562
2147483648
1072161343
1610612736
1071582229
2147483648
1071950469
0
1072524783
2684354560
1072450129
2147483648
1072145104
1073741824
1071461100
1073741824
1072693247
2684354560
75
