Uvec
2226355706
1069050991
0
1070699769
1073741824
1071743600
3758096384
1070949533
0
1072012011
1073741824
1070543440
2147483648
1069678912
2147483648
1072054280
1073741824
1072412368
1073741824
1072543846
1610612736
1071743500
3758096384
1070845162
0
1069506350
0
1071867123
0
1067497088
0
1070729413
3221225472
1071385747
0
1072112820
1073741824
1071511300
3221225472
1072542995
1610612736
1072454066
2684354560
1071045529
0
1071665866
0
1070237755
0
1070414355
2147483648
1072541859
2684354560
1072543777
1073741824
1070731276
2147483648
1072281860
3758096384
1071741454
0
1070805923
0
1068521150
0
1070722422
3221225472
1064541264
0
1069720526
2147483648
1071075209
2147483648
1070801944
1073741824
1069952417
2147483648
1071161600
3221225472
1072494997
2684354560
1071070799
1073741824
1072300711
3758096384
1072657243
2684354560
1072629595
1073741824
1072419263
2147483648
1071802642
2684354560
1069604660
0
1072290946
536870912
1071258327
3221225472
1071796708
2684354560
1071827903
2147483648
1071260813
2147483648
1067761012
0
1068766868
0
1071580402
2147483648
1072100254
2684354560
1069552408
0
1071647465
3221225472
1071951350
0
1070871994
3221225472
1072311519
3221225472
1072516435
0
1070621614
0
1071857314
536870912
1071122290
3221225472
1071723059
2684354560
1070597662
2147483648
1070823369
0
1068786951
0
1072089479
0
1071317091
2147483648
1072019097
3221225472
1070132851
0
1070864258
1073741824
1072541971
3221225472
1070502147
0
1070825656
2147483648
1071797305
1610612736
1072187853
536870912
1070640660
0
1065286480
0
1068894087
0
1072208521
0
1069772719
0
1065686768
0
1068210682
0
1071922705
3221225472
1071273052
0
1072270982
2147483648
1072019715
2684354560
1070935376
1073741824
1070613924
2147483648
1071765165
1610612736
1069634248
2147483648
1070138973
2147483648
1070767049
0
1072611781
536870912
1070580655
0
1071461100
1073741824
1072693247
2684354560
10
