Uvec
2226355706
1072084311
536870912
1071888067
1073741824
1071553297
0
1072554718
1610612736
1070275198
0
1072327777
536870912
1072531363
0
1072362878
0
1070758178
2147483648
1070601765
3221225472
1072297528
3221225472
1070973584
3221225472
1072416184
536870912
1072617217
536870912
1068095572
0
1071511107
3221225472
1070495278
0
1072227232
536870912
1071099944
0
1072096641
2684354560
1072675051
536870912
1070633329
2147483648
1070615462
3221225472
1071274675
1073741824
1068802326
0
1072638847
3758096384
1072251758
0
1072196547
1610612736
1071851082
2147483648
1072375521
3221225472
1071923492
3221225472
1070371443
2147483648
1068535547
0
1071702485
2147483648
1067422624
0
1072042125
1073741824
1071057031
3221225472
1071394841
2147483648
1072234424
3221225472
1072612684
3758096384
1072241880
536870912
1066279176
0
1072067496
3221225472
1071948196
2147483648
1069782117
2147483648
1070275211
0
1071387976
0
1070139089
2147483648
1071619477
3221225472
1071106993
3221225472
1066879756
0
1072317775
2147483648
1068210586
0
1072320010
1610612736
1072534947
2684354560
1072516122
1073741824
1071027186
0
1072593564
2684354560
1067237104
0
1071682927
2684354560
1068935992
0
1069900402
0
1069987574
2147483648
1071826585
2147483648
1072026165
3758096384
1072040734
2684354560
1064843248
0
1071769879
536870912
1071963470
536870912
1070987674
0
1071932241
536870912
1071016753
0
1069686269
2147483648
1071838214
3221225472
1070011313
2147483648
1072541135
0
1072080078
536870912
1072027712
536870912
1072071004
536870912
1071991693
3758096384
1070505173
2147483648
1071968866
3758096384
1067620212
0
1071869973
1610612736
1070515631
2147483648
1071694021
1073741824
1072321202
2147483648
1072507885
1610612736
1071812109
0
1071567750
1073741824
1072312468
0
1070818505
1073741824
1072098920
2147483648
1072562927
0
1072038071
0
1064960256
0
1072641848
0
1071849304
536870912
1071461100
1073741824
1072693247
2684354560
68
