Uvec
2226355706
1070140917
2147483648
1071230714
3221225472
1071634264
2147483648
1070819219
1073741824
1070059580
0
1069526790
0
1069356518
0
1071929642
1073741824
1072586154
2684354560
1071915549
1073741824
1065865432
0
1072460821
2684354560
1072244372
536870912
1072470840
3221225472
1071757590
3758096384
1070125802
2147483648
1072402020
2147483648
1070843115
0
1072493772
0
1068528856
0
1072081438
2147483648
1070241848
2147483648
1072302187
1073741824
1072568002
536870912
1070766739
0
1072152424
3758096384
1072588668
2147483648
1071965278
1073741824
1071741951
3221225472
1070782072
3221225472
1071752119
3758096384
1072086141
3221225472
1070228965
2147483648
1071820109
0
1071663329
536870912
1070537839
2147483648
1070763275
0
1072080247
0
1071278624
3221225472
1072465581
1073741824
1070529042
0
1070789534
3221225472
1071919392
1073741824
1070352077
0
1069273311
0
1069088296
0
1069536429
0
1070981754
3221225472
1071227199
3221225472
1069745161
2147483648
1069614884
2147483648
1070886770
0
1072085981
2684354560
1072601761
3758096384
1071587233
3221225472
1072641860
536870912
1072257125
3758096384
1070507041
0
1072296474
1073741824
1068592246
0
1072144291
536870912
1071752831
1610612736
1070800235
1073741824
1072324064
1073741824
1072237849
2684354560
1071784011
1073741824
1068337544
0
1070430454
0
1072468648
3758096384
1071161908
3221225472
1072508971
2147483648
1071264477
2147483648
1071043101
0
1068961611
0
1072317284
1610612736
1070355364
2147483648
1068823481
0
1071934387
536870912
1072691786
2147483648
1072092494
3221225472
1070763170
3221225472
1070097532
0
1070845717
3221225472
1071716507
0
1068355360
0
1072409128
1610612736
1072057263
1073741824
1070021523
2147483648
1071943463
0
1072565388
0
1071699458
536870912
1070647885
2147483648
1071062383
3221225472
1072663128
3758096384
1071685390
536870912
1064961568
0
1072518360
0
1065847032
0
1071461100
1073741824
1072693247
2684354560
54
