Uvec
2226355706
1072426238
536870912
1069977860
2147483648
1072088113
0
1072055391
1073741824
1070967551
3221225472
1070804053
2147483648
1069589065
2147483648
1071190618
0
1071213022
1073741824
1071995375
1073741824
1070772067
1073741824
1070082461
0
1072244714
2684354560
1072166216
2147483648
1072040330
3758096384
1072571586
0
1069748635
0
1066816900
0
1071741056
1073741824
1070113329
0
1068508185
0
1072397644
2147483648
1071907902
1610612736
1072067735
536870912
1067641512
0
1070781867
2147483648
1071360282
0
1072518071
1610612736
1072651878
536870912
1071767396
1073741824
1072005295
2684354560
1070718268
3221225472
1072069537
2684354560
1071118134
3221225472
1071491725
1073741824
1069721910
2147483648
1070857144
1073741824
1072690850
1610612736
1069991837
2147483648
1072687259
1073741824
1066932528
0
1070655821
1073741824
1070206038
2147483648
1072167662
3221225472
1072296917
2147483648
1072140289
3758096384
1071660710
2684354560
1070790192
1073741824
1071741959
3221225472
1068140436
0
1072032903
3221225472
1072500622
536870912
1071628923
1073741824
1070764337
3221225472
1072443207
536870912
1071011413
3221225472
1070984384
1073741824
1071146351
0
1071298749
3221225472
1072643251
2147483648
1070472873
0
1071140433
0
1069477168
0
1070751930
3221225472
1070821060
3221225472
1071827960
2147483648
1071533462
3221225472
1071060494
1073741824
1072131326
2684354560
1070930739
0
1071652975
2147483648
1072367226
2147483648
1069563684
2147483648
1067865104
0
1067550848
0
1070130217
2147483648
1071654606
0
1070757922
0
1070651367
2147483648
1071741760
2684354560
1071271274
0
1069769288
0
1070986683
1073741824
1070947106
1073741824
1071198718
1073741824
1072536555
1073741824
1071719373
536870912
1068441724
0
1072270953
536870912
1070533423
0
1060749056
0
1065999384
0
1071083648
3221225472
1068995901
0
1069892046
2147483648
1072401968
2147483648
1066875736
0
1072043026
3221225472
1071461100
1073741824
1072693247
2684354560
27
