Uvec
2226355706
1071800049
1610612736
1071816898
0
1069135893
0
1071504223
1073741824
1071885442
1610612736
1072438006
1610612736
1071808185
0
1071435482
1073741824
1072329206
536870912
1070047964
2147483648
1072328887
3221225472
1068959398
0
1071165213
2147483648
1069119103
0
1072056033
536870912
1070514405
2147483648
1069109896
0
1071018833
0
1070718364
0
1069632806
0
1070709192
2147483648
1070078359
0
1072365814
3758096384
1072200198
1610612736
1070928202
0
1072498916
3221225472
1071895275
2147483648
1068794957
0
1071634563
1073741824
1070682854
3221225472
1070687150
3221225472
1071703606
1073741824
1069846533
2147483648
1071918572
2684354560
1072271830
3221225472
1068830813
0
1072347043
1073741824
1069620056
2147483648
1072188645
1073741824
1071514153
2147483648
1070875735
1073741824
1071450007
0
1072040357
0
1072286123
2147483648
1071728531
1610612736
1069832339
2147483648
1070446832
2147483648
1072105978
1073741824
1069462145
0
1072540690
536870912
1070642004
1073741824
1072510634
1610612736
1072529034
3221225472
1070046727
0
1072503481
3221225472
1071580109
2147483648
1068805757
0
1071834275
0
1069237031
0
1071958594
0
1071163818
2147483648
1068914428
0
1072527512
536870912
1072193053
2684354560
1072407903
2147483648
1069446678
0
1072640725
3758096384
1070693724
0
1066687908
0
1072077734
536870912
1071800158
0
1070913897
0
1072139981
3758096384
1070861212
2147483648
1071657484
1073741824
1072439012
1073741824
1070029629
0
1069290341
0
1071351300
2147483648
1072307004
1610612736
1072324455
2684354560
1071960240
536870912
1071010736
1073741824
1072572529
3758096384
1072073632
3221225472
1071445441
0
1071445670
3221225472
1072540871
2684354560
1071927225
3221225472
1069662139
2147483648
1072583735
1610612736
1072362241
0
1071649382
2147483648
1072170022
2147483648
1072529174
3758096384
1069999298
2147483648
1072195434
2684354560
1071068740
3221225472
1071461100
1073741824
1072693247
2684354560
22
