Uvec
2226355706
1071926705
1073741824
1071709921
2147483648
1071920836
1073741824
1069564958
0
1069750407
0
1072203808
1610612736
1070781709
1073741824
1072184366
2147483648
1071819104
2147483648
1070381664
0
1068553265
0
1071730498
3221225472
1071040335
3221225472
1072448702
3221225472
1071845941
536870912
1069736961
0
1069585126
0
1071481600
2147483648
1071706996
3221225472
1072691558
0
1071883763
1073741824
1070511545
2147483648
1068805314
0
1071536163
3221225472
1071266793
2147483648
1069009174
0
1070306906
2147483648
1070298350
0
1069197529
0
1070849086
0
1071833405
1610612736
1068348510
0
1071088331
1073741824
1070615134
1073741824
1071928995
3221225472
1069968609
2147483648
1068306868
0
1068846360
0
1071819174
2684354560
1070671167
3221225472
1065599520
0
1071876646
1073741824
1072384013
2684354560
1072435576
2147483648
1071354835
1073741824
1071404765
1073741824
1071832960
1610612736
1071618274
3221225472
1072073994
3221225472
1070842284
1073741824
1072192523
1610612736
1071003948
2147483648
1070728155
1073741824
1070012725
2147483648
1072206655
536870912
1071702994
1073741824
1071120846
3221225472
1071737835
2147483648
1071991770
3221225472
1072334226
2147483648
1067889744
0
1072202220
2147483648
1071967828
1073741824
1071240154
0
1070929757
0
1072105518
1073741824
1071883614
3758096384
1072395042
536870912
1072297007
0
1071785927
536870912
1071941798
1610612736
1070849170
2147483648
1071768730
2147483648
1068305918
0
1072374544
536870912
1072012483
0
1071862699
536870912
1072354689
1073741824
1071984262
1073741824
1072435978
3221225472
1072517120
2684354560
1070939927
1073741824
1071682883
1073741824
1071039320
2147483648
1072550213
2147483648
1068720590
0
1063414048
0
1071544441
3221225472
1072669634
536870912
1070582556
0
1069470734
0
1071506615
3221225472
1071933069
2684354560
1072603516
3221225472
1069056570
0
1072016547
2147483648
1069610786
2147483648
1072561946
3758096384
1071461100
1073741824
1072693247
2684354560
95
