Uvec
2226355706
1069766974
0
1072502410
536870912
1072197248
3758096384
1072038433
536870912
1072229814
2684354560
1072400018
536870912
1072134806
2147483648
1072455050
3221225472
1071050224
3221225472
1072406129
2684354560
1070848932
3221225472
1066698036
0
1071990063
2147483648
1071917796
2684354560
1072646813
2147483648
1072480182
3758096384
1070830570
2147483648
1070616683
2147483648
1070929031
1073741824
1071585904
1073741824
1070725720
2147483648
1068641084
0
1069123574
0
1071883994
2684354560
1071761115
3221225472
1069602814
2147483648
1067892874
0
1071235903
2147483648
1071060555
1073741824
1069853499
0
1070856226
3221225472
1071333986
1073741824
1071748162
1073741824
1072531684
1073741824
1072168762
1610612736
1072591826
536870912
1072605206
1610612736
1071729952
2684354560
1071879349
3221225472
1068103284
0
1069049665
0
1071821417
536870912
1072538337
1073741824
1072386346
2147483648
1072131829
3221225472
1069773295
2147483648
1071051469
2147483648
1072387507
3221225472
1072453272
3758096384
1072399264
536870912
1072080770
1610612736
1071903189
536870912
1070536773
2147483648
1071772867
1073741824
1072588749
2684354560
1069855513
2147483648
1069521921
0
1069571977
2147483648
1071624393
2147483648
1072397532
0
1069782841
0
1071552558
3221225472
1071240220
2147483648
1068652078
0
1070741052
3221225472
1072298311
536870912
1069767610
0
1072502710
2147483648
1071326012
1073741824
1071282080
1073741824
1070695470
2147483648
1069151865
0
1072620869
3758096384
1072379840
3221225472
1072296123
536870912
1070690798
0
1071933437
3221225472
1072298962
3221225472
1071092616
0
1070032934
0
1072216312
3221225472
1064807280
0
1071897673
3221225472
1069798470
0
1071919099
536870912
1071125838
2147483648
1071138194
1073741824
1069841953
0
1069509545
0
1071029007
2147483648
1071303741
2147483648
1069857162
0
1071335602
0
1070879181
1073741824
1072463130
2684354560
1071683170
0
1071948393
2684354560
1072233964
2147483648
1071461100
1073741824
1072693247
2684354560
41
