Uvec
2226355706
1072259189
1073741824
1070950550
1073741824
1070167559
0
1071943224
0
1071312138
1073741824
1072011651
1073741824
1069812083
0
1072543941
2147483648
1069650633
2147483648
1072407388
2684354560
1070361268
0
1071066698
2147483648
1068540881
0
1072371247
1610612736
1070929856
1073741824
1071589924
0
1072023856
3758096384
1071907057
536870912
1072319481
1073741824
1071557455
1073741824
1068889148
0
1071290075
0
1072266159
0
1072158580
3221225472
1071080965
1073741824
1071229251
1073741824
1072139077
2147483648
1072648246
536870912
1068829181
0
1069606834
0
1072447269
2684354560
1072148226
3758096384
1071022145
3221225472
1070335156
2147483648
1072213495
1073741824
1070640746
3221225472
1071805229
1610612736
1071758045
536870912
1072501269
2147483648
1072284648
1073741824
1070519124
2147483648
1071853881
3221225472
1071179844
0
1072343398
536870912
1072321802
1610612736
1071021729
3221225472
1068809909
0
1071512376
3221225472
1071575484
3221225472
1071198878
0
1071563332
1073741824
1070673254
1073741824
1071823367
536870912
1070606341
3221225472
1072546095
536870912
1072369950
0
1071204073
0
1072132411
2147483648
1069593409
2147483648
1069568339
2147483648
1069568021
2147483648
1071157034
1073741824
1072444234
3758096384
1070869918
0
1071349300
2147483648
1071253776
0
1071526721
2147483648
1071701073
3221225472
1071211853
2147483648
1071352457
3221225472
1069681478
0
1071457004
0
1070856386
2147483648
1071979757
536870912
1069526139
0
1067851778
0
1072501866
536870912
1070880633
1073741824
1069892192
0
1072560304
536870912
1072116938
536870912
1067119252
0
1067929400
0
1072648351
3221225472
1070938783
1073741824
1072428773
536870912
1068982406
0
1072183302
3758096384
1071935691
2147483648
1067891514
0
1072451683
2684354560
1071312050
1073741824
1071254390
3221225472
1071988407
0
1068602355
0
1070133636
0
1070129795
0
1068718759
0
1071461100
1073741824
1072693247
2684354560
0
