Uvec
2226355706
1070844338
3221225472
1071350102
2147483648
1072612340
2147483648
1072562492
2147483648
1072585964
536870912
1072050748
3758096384
1071976741
536870912
1072054101
2147483648
1071154598
3221225472
1072483528
1073741824
1072266495
3758096384
1072061875
2684354560
1069225909
0
1072554323
536870912
1071611628
2147483648
1072524909
2684354560
1072598031
536870912
1072438339
0
1067840984
0
1072227536
3758096384
1072484059
1073741824
1071446352
2147483648
1072551763
2147483648
1070934886
2147483648
1071179655
1073741824
1071576458
0
1072602272
3221225472
1072630055
3758096384
1071134986
1073741824
1071307254
2147483648
1072014289
1073741824
1071926992
3758096384
1072486276
1610612736
1071126142
0
1071786996
1073741824
1069715171
2147483648
1072189095
1610612736
1071344341
1073741824
1071902398
536870912
1072021467
2684354560
1072663546
0
1072298681
0
1072013379
2147483648
1068576216
0
1072554294
536870912
1071559034
1073741824
1071792972
2147483648
1071890562
1073741824
1070085454
2147483648
1072585568
2684354560
1072156089
1610612736
1072071516
1073741824
1072247617
536870912
1070059101
2147483648
1071779491
1610612736
1071665222
2147483648
1071904808
3221225472
1064538736
0
1071826601
1610612736
1072638689
1610612736
1072118403
2684354560
1071695928
3758096384
1071716123
2684354560
1072230089
536870912
1072587715
536870912
1068896719
0
1070615517
3221225472
1069969940
2147483648
1071666595
1073741824
1069766778
0
1070605796
3221225472
1070539885
0
1069795401
2147483648
1070634147
0
1070569230
0
1071122600
0
1071162759
1073741824
1068279510
0
1071836330
0
1071820842
2147483648
1072655056
0
1069322869
0
1066127808
0
1072175019
0
1067635524
0
1072301730
536870912
1071710106
3221225472
1071732743
1610612736
1071560256
2147483648
1071610867
3221225472
1072010437
2684354560
1071555195
2147483648
1072104086
3221225472
1071161517
0
1067412936
0
1071510009
3221225472
1072415450
2147483648
1072648829
0
1071461100
1073741824
1072693247
2684354560
92
