Uvec
2226355706
1072497384
3221225472
1072126167
2684354560
1071995963
536870912
1066933248
0
1072246584
0
1071659544
2147483648
1072657293
1610612736
1071059181
0
1070711412
3221225472
1067901994
0
1071772565
2147483648
1071345391
2147483648
1071899273
0
1070294417
2147483648
1072588367
1610612736
1069309335
0
1072049011
1610612736
1069996638
2147483648
1071076848
0
1070838890
0
1071739976
1073741824
1071885343
2684354560
1071727899
1073741824
1071530106
3221225472
1070239503
0
1071107700
2147483648
1069412351
0
1070195840
0
1071829309
1073741824
1072529181
536870912
1071611087
3221225472
1072346614
1610612736
1071893264
2147483648
1068597806
0
1069877364
2147483648
1069077458
0
1068872208
0
1071021322
0
1071760657
536870912
1072020611
1610612736
1069907622
0
1071743639
2684354560
1072669966
3221225472
1071372041
1073741824
1072120209
3758096384
1072066475
2684354560
1070799889
2147483648
1069002182
0
1071995524
0
1070925890
1073741824
1070619990
3221225472
1072494200
0
1067272840
0
1072205446
0
1070234898
0
1067331532
0
1072234642
3758096384
1067908480
0
1071390955
2147483648
1072129694
536870912
1068598245
0
1070896017
2147483648
1071826737
1073741824
1071863744
3221225472
1071918112
0
1071163602
0
1070713677
0
1071954961
536870912
1071135501
3221225472
1070514642
0
1071828181
0
1068179780
0
1070176231
0
1072367299
536870912
1072689920
536870912
1069581926
0
1071250689
2147483648
1072057726
2684354560
1070785003
0
1071717616
3221225472
1071594158
2147483648
1071960088
0
1070764631
3221225472
1072229276
0
1072622021
536870912
1072511922
2147483648
1070793326
2147483648
1071970324
2147483648
1070369501
2147483648
1072287252
2684354560
1071813151
1610612736
1071212433
3221225472
1072651089
3758096384
1072008713
0
1070609062
2147483648
1072187093
2684354560
1072659293
1073741824
1071420692
0
1071461100
1073741824
1072693247
2684354560
47
