Uvec
2226355706
1071982883
0
1071717855
3758096384
1071970867
2147483648
1071084634
3221225472
1071348647
3221225472
1070350968
0
1072130739
2684354560
1072064255
536870912
1072654684
3221225472
1070478989
2147483648
1070927206
3221225472
1072153680
0
1069550790
0
1072128341
536870912
1071880283
3221225472
1070865226
2147483648
1072425782
0
1071128077
3221225472
1071282882
0
1070148216
2147483648
1072309236
1610612736
1070438737
2147483648
1069976243
0
1069547055
0
1071680274
2147483648
1066476464
0
1070755889
2147483648
1068656040
0
1072010223
2684354560
1072443666
2147483648
1071839340
1610612736
1072007747
0
1072494605
2147483648
1072647090
1073741824
1071020351
3221225472
1071996226
3758096384
1071583236
3221225472
1065877936
0
1070883087
1073741824
1072278253
3758096384
1071961687
0
1072262208
536870912
1072190954
2684354560
1061940096
0
1071027144
2147483648
1070498879
2147483648
1071613312
2147483648
1071912114
2147483648
1071953272
0
1071878588
1073741824
1072391329
2684354560
1072477616
2147483648
1070967247
2147483648
1070619983
1073741824
1071680684
3221225472
1070189803
0
1072599274
1073741824
1071783740
3758096384
1071410656
2147483648
1071319499
1073741824
1072438733
3221225472
1070161116
0
1070807928
0
1072124831
1610612736
1070454185
0
1071426447
3221225472
1068843659
0
1071828292
3221225472
1072605226
536870912
1072016136
0
1071763707
3758096384
1071050560
3221225472
1072454168
2147483648
1068938060
0
1072246610
0
1069669881
0
1070541673
2147483648
1071484707
2147483648
1069004951
0
1072444532
2684354560
1072224716
3758096384
1072660462
1073741824
1069382669
0
1071704050
2684354560
1071949263
2684354560
1068912411
0
1072122129
536870912
1071878238
2684354560
1071249026
3221225472
1070139564
0
1072427168
0
1070576458
0
1072158226
3758096384
1072318043
0
1072636770
1073741824
1071276166
3221225472
1071987297
1073741824
1072185385
536870912
1071461100
1073741824
1072693247
2684354560
70
