Uvec
2226355706
1070802097
3221225472
1069720103
2147483648
1072087293
3758096384
1068604998
0
1071704779
1610612736
1071633340
1073741824
1072580926
0
1065747000
0
1069786613
2147483648
1071821534
1610612736
1072658572
2147483648
1071436195
3221225472
1072386988
2147483648
1072687878
3221225472
1071063399
0
1071838415
2684354560
1070372018
2147483648
1072446205
3221225472
1065838656
0
1072033208
2147483648
1071522333
1073741824
1070032821
0
1071678633
2147483648
1071258771
2147483648
1071932203
2684354560
1069206369
0
1072202125
1073741824
1070739102
0
1071408870
0
1072406687
3221225472
1072436447
536870912
1071847466
0
1072421853
3221225472
1071958263
536870912
1068885090
0
1069811389
2147483648
1070932224
1073741824
1069565042
0
1071561144
0
1070936320
2147483648
1068113886
0
1072364380
3221225472
1072507091
2684354560
1072035843
2684354560
1069920662
2147483648
1070161736
0
1071124567
0
1071491406
0
1071636786
0
1069402826
0
1071734012
3758096384
1072264368
0
1069797891
0
1072130909
3221225472
1071124506
2147483648
1071177905
3221225472
1069483828
0
1066682044
0
1071093155
2147483648
1072010961
1610612736
1072381334
3221225472
1072622026
1073741824
1065423576
0
1070734545
2147483648
1069926001
2147483648
1071072729
2147483648
1071995782
536870912
1069638447
2147483648
1070246910
2147483648
1071967898
3758096384
1072571465
0
1071747787
1610612736
1072682374
0
1072628387
1610612736
1066590348
0
1067951790
0
1071941625
2684354560
1070209317
2147483648
1070930393
2147483648
1067872296
0
1071424152
1073741824
1071805439
3758096384
1070971692
1073741824
1071039316
0
1067872770
0
1072490060
2147483648
1071837623
3221225472
1071234004
0
1071604268
2147483648
1070381684
2147483648
1071810890
3221225472
1070073145
0
1071992018
2147483648
1070129813
2147483648
1072453789
3758096384
1072140159
0
1070827919
2147483648
1070068084
0
1071461100
1073741824
1072693247
2684354560
25
