Uvec
2226355706
1071761676
2147483648
1072596532
0
1072519551
0
1071172518
3221225472
1071657443
1610612736
1072278077
3758096384
1072685856
0
1072075488
1610612736
1069740621
2147483648
1069449620
0
1072129197
2684354560
1072088414
2684354560
1070971875
2147483648
1071826698
536870912
1070282890
2147483648
1071890601
3221225472
1070696776
1073741824
1071700729
2684354560
1071201577
3221225472
1071775985
536870912
1071663225
3221225472
1071987637
2684354560
1071579782
3221225472
1072559235
3221225472
1071332398
2147483648
1071367517
1073741824
1071226199
0
1071711447
2147483648
1070907109
2147483648
1072548893
1610612736
1069792794
2147483648
1072178516
3221225472
1071544686
1073741824
1071904287
536870912
1072086491
2684354560
1072594087
3758096384
1070736015
3221225472
1071953665
3221225472
1071804033
536870912
1071558630
1073741824
1072156730
0
1070941632
3221225472
1068025004
0
1071687804
2147483648
1071892195
2684354560
1071286005
0
1069116513
0
1068875101
0
1069821953
2147483648
1070001693
0
1072475547
3758096384
1072197695
2147483648
1072149136
3221225472
1071911240
3758096384
1069364762
0
1072488926
2147483648
1070706291
1073741824
1071745088
3221225472
1071052297
1073741824
1072003968
3758096384
1072235882
0
1070183904
0
1069207696
0
1071551101
1073741824
1072343959
2147483648
1066697172
0
1071469927
3221225472
1070934015
3221225472
1072527522
2147483648
1070799982
2147483648
1071601716
3221225472
1071425499
1073741824
1071054741
3221225472
1071259145
2147483648
1071332966
0
1071939758
3758096384
1071842760
1073741824
1071016333
2147483648
1071005605
1073741824
1071953066
3221225472
1069661676
0
1071679173
1610612736
1071430736
2147483648
1072138376
3758096384
1071620308
0
1071414378
3221225472
1072023246
0
1070398355
2147483648
1071711856
3758096384
1071385962
1073741824
1071565872
1073741824
1072340190
2147483648
1072014957
3758096384
1072608715
0
1068653075
0
1071751187
0
1067751368
0
1071979416
3221225472
1071461100
1073741824
1072693247
2684354560
3
