Uvec
2226355706
1072092047
2684354560
1071740232
3221225472
1071740360
1610612736
1072198521
1610612736
1072260693
3758096384
1071686457
2147483648
1071972317
3758096384
1072449464
2147483648
1072039526
0
1072130525
2147483648
1072023553
3758096384
1069770358
2147483648
1069554636
0
1071915151
1610612736
1072166140
2684354560
1070077012
0
1071573677
0
1071852776
0
1072130056
1610612736
1071714736
1073741824
1071282232
1073741824
1071689781
3758096384
1072629354
1610612736
1071312252
2147483648
1071536342
0
1071828240
1610612736
1071652926
3758096384
1071863658
0
1072493963
536870912
1068244108
0
1071803633
1610612736
1070463936
2147483648
1072233558
0
1067658808
0
1071664591
0
1071645080
1610612736
1068349778
0
1072553672
1610612736
1064768656
0
1071547707
2147483648
1071816716
0
1071803997
2684354560
1071047053
2147483648
1071693975
536870912
1070856486
2147483648
1071480640
1073741824
1071639317
0
1070753239
2147483648
1071505763
1073741824
1071215631
0
1072074059
1073741824
1072410568
2147483648
1071059934
1073741824
1072469676
1073741824
1072437436
1610612736
1072206535
2147483648
1071854481
2684354560
1072003777
1073741824
1069672538
0
1069803605
2147483648
1072205581
3758096384
1072059523
2147483648
1068540329
0
1069641864
2147483648
1070757316
0
1069839250
2147483648
1072570620
2684354560
1072497332
2684354560
1069896879
2147483648
1071961679
2147483648
1071807038
1610612736
1067661066
0
1070849158
2147483648
1069714183
2147483648
1070809087
3221225472
1072370894
536870912
1071670511
2147483648
1070417718
2147483648
1071423492
3221225472
1071047787
2147483648
1072098721
3221225472
1070837855
2147483648
1070783154
0
1070618411
2147483648
1071918541
0
1071986922
3758096384
1072495735
3221225472
1072297687
1610612736
1072629137
2147483648
1067783968
0
1071200670
2147483648
1072093391
3758096384
1072006596
0
1071867389
1073741824
1071989241
1073741824
1071283565
0
1071990484
536870912
1070408321
0
1071461100
1073741824
1072693247
2684354560
58
