Uvec
2226355706
1068862453
0
1064801680
0
1071984003
3758096384
1068791439
0
1071621894
2147483648
1069094294
0
1072457826
0
1071773710
2147483648
1072223993
1610612736
1070038853
0
1072153936
536870912
1072508221
3758096384
1071858628
2684354560
1070808245
2147483648
1072654910
2147483648
1071761402
0
1070896322
2147483648
1070739001
2147483648
1071003274
2147483648
1071705811
3758096384
1072220602
1610612736
1067722302
0
1071078378
0
1072315629
2147483648
1072282646
1073741824
1071622211
1073741824
1072686866
1610612736
1072522813
1610612736
1070745003
1073741824
1071998577
536870912
1071097969
0
1072635413
3221225472
1072540376
2147483648
1072170386
536870912
1069107071
0
1068564741
0
1069064772
0
1072444219
3758096384
1071305196
3221225472
1071685525
1073741824
1067953366
0
1072680441
536870912
1070071580
2147483648
1071762238
1073741824
1070347556
0
1072120394
0
1072260597
3221225472
1072610768
0
1069518508
0
1071973059
2684354560
1072550763
2684354560
1070623003
1073741824
1072226721
0
1070630151
0
1072236736
1073741824
1071875450
536870912
1067313788
0
1071456413
2147483648
1072110326
536870912
1072377639
3758096384
1071647911
3221225472
1071763405
536870912
1070515861
0
1072451853
1073741824
1069581745
0
1072370727
536870912
1072142705
1073741824
1072011617
536870912
1071391326
2147483648
1072023042
1610612736
1072041584
0
1072127331
536870912
1072504579
3221225472
1072336083
0
1072635880
1073741824
1071860026
2147483648
1067830230
0
1070381030
2147483648
1072043957
1610612736
1070227106
2147483648
1071430967
2147483648
1071998901
3221225472
1069602971
2147483648
1072133662
3758096384
1071856082
1073741824
1072089597
0
1072567025
536870912
1070053337
0
1070716241
3221225472
1072242097
536870912
1071354058
3221225472
1070020494
0
1070688009
1073741824
1070811217
3221225472
1067597200
0
1071270912
3221225472
1071750144
1073741824
1072366842
2684354560
1071461100
1073741824
1072693247
2684354560
89
