Uvec
2226355706
1072018626
1610612736
1071773577
536870912
1069655423
2147483648
1070279997
0
1072152057
0
1068914651
0
1072172786
2147483648
1071786570
1610612736
1072441296
0
1072453686
3221225472
1068472996
0
1072143545
3758096384
1070968956
3221225472
1072662359
536870912
1069696370
0
1072552253
3221225472
1072257870
3221225472
1072517600
0
1069690365
0
1071558251
0
1069207052
0
1071924890
1073741824
1068864845
0
1072047843
3221225472
1067677618
0
1070378619
0
1069694788
2147483648
1071931932
1073741824
1069319184
0
1072012725
1073741824
1071651894
536870912
1071008074
1073741824
1072503187
2147483648
1069729800
2147483648
1071369326
2147483648
1071869217
1610612736
1070905904
3221225472
1071847028
1610612736
1072597545
2684354560
1072236007
1073741824
1071221511
2147483648
1071655743
1073741824
1070783849
0
1067050840
0
1070672196
1073741824
1072515224
3758096384
1068950009
0
1069922592
0
1072471217
2147483648
1071665866
0
1069651403
2147483648
1072534640
1610612736
1072182158
1073741824
1071744717
3221225472
1071664702
536870912
1070376202
2147483648
1071584256
3221225472
1072138675
2684354560
1070319486
2147483648
1071405633
3221225472
1072611001
1073741824
1071813164
536870912
1071692519
2684354560
1072309150
3221225472
1070289501
2147483648
1071828603
2684354560
1063360512
0
1072412368
3221225472
1070159163
2147483648
1070997286
3221225472
1072353472
1073741824
1072217596
1073741824
1072657378
1610612736
1072281663
2684354560
1070625228
2147483648
1069571811
0
1071903889
3758096384
1070743188
3221225472
1072558139
1610612736
1070792342
3221225472
1067010132
0
1072096801
3758096384
1072025341
2684354560
1071371273
3221225472
1068058458
0
1072423533
3758096384
1072578865
536870912
1072413513
1073741824
1071904959
2684354560
1068580761
0
1072242157
2147483648
1072294482
1073741824
1071812311
2147483648
1071360942
1073741824
1072206019
536870912
1070780902
1073741824
1071482934
2147483648
1072120793
1073741824
1071461100
1073741824
1072693247
2684354560
95
