Uvec
2226355706
1070740207
0
1071995521
2147483648
1069693134
0
1072528814
536870912
1071081527
3221225472
1072489483
0
1072647180
1073741824
1069385362
0
1072361482
1610612736
1071511087
0
1072575046
3758096384
1072482215
0
1072055851
1610612736
1071505878
3221225472
1071604902
3221225472
1071682202
1073741824
1071677324
1610612736
1071743889
536870912
1071995378
1073741824
1072319553
2684354560
1072073643
2147483648
1072534594
0
1072115049
1073741824
1072629665
3221225472
1071655193
3221225472
1069889783
2147483648
1070105412
2147483648
1071616191
0
1072215191
2684354560
1069946814
2147483648
1072374565
2147483648
1072528025
1073741824
1064736128
0
1069562629
2147483648
1070427377
0
1070110396
0
1072213039
2684354560
1068367356
0
1072565286
3221225472
1070310598
2147483648
1072567901
1073741824
1070957894
1073741824
1072376552
2147483648
1072212885
2147483648
1070593969
0
1071347871
0
1069648386
0
1070236097
2147483648
1072584960
1610612736
1069953120
0
1071764228
1610612736
1071021038
3221225472
1072581662
2684354560
1072491224
2684354560
1064498384
0
1072296994
3758096384
1071296040
1073741824
1068677705
0
1072524305
3758096384
1070144396
2147483648
1071509733
0
1071377149
3221225472
1069240338
0
1072565673
1073741824
1072671876
0
1072541173
2147483648
1069776400
0
1072409139
1073741824
1072156529
2684354560
1067212424
0
1070783234
0
1071627153
0
1071331416
3221225472
1069644176
2147483648
1072467183
3758096384
1069990998
0
1071595832
3221225472
1072611000
2684354560
1071081551
2147483648
1072015059
1073741824
1070686092
3221225472
1071983264
2147483648
1071837886
536870912
1071059528
1073741824
1072361555
0
1072481510
2147483648
1072495359
2147483648
1071943994
3758096384
1070726136
2147483648
1072206452
3758096384
1069551268
0
1071763665
3221225472
1070050039
2147483648
1070795499
1073741824
1071485758
1073741824
1071529478
2147483648
1071204737
3221225472
1071758739
2147483648
1071461100
1073741824
1072693247
2684354560
29
