Uvec
2226355706
1072452666
1073741824
1071742785
1610612736
1070752153
3221225472
1071320072
2147483648
1071909860
1073741824
1069677845
2147483648
1071353610
3221225472
1072309951
1610612736
1071362846
3221225472
1070611733
2147483648
1070798007
0
1072470622
536870912
1070651937
2147483648
1070802778
1073741824
1070749721
2147483648
1071893660
3221225472
1069667043
0
1063423296
0
1070837990
1073741824
1072691174
3221225472
1070953579
1073741824
1070962792
0
1072656175
3758096384
1071586834
1073741824
1072244432
3221225472
1071503668
3221225472
1071648912
0
1072025772
3221225472
1071267964
0
1071857767
2684354560
1072323361
0
1071218918
2147483648
1070083354
0
1071889171
536870912
1069242043
0
1064867616
0
1069760025
2147483648
1072613093
1073741824
1072099588
536870912
1071987303
3221225472
1070920410
1073741824
1068637092
0
1072130276
0
1071253604
2147483648
1072457391
3758096384
1071449099
0
1069486736
0
1071414445
0
1072001346
2684354560
1071893460
1610612736
1068954873
0
1070152878
2147483648
1066655796
0
1070837720
0
1071269630
2147483648
1070405193
0
1070986218
0
1069065875
0
1071985484
2684354560
1068284998
0
1070034593
2147483648
1069656935
0
1071566338
2147483648
1070789034
0
1071646509
2684354560
1072299109
2684354560
1072629060
2684354560
1068580921
0
1070816505
3221225472
1072012895
1610612736
1072490653
3221225472
1072227706
2147483648
1072183838
0
1070600408
0
1072667823
2147483648
1072617971
1073741824
1072209886
2684354560
1071885448
3758096384
1069801236
2147483648
1072146585
3758096384
1069568506
2147483648
1070456333
2147483648
1072606511
0
1072088074
1073741824
1065290784
0
1066543328
0
1069383536
0
1071079923
1073741824
1071652341
0
1066714600
0
1065896648
0
1072352069
3221225472
1071098533
2147483648
1071789046
3221225472
1069210694
0
1070535986
2147483648
1071754602
2684354560
1072521336
2684354560
1071461100
1073741824
1072693247
2684354560
29
