Uvec
2226355706
1072294386
536870912
1072110942
2147483648
1071035294
1073741824
1071378413
3221225472
1072583015
3221225472
1071371778
0
1071701169
3758096384
1071454957
1073741824
1072286204
1073741824
1072435377
1610612736
1071872183
1073741824
1066290592
0
1071897799
1610612736
1071877378
2684354560
1068455952
0
1072208582
3758096384
1072019988
2147483648
1071280432
1073741824
1070335441
2147483648
1070864591
2147483648
1071771718
0
1072385054
1073741824
1069860765
2147483648
1071700497
3221225472
1069699265
2147483648
1070862991
0
1069195808
0
1072222747
536870912
1071904130
1610612736
1071860659
536870912
1070507085
2147483648
1069990164
0
1070187700
0
1071374817
2147483648
1070744801
1073741824
1072384221
2147483648
1072549816
536870912
1071641178
3221225472
1071715645
3221225472
1071825763
1610612736
1070329358
0
1072384272
0
1067819710
0
1072598939
3221225472
1072125531
1073741824
1070568781
0
1070821857
3221225472
1070625088
0
1072260142
3758096384
1070063441
0
1072396917
2684354560
1070429857
0
1071891793
2147483648
1072155928
536870912
1072148331
2684354560
1071681119
536870912
1071857981
2684354560
1072454759
3758096384
1072678389
0
1070603487
0
1068567063
0
1072677729
3758096384
1071927841
1610612736
1070565532
0
1072104060
1073741824
1072510035
3221225472
1070397810
2147483648
1071175284
3221225472
1064333392
0
1067428908
0
1071932594
2147483648
1069824506
2147483648
1070730980
3221225472
1067462766
0
1072635390
1610612736
1072188263
0
1072265883
1073741824
1072299661
1610612736
1072507808
2147483648
1071904376
2684354560
1065831752
0
1070944613
1073741824
1072573875
536870912
1072064533
2147483648
1071233072
1073741824
1068955847
0
1072631843
3758096384
1070700093
0
1072671441
2147483648
1070836372
0
1072315692
1610612736
1071950143
2684354560
1071978455
1610612736
1071632488
1073741824
1070615384
0
1071310782
1073741824
1070258677
0
1072025579
536870912
1071461100
1073741824
1072693247
2684354560
34
