Uvec
2226355706
1070031587
2147483648
1069869412
0
1071232598
1073741824
1071764250
1610612736
1072037295
1073741824
1070862959
3221225472
1069115416
0
1065989688
0
1070692954
1073741824
1070493370
2147483648
1070102786
0
1071862128
2147483648
1072642500
536870912
1071422051
2147483648
1072491550
3758096384
1071301156
0
1069715281
2147483648
1066557548
0
1068800388
0
1069373706
0
1071202104
2147483648
1071255772
3221225472
1071921863
1073741824
1071969380
1610612736
1072195551
3221225472
1071862462
536870912
1069906068
2147483648
1072370457
1073741824
1071369568
3221225472
1071264952
0
1069477064
0
1071284379
3221225472
1072003360
3221225472
1070140325
2147483648
1071459368
2147483648
1072091911
1610612736
1072114169
536870912
1072585897
1073741824
1071693963
2684354560
1072345379
1073741824
1070667360
1073741824
1071022465
3221225472
1072560415
3221225472
1069765525
2147483648
1072355943
2684354560
1067513104
0
1071364786
0
1070645332
2147483648
1070972770
0
1072541479
3221225472
1071513169
3221225472
1070993503
2147483648
1072628749
1073741824
1072294979
536870912
1072306941
0
1071863727
2684354560
1065043792
0
1072533413
1610612736
1068912795
0
1072219935
1610612736
1072543931
3758096384
1072555810
1073741824
1068882468
0
1072422677
3758096384
1072608576
536870912
1069733409
0
1070617373
2147483648
1072583583
1073741824
1064126112
0
1069892445
0
1071988760
2684354560
1068907057
0
1072368857
0
1069880021
0
1071787682
3758096384
1072269184
2684354560
1070830522
3221225472
1072381850
2147483648
1070741105
3221225472
1072609675
536870912
1070772683
0
1072031685
536870912
1071690920
3758096384
1071779543
3758096384
1070918281
0
1072295316
2147483648
1069343005
0
1072124885
2684354560
1071092383
0
1070351343
2147483648
1071691879
3221225472
1071773199
536870912
1071553244
0
1071901551
1610612736
1072156024
1073741824
1072026517
1073741824
1070796787
1073741824
1072212346
3758096384
1071461100
1073741824
1072693247
2684354560
48
