Uvec
2226355706
1070798285
2147483648
1069709749
2147483648
1071655493
0
1072123202
3758096384
1068722728
0
1070815053
2147483648
1071001721
3221225472
1072475067
3221225472
1071438189
0
1069974315
2147483648
1072059350
0
1070320134
0
1072041197
3758096384
1071020930
0
1070335297
0
1070112616
0
1071587402
3221225472
1070969693
1073741824
1072462719
1610612736
1071650875
0
1069444759
0
1068649632
0
1072369251
3221225472
1072511221
0
1071896190
3758096384
1071612635
1073741824
1072009931
3221225472
1069824612
2147483648
1069991288
0
1071685951
2147483648
1071963056
3221225472
1071913862
2684354560
1072378203
1610612736
1072294085
1073741824
1072528897
3758096384
1070119255
2147483648
1072202310
0
1068766509
0
1072651834
1073741824
1072164071
1073741824
1072076129
2684354560
1072282343
1610612736
1068543722
0
1070204814
0
1072486224
536870912
1072011377
2147483648
1070886109
1073741824
1072192518
1610612736
1070992854
3221225472
1072408378
2147483648
1070851148
0
1072414455
536870912
1071022201
3221225472
1072109957
2684354560
1067099504
0
1069578286
0
1070168436
2147483648
1071973314
0
1072041065
0
1071949931
0
1071756281
0
1059401728
0
1069647531
0
1072254293
1610612736
1072023244
1610612736
1071637508
3221225472
1071910883
2147483648
1072043717
536870912
1072180837
2684354560
1068431490
0
1072589527
0
1072318605
536870912
1069534647
0
1072539148
3758096384
1071670435
536870912
1068595717
0
1070668262
2147483648
1070688564
1073741824
1071755332
0
1071070438
1073741824
1071702725
0
1064883680
0
1072605093
1073741824
1072576927
536870912
1072250913
1610612736
1069811241
2147483648
1069853470
2147483648
1071481149
3221225472
1071553145
1073741824
1072296293
2684354560
1072683593
1610612736
1072607303
3758096384
1072126666
536870912
1070620797
2147483648
1072374645
0
1068862864
0
1071706501
3221225472
1067929636
0
1071461100
1073741824
1072693247
2684354560
28
