Uvec
2226355706
1065432144
0
1070819011
1073741824
1071004485
0
1072329690
1610612736
1070801779
3221225472
1071819484
1073741824
1072337587
0
1071397569
3221225472
1071890760
3758096384
1071237020
1073741824
1072076568
1073741824
1070599968
3221225472
1071856544
3221225472
1072374484
2147483648
1072210104
2147483648
1070441845
2147483648
1069156902
0
1072652913
536870912
1070831533
2147483648
1072285285
1610612736
1068498220
0
1069812987
2147483648
1072527078
2684354560
1071768277
1073741824
1071838502
1073741824
1071430513
2147483648
1072389906
536870912
1066607428
0
1072233107
2684354560
1072051480
2684354560
1070786750
1073741824
1070971498
3221225472
1072485984
536870912
1070803105
1073741824
1066147680
0
1071179194
0
1071999916
2147483648
1069346571
0
1071912683
0
1070428958
0
1069968857
0
1071869256
1610612736
1071789783
536870912
1071462557
2147483648
1071986491
3221225472
1071275500
0
1071264787
1073741824
1072480203
0
1071714003
3758096384
1072648412
536870912
1072173362
536870912
1068379058
0
1071557644
0
1069534829
0
1071443626
1073741824
1071459593
1073741824
1072601070
536870912
1072111385
2147483648
1064228448
0
1071599646
1073741824
1071351231
0
1071315673
2147483648
1071038309
3221225472
1072331361
536870912
1072599273
1610612736
1069551556
0
1071667572
3758096384
1071542208
3221225472
1071459499
1073741824
1072433588
3221225472
1071007811
3221225472
1069145450
0
1072459153
1610612736
1069996835
0
1071391423
3221225472
1071256368
2147483648
1072420061
3221225472
1067500656
0
1071327756
3221225472
1069605923
2147483648
1068607499
0
1071969982
1610612736
1072632137
1610612736
1071085517
3221225472
1071028917
0
1072587203
1610612736
1071319859
3221225472
1072200639
2147483648
1071830530
536870912
1072151413
1073741824
1070007252
2147483648
1071011216
2147483648
1070260422
2147483648
1067974288
0
1071811680
0
1072229895
2147483648
1072046339
3221225472
1069909668
2147483648
1071461100
1073741824
1072693247
2684354560
59
