Uvec
2226355706
1069628174
0
1071110805
2147483648
1072370803
3758096384
1071511612
1073741824
1071604775
2147483648
1071718923
2147483648
1071682041
0
1070043642
2147483648
1071714879
536870912
1070949840
3221225472
1069769092
0
1071818365
0
1071980596
3758096384
1071739785
0
1070094175
0
1071607592
0
1072134190
2147483648
1071119344
1073741824
1071009406
3221225472
1071890414
3758096384
1066742640
0
1072579770
1610612736
1071723625
1610612736
1071681343
1610612736
1072181803
3758096384
1072117625
1610612736
1071763975
2684354560
1069383260
0
1071267062
1073741824
1071108867
2147483648
1072037804
1610612736
1072651624
536870912
1071229097
0
1071810596
2684354560
1070287480
0
1072220372
3221225472
1070664647
2147483648
1070747368
3221225472
1069717462
2147483648
1070186965
0
1072106925
3221225472
1071096992
0
1071952843
3758096384
1072684538
3758096384
1070604727
3221225472
1072359181
2684354560
1070611413
3221225472
1072422921
536870912
1072001526
2147483648
1071997038
3221225472
1071023529
1073741824
1068212618
0
1072509245
3221225472
1056268288
0
1068937449
0
1068929918
0
1070746044
0
1058577408
0
1068716550
0
1071858809
3221225472
1068805765
0
1070108603
2147483648
1072282857
536870912
1072360371
3221225472
1067281292
0
1067922726
0
1070846504
3221225472
1071155296
1073741824
1071896431
1610612736
1070941847
1073741824
1071989016
536870912
1069894194
0
1072177217
3758096384
1071654066
536870912
1069697960
0
1070948405
0
1071859901
0
1068335828
0
1070759087
1073741824
1069954327
2147483648
1068149250
0
1070693148
2147483648
1072007474
536870912
1071900978
2147483648
1071255980
3221225472
1071977616
3221225472
1070792619
2147483648
1072528237
1610612736
1072240760
536870912
1072142913
0
1071293067
0
1070955253
1073741824
1070315128
0
1070796114
3221225472
1070571935
0
1070366274
2147483648
1071072836
0
1064079744
0
1071461100
1073741824
1072693247
2684354560
24
