Uvec
2226355706
1070723364
0
1072280849
2684354560
1071285492
3221225472
1071813184
2147483648
1069263280
0
1072525514
0
1072004371
3758096384
1072459524
3758096384
1070716234
0
1071610006
1073741824
1072111738
3758096384
1070975158
3221225472
1071849438
0
1070662148
3221225472
1070719228
1073741824
1072012839
3221225472
1072186877
536870912
1072404858
3758096384
1070503121
0
1070396214
0
1072171915
3758096384
1071202931
0
1068791807
0
1068872017
0
1071920544
2147483648
1072130319
3221225472
1072444526
3221225472
1071499400
2147483648
1069768539
0
1068611329
0
1067804386
0
1072321325
3758096384
1070445777
2147483648
1072193803
0
1071607105
1073741824
1071944097
3758096384
1071952223
1073741824
1069882263
2147483648
1068861810
0
1072000271
1073741824
1072569270
3221225472
1072587833
2684354560
1071088863
2147483648
1072621690
3221225472
1067284024
0
1072057605
3221225472
1070128220
0
1071010836
1073741824
1071915885
3221225472
1072434204
3221225472
1071236210
2147483648
1072270685
1610612736
1071923215
536870912
1070667722
0
1070678080
1073741824
1070784347
3221225472
1067568294
0
1072497695
1073741824
1071871792
3221225472
1072471381
0
1069319550
0
1072458894
2684354560
1071056057
1073741824
1071596144
1073741824
1071656954
2684354560
1071741401
3758096384
1070766859
2147483648
1072215194
1073741824
1069687152
2147483648
1071276327
2147483648
1071435290
1073741824
1071749924
1610612736
1072374296
2147483648
1072373394
1610612736
1069954216
0
1072167242
1610612736
1072272845
2147483648
1072195164
536870912
1072027361
2147483648
1071683584
1610612736
1068681415
0
1071434832
0
1072464648
1073741824
1072463585
2147483648
1071684477
0
1072176775
2147483648
1072693014
536870912
1071269262
2147483648
1071943074
3758096384
1072578116
1073741824
1070614321
3221225472
1070682833
1073741824
1072119325
2147483648
1071150078
1073741824
1069588234
2147483648
1071829653
3221225472
1072579578
2147483648
1070561438
2147483648
1071461100
1073741824
1072693247
2684354560
51
