Uvec
2226355706
1071753012
1610612736
1072443837
536870912
1071852673
2147483648
1072443958
3758096384
1070510535
2147483648
1070201434
2147483648
1072465041
3758096384
1071947557
1073741824
1070778181
2147483648
1071522734
0
1072576384
1610612736
1070150214
0
1063971264
0
1071430840
1073741824
1070969844
2147483648
1071755297
1073741824
1072071379
0
1072589874
3221225472
1071597089
0
1070990583
3221225472
1069594895
0
1072325269
2147483648
1072280029
3221225472
1068085778
0
1070205168
0
1070713708
2147483648
1071017481
3221225472
1067857174
0
1072279635
2147483648
1072332204
2147483648
1070936647
3221225472
1070584910
0
1071744222
2684354560
1067320580
0
1072691220
536870912
1070580688
0
1070674938
0
1072354984
3221225472
1071642339
2147483648
1072613452
0
1068250950
0
1071271599
3221225472
1070441761
0
1072295526
1610612736
1070361979
0
1070627560
0
1071082210
0
1065105840
0
1068724259
0
1070001407
2147483648
1071591887
2147483648
1072652133
1073741824
1067487998
0
1067961466
0
1072688875
1610612736
1068005700
0
1069588107
0
1072086298
3758096384
1072633711
1610612736
1071114779
3221225472
1070336486
0
1071412164
2147483648
1071820345
1610612736
1070208357
2147483648
1071636053
1073741824
1071342348
0
1072123614
0
1071567431
2147483648
1070022201
2147483648
1072476226
3758096384
1071253805
1073741824
1069751167
2147483648
1072206931
3758096384
1071752520
0
1072169998
1610612736
1071814577
0
1072508348
1610612736
1070728297
1073741824
1071998237
1073741824
1071003311
1073741824
1071348947
3221225472
1070834520
2147483648
1072164749
3221225472
1070631961
1073741824
1072415819
3758096384
1071700559
1610612736
1068917501
0
1067821844
0
1072219257
1610612736
1071009448
2147483648
1072299090
2684354560
1071709894
3221225472
1071057975
1073741824
1069286952
0
1072204150
3221225472
1071918146
536870912
1069918840
0
1071444445
3221225472
1071461100
1073741824
1072693247
2684354560
72
