Uvec
2226355706
1070131530
0
1070244563
2147483648
1071300033
1073741824
1072687216
1073741824
1069853464
2147483648
1071537864
2147483648
1069798601
0
1070125971
2147483648
1072183830
2684354560
1071019074
3221225472
1071782815
536870912
1072239858
2147483648
1070142976
2147483648
1071665032
1610612736
1071745951
1073741824
1072118442
536870912
1069515120
0
1071178007
1073741824
1069607421
0
1069753611
0
1072440868
3221225472
1070374979
0
1070713133
2147483648
1072437878
1610612736
1068713629
0
1072349429
0
1072673501
2684354560
1071286987
3221225472
1071812515
536870912
1069307501
0
1071595890
0
1070984979
1073741824
1072367401
2147483648
1071195330
3221225472
1070253313
2147483648
1067807672
0
1070588766
0
1070418594
2147483648
1072075457
2684354560
1070763395
0
1072568592
3221225472
1071160036
3221225472
1068585498
0
1071746267
0
1072321325
536870912
1072606592
2147483648
1070430757
0
1071330886
2147483648
1067740300
0
1070000231
2147483648
1072123184
3221225472
1071627847
0
1071754522
0
1068968877
0
1071984599
3221225472
1070980769
3221225472
1071884942
0
1071371378
1073741824
1071208741
0
1071871167
3758096384
1072060750
2684354560
1070744326
3221225472
1071236827
3221225472
1072410984
1073741824
1072160696
536870912
1068424728
0
1071834395
3221225472
1072403088
0
1071953992
536870912
1072654896
3758096384
1072555120
3221225472
1072599355
0
1069463758
0
1071992658
2147483648
1071762777
3221225472
1072190386
3758096384
1065590664
0
1070756310
1073741824
1071965983
0
1071719874
2147483648
1072445054
1610612736
1072333916
0
1069891010
2147483648
1072589707
3221225472
1069918904
0
1071879517
536870912
1072575126
3221225472
1071731578
3221225472
1071838338
0
1071340237
3221225472
1072202780
2147483648
1070910550
2147483648
1072687834
536870912
1072351104
2684354560
1072321029
1610612736
1070742707
3221225472
1070274397
0
1070446443
2147483648
1071461100
1073741824
1072693247
2684354560
14
