Uvec
2226355706
1068044066
0
1070681038
3221225472
1068912352
0
1071292940
2147483648
1070914851
2147483648
1071833585
3221225472
1072360607
2147483648
1071694518
3221225472
1069988097
2147483648
1070286961
0
1070691664
3221225472
1071286759
2147483648
1071433547
3221225472
1069819241
0
1071895196
536870912
1072506218
2147483648
1072611765
3221225472
1071742102
3758096384
1071032811
0
1071181443
3221225472
1068517780
0
1072454978
2684354560
1072255260
1610612736
1070178161
0
1069983833
2147483648
1070140647
0
1072232894
1610612736
1072367473
2684354560
1072250866
2147483648
1071731289
2147483648
1071781930
3758096384
1072352054
3758096384
1071427560
3221225472
1070752068
3221225472
1071896673
0
1072152863
3758096384
1070644153
1073741824
1071946844
0
1070569940
0
1071924287
536870912
1070688233
1073741824
1071980868
3221225472
1071312689
0
1069792052
0
1072133635
3221225472
1069974961
0
1072097053
0
1072654007
2147483648
1071778210
3221225472
1068941040
0
1072287391
2147483648
1069613865
0
1072305667
1610612736
1072218999
3758096384
1072515602
3758096384
1072473527
3221225472
1067929642
0
1072109458
536870912
1071703748
0
1071180224
1073741824
1068771595
0
1070845768
0
1068684837
0
1072390752
1073741824
1065724048
0
1072614737
0
1071162128
2147483648
1072237438
536870912
1071764225
2684354560
1072175520
1610612736
1072294571
536870912
1068943892
0
1071930134
536870912
1072293421
1610612736
1070654213
2147483648
1071824745
3221225472
1071255920
0
1071894070
2684354560
1070597332
2147483648
1072544181
1073741824
1072391611
3221225472
1072232865
1073741824
1070754744
2147483648
1072060380
536870912
1071446146
2147483648
1071061383
1073741824
1071157342
3221225472
1071728961
1610612736
1072136432
2684354560
1071713479
3758096384
1071758724
3221225472
1072490057
3221225472
1071397203
3221225472
1071879930
3758096384
1067975610
0
1071789600
536870912
1070691175
0
1070918576
3221225472
1071461100
1073741824
1072693247
2684354560
0
