Uvec
2226355706
1071859056
3758096384
1067117012
0
1072277012
1610612736
1072031812
3221225472
1072528206
1073741824
1072655563
2147483648
1068794013
0
1072177370
3758096384
1072448545
1610612736
1071255911
1073741824
1070182916
0
1072258106
2684354560
1070729784
2147483648
1070027592
0
1071840482
0
1067591532
0
1069816417
0
1071903953
536870912
1070834209
3221225472
1067481422
0
1069678232
0
1069832903
0
1069994525
0
1072185589
2684354560
1072329237
1610612736
1072494381
2147483648
1072141252
0
1072393359
1610612736
1071201653
0
1069755307
2147483648
1070005641
2147483648
1067863110
0
1072255426
3221225472
1071367392
2147483648
1072487928
1610612736
1071920611
2684354560
1072116815
3758096384
1072617946
2684354560
1072308597
3758096384
1072534131
1073741824
1072499112
1610612736
1072640857
1610612736
1067135532
0
1072514728
536870912
1069581273
0
1072179805
536870912
1070799589
3221225472
1071091228
2147483648
1070584103
2147483648
1070757279
0
1072565750
1610612736
1071782849
2147483648
1069241931
0
1070793274
3221225472
1071923453
2147483648
1072549624
1073741824
1069562121
0
1066610212
0
1071849296
2684354560
1071819606
536870912
1071877802
1610612736
1070806726
0
1072201957
2684354560
1069834991
0
1072103770
1073741824
1072359234
3221225472
1067977220
0
1071594358
1073741824
1069563605
2147483648
1069430452
0
1072053673
536870912
1072145614
2684354560
1072390212
1073741824
1072102643
3758096384
1071006201
2147483648
1070256959
2147483648
1071972588
1073741824
1071858711
1073741824
1072201461
2147483648
1071070406
3221225472
1072023948
3758096384
1070797913
1073741824
1070107989
0
1071914098
1073741824
1070554816
0
1072216974
2684354560
1071286252
3221225472
1071199996
2147483648
1071814196
1610612736
1072393661
2684354560
1070711230
3221225472
1071445614
0
1072056549
2684354560
1070585790
0
1071822543
1610612736
1071658698
1610612736
1072069018
1610612736
1069236959
0
1071461100
1073741824
1072693247
2684354560
57
