Uvec
2226355706
1071953577
1610612736
1072633704
536870912
1072672880
2684354560
1072426041
2147483648
1071528547
3221225472
1070730893
0
1071984030
536870912
1071972911
0
1072519022
3758096384
1071270952
1073741824
1071185932
0
1072113166
3221225472
1071392283
1073741824
1072361048
2147483648
1070548889
2147483648
1070794195
3221225472
1071408928
3221225472
1070894911
3221225472
1071591336
1073741824
1069570786
0
1068554372
0
1071727791
0
1069927217
2147483648
1071852571
0
1071739699
0
1071952756
1610612736
1072562780
3221225472
1072168147
0
1071408849
0
1070728816
2147483648
1072231916
3221225472
1071797222
1073741824
1071498962
3221225472
1071719074
1073741824
1072269089
2684354560
1070709654
2147483648
1068682577
0
1071675852
536870912
1072664693
3221225472
1072555153
3758096384
1071959993
3221225472
1072430919
1073741824
1065785056
0
1071677754
0
1070879517
1073741824
1072332063
3221225472
1072179837
1610612736
1071638365
0
1070442539
2147483648
1072095924
1073741824
1072493373
2684354560
1065662408
0
1072186146
536870912
1071180555
2147483648
1071156606
2147483648
1070987292
3221225472
1072562921
0
1072051390
3221225472
1071735535
2147483648
1071666465
1610612736
1070082333
0
1069862744
2147483648
1071517364
2147483648
1070819339
1073741824
1070934553
1073741824
1069810640
0
1072295331
1073741824
1070052353
0
1072048535
2147483648
1070098918
2147483648
1070681814
2147483648
1066601600
0
1069596959
2147483648
1072165097
2684354560
1069808017
0
1071704299
3758096384
1072596234
1610612736
1071109616
2147483648
1070961252
1073741824
1070724022
2147483648
1071762946
3221225472
1070182563
2147483648
1068818884
0
1071261102
3221225472
1070712145
0
1068083832
0
1070456582
0
1071226540
2147483648
1070837331
2147483648
1072407990
2684354560
1072675893
3758096384
1072033827
2684354560
1072140592
2147483648
1070748776
0
1071286648
3221225472
1072349651
0
1071671098
3221225472
1070950153
1073741824
1071461100
1073741824
1072693247
2684354560
14
