Uvec
2226355706
1071292769
1073741824
1070578100
0
1072240346
3758096384
1069467414
0
1071696517
2147483648
1071797435
2147483648
1071771326
2147483648
1071355918
1073741824
1072096386
2684354560
1071714491
2147483648
1072057444
3758096384
1072518956
2147483648
1068865636
0
1072113471
3221225472
1071378738
2147483648
1071005720
1073741824
1070781652
2147483648
1069839061
0
1072292086
536870912
1070847445
3221225472
1072457225
0
1072090304
2147483648
1071825350
1610612736
1069164349
0
1071171083
2147483648
1072645042
1610612736
1071399866
1073741824
1071249936
1073741824
1072512483
3758096384
1070673592
2147483648
1069956812
0
1068559913
0
1069280165
0
1072141101
3221225472
1071658057
3221225472
1071983230
1073741824
1072106289
2147483648
1071744450
1610612736
1071228900
3221225472
1071257639
2147483648
1071745530
536870912
1071652646
3758096384
1071931594
3758096384
1070775968
1073741824
1072541724
3221225472
1070943433
2147483648
1071758552
0
1071999043
3221225472
1065944600
0
1067243496
0
1071413984
1073741824
1072572824
536870912
1071765024
1073741824
1070987972
0
1070693928
2147483648
1072618627
1610612736
1072081315
0
1070389100
0
1071859436
1610612736
1070129838
2147483648
1072499175
1073741824
1067501240
0
1070629469
2147483648
1072449614
2684354560
1071308519
1073741824
1072233164
1610612736
1071040749
2147483648
1069779980
2147483648
1071844442
0
1071233598
2147483648
1070729218
0
1070735009
0
1069796271
2147483648
1071395439
0
1071665835
2147483648
1071222610
0
1071101444
1073741824
1071404292
3221225472
1071828344
3758096384
1072032779
3221225472
1069696168
2147483648
1070739916
3221225472
1071983758
2684354560
1072198914
2147483648
1068598571
0
1071646793
3221225472
1071077442
0
1071905319
1610612736
1071764878
2684354560
1071116338
3221225472
1069294706
0
1072003866
2147483648
1072033222
2684354560
1068985612
0
1071440739
3221225472
1069661861
0
1070840653
2147483648
1071525567
3221225472
1071461100
1073741824
1072693247
2684354560
89
