Uvec
2226355706
1070628431
0
1071150097
0
1072169892
2147483648
1072245522
2147483648
1071258676
3221225472
1071405025
2147483648
1071248480
2147483648
1067858454
0
1071670223
2147483648
1068811844
0
1071886520
536870912
1071976926
536870912
1072551684
3758096384
1070653664
3221225472
1072094070
536870912
1072218304
536870912
1071458016
2147483648
1069409663
0
1070583912
0
1071885116
536870912
1071854781
536870912
1072656133
3221225472
1071389627
0
1071156973
0
1071589238
2147483648
1070845341
2147483648
1071840140
2684354560
1071753083
1610612736
1070925378
1073741824
1070739134
3221225472
1068548480
0
1068857534
0
1071971653
0
1071728294
3221225472
1071674387
0
1072322132
3221225472
1071756361
1073741824
1069878389
2147483648
1071837710
536870912
1071731430
0
1069548674
2147483648
1068786170
0
1071790584
536870912
1070536117
0
1072518898
3221225472
1072518559
2684354560
1072436923
536870912
1072640670
0
1071397409
1073741824
1071130636
1073741824
1071630380
0
1070084370
0
1072594759
3221225472
1072567892
2684354560
1068691784
0
1072606927
3221225472
1071312675
3221225472
1071318640
2147483648
1071493139
1073741824
1070578079
2147483648
1071006063
2147483648
1070834965
1073741824
1066052032
0
1070900272
1073741824
1070667971
2147483648
1072584803
2684354560
1072135709
3758096384
1072482866
536870912
1072210933
3221225472
1071773825
1610612736
1069586511
2147483648
1070782751
0
1070380800
2147483648
1072056910
1073741824
1071216596
2147483648
1072500314
536870912
1069920472
2147483648
1072236268
2147483648
1071909221
2684354560
1072191317
536870912
1067838420
0
1071925974
3758096384
1071107290
1073741824
1071750821
0
1069034972
0
1072447152
536870912
1071969703
3758096384
1070056386
2147483648
1072244869
2684354560
1072102415
3221225472
1071367867
0
1068268082
0
1064830400
0
1068928397
0
1070106486
2147483648
1072472897
2684354560
1072315548
1073741824
1072340337
3758096384
1071461100
1073741824
1072693247
2684354560
22
