Uvec
2226355706
1069080468
0
1071389249
3221225472
1071474991
2147483648
1072424337
536870912
1072045035
3221225472
1070444628
2147483648
1072088205
1610612736
1071708077
2684354560
1071090789
3221225472
1069092313
0
1072303374
0
1067248896
0
1071679285
3758096384
1071142294
2147483648
1072153228
536870912
1071971108
0
1067846928
0
1072456039
2684354560
1070454858
2147483648
1072327496
1610612736
1071740409
3221225472
1072318863
0
1072189392
536870912
1069708831
0
1072141717
1073741824
1068547433
0
1071596914
3221225472
1069819875
2147483648
1071232992
1073741824
1070251029
2147483648
1071796699
1610612736
1071929525
1073741824
1071679381
3221225472
1069788826
2147483648
1071461485
0
1071768846
1610612736
1067765250
0
1071294517
0
1071888408
2147483648
1072379203
0
1071983498
1610612736
1071542573
0
1071746349
1073741824
1071709115
1610612736
1069811214
0
1071453893
3221225472
1071505819
2147483648
1072283717
2147483648
1071295373
2147483648
1071319967
3221225472
1070010108
2147483648
1071590874
0
1072419540
2684354560
1071594507
1073741824
1071903798
1610612736
1071149464
3221225472
1072607585
536870912
1071596345
2147483648
1072186044
2147483648
1071934526
0
1070923829
2147483648
1068704828
0
1072427346
2147483648
1071178907
2147483648
1071984181
2684354560
1072238845
2147483648
1071614551
0
1072158981
536870912
1072240827
2147483648
1069385028
0
1068005230
0
1072300225
3221225472
1072156307
2684354560
1071824874
3221225472
1072424365
536870912
1070957207
1073741824
1067088764
0
1072415217
1073741824
1072039101
2684354560
1071715776
0
1066999644
0
1071401822
0
1070790662
0
1071770996
2147483648
1066630256
0
1071121583
2147483648
1072169918
3221225472
1071914670
2684354560
1072072281
536870912
1071765242
0
1070924974
2147483648
1068503957
0
1070898032
3221225472
1070106511
0
1071384952
1073741824
1071650783
1073741824
1072224312
3221225472
1072683705
1073741824
1071461100
1073741824
1072693247
2684354560
76
