Uvec
2226355706
1072252924
3758096384
1070580186
0
1071666227
536870912
1071280662
1073741824
1071490275
2147483648
1069790080
2147483648
1070669643
1073741824
1072033439
1610612736
1071118924
1073741824
1072282029
1610612736
1072650959
536870912
1072496316
0
1072072934
0
1070387434
0
1070795726
0
1071603237
1073741824
1072263444
536870912
1072057477
1610612736
1072330679
2684354560
1070510056
2147483648
1072585030
536870912
1068406936
0
1064038368
0
1070857268
0
1072376252
2147483648
1071959695
1073741824
1071881127
2147483648
1071108724
3221225472
1069763475
0
1072580206
3221225472
1069692336
0
1068487716
0
1071263604
1073741824
1070987171
0
1070281801
2147483648
1071197426
3221225472
1070910176
2147483648
1070074253
2147483648
1072370699
2147483648
1068569436
0
1069951097
2147483648
1072603811
1610612736
1071350768
0
1072312482
1610612736
1071735007
536870912
1071648508
2147483648
1071459289
0
1072056682
1073741824
1072167572
0
1069648889
0
1067213516
0
1072522981
2147483648
1072101826
2147483648
1069671960
0
1070973968
3221225472
1072016444
2147483648
1071798720
3758096384
1072234763
3221225472
1070696081
1073741824
1069769758
2147483648
1071320808
2147483648
1072529767
536870912
1072166810
536870912
1071469644
3221225472
1071930085
2147483648
1072689536
536870912
1071534323
3221225472
1072463407
2684354560
1072192120
0
1070721774
1073741824
1071758062
1073741824
1072044885
3221225472
1070827749
0
1070285846
0
1070171577
2147483648
1071906412
2684354560
1065450752
0
1071620816
3221225472
1072165370
1610612736
1068938544
0
1070824987
1073741824
1072585257
1073741824
1071380420
1073741824
1070286682
2147483648
1071882227
2147483648
1071421364
2147483648
1072214966
0
1071033662
2147483648
1066816880
0
1071899406
1610612736
1071079243
2147483648
1071143199
2147483648
1072256171
1073741824
1069465794
0
1072573793
3758096384
1069940811
2147483648
1070687792
0
1069979204
0
1071461100
1073741824
1072693247
2684354560
31
