Uvec
2226355706
1072031820
2684354560
1067954952
0
1071035798
1073741824
1068912766
0
1070816153
1073741824
1072204242
1073741824
1072593946
1073741824
1067678370
0
1071069380
3221225472
1072446440
3758096384
1069695964
0
1071961282
2147483648
1069838993
0
1072475820
3758096384
1071904432
3221225472
1072086162
2147483648
1069581485
0
1072521255
1610612736
1072441139
536870912
1072521777
1073741824
1069128078
0
1071760483
3758096384
1072001509
0
1071655671
536870912
1072080836
2684354560
1071928138
1610612736
1071874925
1610612736
1067583882
0
1071795587
3758096384
1070330143
2147483648
1069918809
2147483648
1071888696
1610612736
1071447311
1073741824
1072105172
0
1071442101
1073741824
1070666348
0
1071522326
2147483648
1072002521
0
1072556802
0
1071282936
2147483648
1072586960
1610612736
1070525539
2147483648
1070816053
0
1069616434
2147483648
1072579924
2147483648
1071724924
3758096384
1071831477
1610612736
1069463162
0
1072629046
3221225472
1072684832
2684354560
1072482649
0
1071835841
0
1072578742
3758096384
1067823824
0
1072306101
3758096384
1072287421
2147483648
1072317198
1610612736
1072413209
2147483648
1072377857
3758096384
1067860330
0
1072600955
3221225472
1070889119
3221225472
1071075550
2147483648
1070614896
2147483648
1071687122
536870912
1071636145
0
1067946758
0
1070347909
2147483648
1071065621
3221225472
1071972655
2147483648
1071264541
1073741824
1072056806
1073741824
1072335255
3758096384
1072313569
536870912
1071950757
0
1071993338
3758096384
1071611082
0
1072551672
1073741824
1072078047
3758096384
1071890286
1610612736
1070653107
0
1068815469
0
1072538635
2147483648
1072245253
536870912
1072413098
2684354560
1071851338
2684354560
1070526540
2147483648
1070794783
1073741824
1071197982
2147483648
1072231588
2684354560
1070682016
3221225472
1070566471
2147483648
1071865752
3758096384
1070846649
3221225472
1070182491
0
1069283296
0
1071711560
1610612736
1071916991
3758096384
1071461100
1073741824
1072693247
2684354560
93
