Uvec
2226355706
1071257517
0
1072176114
2684354560
1070697212
1073741824
1072423453
536870912
1070804940
2147483648
1072257800
3221225472
1072430347
3221225472
1071903179
3221225472
1072568196
3221225472
1068838509
0
1072511853
3221225472
1072106647
536870912
1072364610
536870912
1070934739
1073741824
1072220727
1610612736
1071095417
0
1071780502
3221225472
1069600458
0
1071962477
0
1070906439
0
1068366372
0
1071335403
0
1072506630
3758096384
1072393163
3758096384
1070739323
2147483648
1071457413
0
1071042502
3221225472
1070811197
1073741824
1070830388
2147483648
1071244497
2147483648
1071143971
1073741824
1072539492
3221225472
1070729581
0
1072335068
3758096384
1069301750
0
1067388696
0
1072516846
1073741824
1071982526
536870912
1072093305
536870912
1070676691
0
1071029686
1073741824
1072174649
3758096384
1070439830
2147483648
1071308423
3221225472
1072544419
2684354560
1071761827
2684354560
1068735386
0
1071718650
2684354560
1072337708
536870912
1072598395
3758096384
1067495380
0
1071490597
1073741824
1072531839
1610612736
1071919209
536870912
1070331065
2147483648
1068540600
0
1071720296
2684354560
1072325886
1610612736
1071496437
2147483648
1070905246
3221225472
1071303082
2147483648
1069939556
2147483648
1072603889
2147483648
1071653322
2684354560
1071382502
0
1071865526
2684354560
1072415798
1073741824
1071984307
3221225472
1071923691
2684354560
1067935488
0
1072343278
2147483648
1072256277
2147483648
1071862166
536870912
1070638949
2147483648
1072172793
1073741824
1072419670
536870912
1069265329
0
1072316903
3221225472
1072536204
3758096384
1072020660
1073741824
1070395372
2147483648
1072316053
536870912
1070537246
2147483648
1072032231
3758096384
1069620868
0
1071691607
3221225472
1070464749
2147483648
1071449447
0
1071687097
2147483648
1070410439
0
1070535224
2147483648
1072027203
2684354560
1069528047
0
1072345428
2147483648
1072394670
3758096384
1071416791
3221225472
1070645649
0
1072619805
2147483648
1071461100
1073741824
1072693247
2684354560
5
