Uvec
2226355706
1068835475
0
1065509296
0
1071052157
2147483648
1070690721
2147483648
1069052199
0
1071960857
1073741824
1071859197
0
1072089630
2684354560
1070646951
3221225472
1070193066
0
1069658548
0
1068193526
0
1070376729
2147483648
1072152243
3758096384
1072486592
1073741824
1072006955
2684354560
1072174210
1610612736
1072492981
536870912
1070206220
0
1071895715
536870912
1070797710
1073741824
1072391062
3758096384
1072481741
0
1072047201
2147483648
1071869272
2147483648
1072585873
1073741824
1071819299
2147483648
1070516040
2147483648
1070953335
1073741824
1072513942
536870912
1069981916
2147483648
1071267264
3221225472
1071675736
3758096384
1072464936
3758096384
1070902097
1073741824
1071828844
536870912
1071034210
2147483648
1072509610
536870912
1070482460
0
1071859899
536870912
1071820976
1073741824
1071524632
1073741824
1069713776
2147483648
1072491194
536870912
1071765476
2147483648
1067384028
0
1072645697
3221225472
1071810935
3758096384
1072053323
1610612736
1070113963
2147483648
1072078233
1610612736
1069009582
0
1070818844
2147483648
1071902630
3758096384
1071852085
3758096384
1072644276
3221225472
1065743888
0
1069964891
0
1071235533
0
1072114692
3758096384
1072005225
1073741824
1069009042
0
1071682798
2684354560
1070340744
2147483648
1072632258
2147483648
1071816363
0
1071826809
2684354560
1072417969
1610612736
1069235074
0
1072445850
2147483648
1071906975
2147483648
1072278918
0
1071847809
1610612736
1070848430
2147483648
1072443774
1610612736
1072673733
3758096384
1071931330
1073741824
1071687781
1610612736
1069786244
0
1072227880
3221225472
1067000280
0
1071535572
1073741824
1069793160
0
1072508408
1610612736
1071764624
536870912
1070628402
0
1072166351
1610612736
1072283181
3221225472
1070836195
3221225472
1070291049
2147483648
1072129551
3221225472
1071798244
0
1069545516
0
1072155433
2684354560
1071562642
0
1072130901
2684354560
1071443747
0
1072349518
2684354560
1071461100
1073741824
1072693247
2684354560
19
