Uvec
2226355706
1071353133
3221225472
1069765771
0
1071049075
2147483648
1071282120
2147483648
1071779110
1073741824
1072120216
2684354560
1070634841
3221225472
1072658267
3221225472
1072285393
536870912
1071800104
0
1069147232
0
1071044021
3221225472
1072683911
1073741824
1072264056
3758096384
1071884286
1073741824
1068087042
0
1070147218
2147483648
1071599838
1073741824
1072205155
3758096384
1072256068
536870912
1071927825
536870912
1072513799
2147483648
1071122756
0
1061284608
0
1072687353
1610612736
1071501017
3221225472
1072539788
2147483648
1069883248
0
1071759670
3221225472
1072046393
1073741824
1071855831
2684354560
1069164607
0
1070954318
2147483648
1072197309
536870912
1070550540
0
1072607110
3221225472
1068012946
0
1069496952
0
1072388292
1610612736
1071471844
3221225472
1071459245
2147483648
1072235477
536870912
1068619059
0
1071683062
2684354560
1068859781
0
1066868172
0
1072533944
3758096384
1072642672
1073741824
1072099310
1073741824
1072278810
1610612736
1071254482
2147483648
1071411381
2147483648
1071685704
3221225472
1069490173
0
1070823000
1073741824
1072509380
1073741824
1072334659
2684354560
1068369424
0
1072070622
1073741824
1072435474
1073741824
1071385031
1073741824
1072377049
536870912
1072004509
536870912
1070274981
0
1070576230
0
1069714465
2147483648
1071356695
3221225472
1071900463
536870912
1071412095
2147483648
1068693931
0
1071339826
2147483648
1072270485
0
1072656219
3221225472
1072386799
536870912
1072645612
2684354560
1072085324
536870912
1071060396
3221225472
1070256333
2147483648
1070619281
1073741824
1071232740
1073741824
1072248454
1073741824
1071718096
1610612736
1070442526
0
1071033872
0
1071534026
2147483648
1071765721
536870912
1071917917
536870912
1071931401
2147483648
1072684849
0
1071262365
3221225472
1072580033
2684354560
1072448010
2147483648
1071054278
0
1071969218
536870912
1071709462
0
1070219257
2147483648
1072634764
3758096384
1072257854
1073741824
1071461100
1073741824
1072693247
2684354560
69
