Uvec
2226355706
1070695735
0
1072255426
536870912
1071992024
2684354560
1072193790
1610612736
1063706560
0
1070967116
3221225472
1065534080
0
1072355179
0
1072542496
0
1072523743
1073741824
1070278867
2147483648
1070555719
2147483648
1070637077
1073741824
1072429630
2147483648
1070832501
3221225472
1071517017
3221225472
1069781920
0
1072572107
3758096384
1072661826
1610612736
1069888510
0
1069802781
2147483648
1068468446
0
1070624642
1073741824
1065638208
0
1070670813
2147483648
1072008876
2147483648
1072067411
536870912
1069996967
2147483648
1072178507
0
1072436420
2147483648
1070546849
2147483648
1067222840
0
1071818455
0
1071895231
3758096384
1072437048
1073741824
1070669157
0
1069553797
2147483648
1066664368
0
1067141352
0
1072294358
536870912
1071706606
2147483648
1070828212
3221225472
1070387472
0
1072028826
1073741824
1068634406
0
1071329238
2147483648
1071359474
3221225472
1071991392
3758096384
1072425109
0
1069646071
0
1067635546
0
1072558510
0
1070829326
0
1070354111
2147483648
1072154598
0
1072165434
3758096384
1072281708
1073741824
1071545256
0
1071319873
3221225472
1066008096
0
1072579550
3221225472
1071323790
2147483648
1071928924
2147483648
1072521769
536870912
1070765470
0
1071989150
2147483648
1072627056
1073741824
1072481216
2684354560
1072332561
1610612736
1071860442
3758096384
1071678735
0
1066625328
0
1071520761
2147483648
1072253121
536870912
1071759878
536870912
1071907780
3221225472
1071217488
3221225472
1070666599
3221225472
1071953536
2147483648
1068379606
0
1072367492
2147483648
1069200837
0
1071775319
1073741824
1070095291
0
1071632858
3221225472
1072659771
3758096384
1070851602
2147483648
1071839352
2147483648
1072332043
3758096384
1072126712
0
1071222649
1073741824
1070360649
0
1071814865
2147483648
1069793553
2147483648
1071967013
2147483648
1071841989
2684354560
1071833892
1073741824
1071774342
3221225472
1071461100
1073741824
1072693247
2684354560
76
