Uvec
2226355706
1067514568
0
1070251154
2147483648
1071430764
3221225472
1071868722
2147483648
1072064100
2147483648
1071748051
1073741824
1072454995
2684354560
1071696136
1610612736
1070152694
2147483648
1070523133
0
1072429480
0
1069885170
2147483648
1072083312
0
1070964047
3221225472
1070346824
2147483648
1071915423
536870912
1072240310
0
1072571372
3221225472
1070383956
2147483648
1067553414
0
1067271408
0
1072183928
3221225472
1071820770
1073741824
1070786236
1073741824
1071634167
3221225472
1072290062
1610612736
1071017113
1073741824
1070469976
0
1070488230
2147483648
1072344759
0
1070907958
2147483648
1071674020
2684354560
1070989769
0
1071211410
2147483648
1069675404
2147483648
1070853765
0
1071728432
3758096384
1072054430
2147483648
1071516819
0
1072016544
2147483648
1071716049
2147483648
1072151736
0
1072204610
2147483648
1071111939
3221225472
1072137252
2147483648
1071765929
3758096384
1072677703
0
1072570768
1610612736
1072103355
2684354560
1071904444
1073741824
1068505218
0
1072059972
1073741824
1071871469
2684354560
1072681657
1073741824
1068285016
0
1070625953
1073741824
1071584185
0
1072418204
0
1069025477
0
1067506056
0
1071288098
2147483648
1071915870
536870912
1069709733
2147483648
1072510057
2147483648
1071242385
2147483648
1072142262
2684354560
1071210390
2147483648
1071105794
3221225472
1072071592
536870912
1070767446
0
1071909130
1610612736
1071760368
2147483648
1069583694
0
1072489830
536870912
1070432953
2147483648
1070070066
2147483648
1071742189
3758096384
1071573255
2147483648
1072666352
536870912
1071987441
0
1070781188
2147483648
1071152059
2147483648
1071716328
3758096384
1071765658
1073741824
1071216676
1073741824
1071729373
3221225472
1071374941
1073741824
1071011301
0
1070530654
0
1071999267
536870912
1072207142
3758096384
1071131078
2147483648
1071424404
2147483648
1072362654
1610612736
1069476995
0
1071000810
0
1071693415
2147483648
1072589262
2684354560
1071461100
1073741824
1072693247
2684354560
84
