Uvec
2226355706
1072662488
2684354560
1072163811
2684354560
1070668673
3221225472
1070226188
0
1070756347
0
1069066658
0
1071652673
3758096384
1072475978
1610612736
1072045959
1610612736
1070630368
0
1071861084
2147483648
1071722399
2147483648
1069841817
0
1071732013
3758096384
1068940893
0
1070096022
0
1072369758
3221225472
1071979236
2147483648
1068181830
0
1069730119
0
1069619612
0
1069076809
0
1071306916
2147483648
1071993656
2147483648
1071682903
2684354560
1071270909
3221225472
1072198386
1610612736
1071685507
2684354560
1071877600
1610612736
1072308772
2684354560
1071353289
1073741824
1069980300
2147483648
1071675231
1610612736
1065379256
0
1070000660
2147483648
1071512986
0
1070676000
1073741824
1071664509
2684354560
1067479348
0
1060498432
0
1072370831
536870912
1070713115
1073741824
1067293992
0
1071755114
536870912
1069664351
0
1072282943
1073741824
1070509721
0
1071813204
0
1067931686
0
1071120101
3221225472
1071731519
536870912
1072393519
1610612736
1071902945
2147483648
1071009892
0
1072039176
0
1071648092
0
1072118353
3758096384
1070018531
2147483648
1072210493
1073741824
1071500853
1073741824
1068910662
0
1071243726
1073741824
1070451791
2147483648
1072538648
1073741824
1071080967
0
1071723229
1610612736
1072394044
0
1071037525
2147483648
1071666582
3758096384
1068791985
0
1071718515
1073741824
1067990200
0
1072678572
3758096384
1066517308
0
1070570399
2147483648
1069757699
2147483648
1072438303
3221225472
1072242836
2147483648
1071625436
1073741824
1070951617
3221225472
1072320519
536870912
1069554974
0
1072590485
1073741824
1069576281
0
1072548323
1073741824
1067871510
0
1072043429
536870912
1072536287
536870912
1070877181
3221225472
1070439130
2147483648
1071127196
0
1072587099
1610612736
1071090057
3221225472
1068257402
0
1071906959
1073741824
1071112860
2147483648
1072157184
2147483648
1072366558
3758096384
1071461100
1073741824
1072693247
2684354560
89
