Uvec
2226355706
1072337201
536870912
1071977417
0
1072524870
3221225472
1070708771
0
1069358967
0
1072207614
536870912
1071224621
1073741824
1071081596
0
1070776728
0
1072464132
536870912
1072460543
1610612736
1068787088
0
1071658197
2147483648
1071655494
3758096384
1072493378
3758096384
1072595418
3221225472
1067495088
0
1067868856
0
1068526414
0
1070707546
3221225472
1071293286
2147483648
1071695818
2147483648
1072428829
2684354560
1070423536
0
1072423836
2684354560
1070698826
2147483648
1072219048
1073741824
1070968204
0
1067648402
0
1072307489
2684354560
1066317920
0
1072595921
3758096384
1072042349
1610612736
1070148715
2147483648
1072440989
0
1072156658
1073741824
1070927577
3221225472
1072384400
536870912
1072460363
2684354560
1072472506
3221225472
1072565657
3758096384
1067117268
0
1071118935
3221225472
1072173863
2147483648
1068828648
0
1072287853
536870912
1072689755
3758096384
1071249844
0
1070935907
2147483648
1072639553
2684354560
1071438108
0
1072581091
0
1070359032
2147483648
1069947207
2147483648
1072219692
2684354560
1071619837
1073741824
1071075749
3221225472
1072253490
2684354560
1068645740
0
1072368232
536870912
1070364124
0
1072333922
0
1068396086
0
1072390622
3221225472
1072474984
3221225472
1069691572
2147483648
1071237046
3221225472
1072060249
536870912
1070275035
0
1072281680
1610612736
1071045372
0
1071725745
2684354560
1072319548
1073741824
1068719074
0
1067894872
0
1070506848
0
1065739920
0
1071200070
0
1070874905
1073741824
1066681760
0
1068149570
0
1071702524
2147483648
1072308902
2147483648
1071481065
3221225472
1070891950
1073741824
1072624587
3758096384
1071344016
1073741824
1072048052
2147483648
1070680590
1073741824
1071899479
0
1071214533
2147483648
1071672295
0
1069563838
0
1066570012
0
1069582481
2147483648
1071055310
0
1065357176
0
1072510762
0
1071461100
1073741824
1072693247
2684354560
10
