Uvec
2226355706
1070967786
2147483648
1070395480
2147483648
1068019462
0
1069958358
0
1067600506
0
1070672062
3221225472
1069395951
0
1072432303
3221225472
1070985836
2147483648
1070606229
3221225472
1072520597
536870912
1072547926
1073741824
1072045087
2147483648
1072635151
3221225472
1071764332
536870912
1070911907
1073741824
1071964926
2147483648
1071858058
3758096384
1069562856
2147483648
1072598498
1073741824
1071567712
0
1072621697
1073741824
1071856171
1073741824
1071595566
3221225472
1072297947
0
1072417254
2684354560
1071578155
0
1072065955
2684354560
1070182342
2147483648
1069273382
0
1072364333
3221225472
1071829773
1610612736
1070587099
0
1070640095
0
1068241662
0
1072049791
3221225472
1064752464
0
1072355175
3221225472
1072126366
2684354560
1071678876
2684354560
1071631804
3221225472
1068138038
0
1072012904
2684354560
1072660320
3221225472
1071597362
3221225472
1072440637
1073741824
1071827011
3221225472
1072334335
2147483648
1069560634
0
1072008566
2147483648
1071628626
1073741824
1070173480
0
1072663822
2684354560
1071583232
3221225472
1070795144
3221225472
1072439303
1073741824
1070269797
0
1071031849
1073741824
1070576818
0
1071721161
1073741824
1066687448
0
1072655488
2684354560
1072468904
1610612736
1072505300
3221225472
1072684022
1610612736
1067961862
0
1072595708
3758096384
1070004942
2147483648
1072043177
536870912
1071851371
3221225472
1070810190
2147483648
1072505394
3758096384
1067567690
0
1072501185
3758096384
1072376805
536870912
1069790227
0
1066246000
0
1072172669
536870912
1072501102
3758096384
1072201069
2684354560
1072536892
3758096384
1072268701
0
1071969758
3758096384
1070724637
3221225472
1072644087
536870912
1070911615
1073741824
1066661028
0
1070700000
2147483648
1071172867
0
1068037844
0
1070999149
1073741824
1072291184
2147483648
1069931141
0
1072438091
3758096384
1071572538
3221225472
1071904423
2147483648
1067702396
0
1072056418
1073741824
1071461100
1073741824
1072693247
2684354560
10
