Uvec
2226355706
1071149249
2147483648
1071123301
2147483648
1072358290
3758096384
1071900276
536870912
1069897495
0
1072366883
0
1070068922
2147483648
1071635327
1073741824
1069607213
0
1072127279
536870912
1069391030
0
1072636978
3221225472
1072523769
2684354560
1064281824
0
1071397544
0
1071887695
3221225472
1072397807
3221225472
1072219460
536870912
1069649989
0
1071790123
2147483648
1072211660
2147483648
1072576214
2684354560
1070930158
0
1072580132
2147483648
1072601816
1610612736
1072159500
0
1071565457
0
1072127140
0
1062387648
0
1072667260
3221225472
1067616032
0
1071946768
2147483648
1071274866
0
1069417396
0
1071170825
3221225472
1072649734
0
1070866751
0
1070785878
2147483648
1066671812
0
1072139836
3758096384
1067634140
0
1070209275
2147483648
1071303615
2147483648
1071558616
1073741824
1072169070
1073741824
1072086225
0
1069777510
2147483648
1061639552
0
1071804077
3758096384
1071377290
0
1072161855
2147483648
1071894388
3221225472
1070674715
0
1072207027
3221225472
1070667697
3221225472
1071872551
3221225472
1072226751
1610612736
1070728473
0
1072179902
0
1070001451
2147483648
1071593881
2147483648
1070844654
2147483648
1070012110
0
1072341594
0
1072458941
536870912
1072496630
3221225472
1061448576
0
1069165774
0
1071571585
3221225472
1072311436
1610612736
1072282235
1073741824
1071669513
0
1072603487
2147483648
1070945351
0
1070340088
0
1069257669
0
1067249576
0
1071959312
1073741824
1070696796
3221225472
1070503093
0
1071887189
2147483648
1066897828
0
1068731131
0
1072506842
1610612736
1071740684
1610612736
1069835849
0
1072516857
2147483648
1071116010
0
1070117619
0
1070809932
0
1071833823
3221225472
1069616103
2147483648
1064032992
0
1071659117
0
1071106508
3221225472
1072640648
2147483648
1071726262
0
1072506140
2147483648
1071461100
1073741824
1072693247
2684354560
56
