Uvec
2226355706
1069135836
0
1071610751
1073741824
1072102737
0
1072265889
1610612736
1071172169
3221225472
1072577205
0
1070013240
0
1068808067
0
1071307327
0
1069821671
2147483648
1071783984
2684354560
1071834845
1073741824
1071176901
2147483648
1072099642
536870912
1071623184
3221225472
1071476654
0
1071020516
3221225472
1072619174
1610612736
1072281363
536870912
1071081678
0
1070743431
1073741824
1072296596
3221225472
1072291042
0
1069976368
0
1071946190
1073741824
1069697420
0
1071608706
2147483648
1072272846
1073741824
1069695537
2147483648
1070702905
0
1071751833
3221225472
1072420990
1610612736
1072359084
2147483648
1072411434
2684354560
1071089506
0
1069879716
0
1072191644
2147483648
1071876889
2147483648
1071865753
3221225472
1071249260
1073741824
1071001747
1073741824
1071449164
1073741824
1072389575
3221225472
1068106968
0
1071749247
1073741824
1071706610
3758096384
1070721017
1073741824
1071859719
1073741824
1071810180
536870912
1067023996
0
1072423759
1610612736
1069883806
0
1072051103
2684354560
1071168239
1073741824
1070983803
1073741824
1068975912
0
1072619019
1610612736
1071739196
1073741824
1072605740
3758096384
1071944864
3221225472
1069758417
0
1071676868
1073741824
1070559717
0
1072224918
536870912
1070920078
2147483648
1070867044
3221225472
1061374336
0
1071017820
1073741824
1072194077
2684354560
1072491326
3221225472
1072032620
3221225472
1072333483
536870912
1070999491
1073741824
1072630461
536870912
1071058271
1073741824
1071859204
0
1070949685
3221225472
1071419344
3221225472
1070976364
2147483648
1072185480
0
1071104463
1073741824
1070886800
0
1072153437
1073741824
1072208230
2684354560
1072308998
3221225472
1072205690
3221225472
1071964985
1073741824
1072354355
536870912
1070782011
0
1071910889
2147483648
1070559525
2147483648
1071256885
2147483648
1069769599
2147483648
1072390183
1073741824
1072113201
2684354560
1072218870
0
1071102962
2147483648
1071998388
1610612736
1071461100
1073741824
1072693247
2684354560
72
