Uvec
2226355706
1070767361
0
1072227540
3221225472
1071672386
3221225472
1071959025
1073741824
1071888463
1073741824
1072176649
0
1072202954
0
1070084458
2147483648
1072449157
1610612736
1071321292
3221225472
1072534771
3221225472
1072166463
3758096384
1072394687
536870912
1071976145
0
1071368521
0
1071778803
536870912
1071400652
3221225472
1072571568
3758096384
1072682956
1610612736
1070522653
0
1072425453
3221225472
1072318384
1610612736
1070989330
2147483648
1072445533
3758096384
1072689790
2684354560
1072398306
1610612736
1071395179
0
1069508583
0
1070076587
0
1071989957
1610612736
1072144224
536870912
1072170931
1073741824
1070670817
0
1070433814
0
1072524759
2684354560
1072397703
3221225472
1072669774
3221225472
1069566534
0
1071268181
3221225472
1071645293
1610612736
1071404509
3221225472
1072269641
1610612736
1072319797
1610612736
1067512674
0
1072052953
2147483648
1072035348
0
1071737879
1073741824
1070746362
3221225472
1066264192
0
1071469095
2147483648
1071975601
1073741824
1071717755
2684354560
1071969430
2684354560
1071791589
1610612736
1069412850
0
1072683584
2147483648
1067529440
0
1069652866
2147483648
1069990863
2147483648
1071293610
2147483648
1072534317
3221225472
1070530688
0
1071916757
2147483648
1072254524
2147483648
1062526016
0
1072006592
2684354560
1072049072
536870912
1071636329
3221225472
1071763433
2684354560
1071625390
2147483648
1072556671
0
1068769599
0
1070999475
3221225472
1071645399
0
1072648410
2684354560
1072623168
2684354560
1071436035
1073741824
1070522819
2147483648
1071794632
1073741824
1072125329
3758096384
1071950440
0
1068564395
0
1071279655
3221225472
1071816288
2147483648
1071706320
3758096384
1072026218
3758096384
1072113218
3221225472
1069587159
0
1072631238
536870912
1072272853
1610612736
1069820258
0
1067653836
0
1072484341
2684354560
1070354699
0
1072159562
2684354560
1071649244
3758096384
1071887181
2684354560
1070423802
0
1071461100
1073741824
1072693247
2684354560
24
