Uvec
2226355706
1065465544
0
1072390913
1073741824
1070368683
2147483648
1071440704
0
1071813819
536870912
1072377073
2684354560
1062612928
0
1071613509
1073741824
1072355117
2684354560
1071697615
0
1072609127
2684354560
1071968739
536870912
1069866657
0
1072567692
2684354560
1071654074
2147483648
1071801062
3221225472
1072322635
3758096384
1071939023
1610612736
1072275323
536870912
1071467202
3221225472
1072545454
0
1072642715
2684354560
1071247229
0
1069143294
0
1071537774
0
1072050077
2147483648
1071414572
2147483648
1070328934
2147483648
1072070195
536870912
1068644283
0
1070009717
0
1068624494
0
1071897337
536870912
1070942565
1073741824
1072272984
0
1072444583
3221225472
1071668653
2147483648
1072358756
2147483648
1071455478
3221225472
1071450221
0
1071226902
2147483648
1070463679
0
1071910293
1073741824
1065471840
0
1071773061
2684354560
1071884679
3758096384
1071685545
2147483648
1071835879
536870912
1072268159
1610612736
1071079469
2147483648
1071923015
1610612736
1071974779
536870912
1072429325
3221225472
1071947593
2147483648
1070242533
0
1071570394
0
1071939546
0
1071643306
3221225472
1072651784
2684354560
1070818144
0
1072182641
3221225472
1072210040
1073741824
1066771048
0
1072239667
3758096384
1071656834
2147483648
1070796836
2147483648
1072178431
1610612736
1071051757
2147483648
1068406852
0
1071901763
2147483648
1071923823
3758096384
1070166198
0
1069498352
0
1071725751
2684354560
1070965105
0
1071103467
0
1072299448
2147483648
1071778294
3758096384
1072446454
3221225472
1072134210
2684354560
1072421481
3758096384
1072669590
1073741824
1071299872
3221225472
1071273869
0
1072558296
2147483648
1072658158
3758096384
1072069223
1610612736
1071158891
2147483648
1071823192
0
1069986900
2147483648
1070151659
0
1072411984
1073741824
1072099313
3221225472
1071171178
3221225472
1072371442
1073741824
1069909802
0
1071703071
0
1071335652
1073741824
1071461100
1073741824
1072693247
2684354560
58
