Uvec
2226355706
1071543931
2147483648
1070521633
0
1070250593
0
1070628865
3221225472
1072128285
536870912
1070251019
2147483648
1069493573
0
1071065487
1073741824
1069808702
2147483648
1070896904
2147483648
1072500128
536870912
1072531188
3221225472
1071571405
0
1071445515
2147483648
1071888650
0
1072149514
536870912
1070199181
2147483648
1071612652
1073741824
1072497355
3758096384
1070344173
0
1071002444
3221225472
1070673183
1073741824
1070694280
2147483648
1070184533
0
1067410140
0
1071647779
3221225472
1072426666
2147483648
1071781322
2147483648
1072442832
3221225472
1069129441
0
1067998014
0
1072007750
1073741824
1071495887
0
1072444241
536870912
1072396950
2147483648
1068840483
0
1069574167
0
1070090983
2147483648
1072366702
2147483648
1071327407
3221225472
1070642534
2147483648
1072352353
536870912
1067574094
0
1071434404
1073741824
1068428298
0
1072621158
2684354560
1071938728
1610612736
1071814440
1610612736
1071375449
1073741824
1072576613
3758096384
1071620103
0
1071999255
1073741824
1072049028
0
1069684129
2147483648
1071323160
1073741824
1070541964
2147483648
1071040249
2147483648
1072337446
536870912
1071757506
536870912
1069215315
0
1072489692
3758096384
1069983873
0
1070455869
0
1072631295
2147483648
1070881793
3221225472
1071129998
3221225472
1070831284
2147483648
1068882649
0
1071075144
1073741824
1072436776
1610612736
1067003196
0
1071858872
3221225472
1072385144
536870912
1071686905
3758096384
1065139008
0
1072446132
1073741824
1072388013
3758096384
1070086726
2147483648
1070627558
2147483648
1072007575
3221225472
1072663604
0
1071738471
2684354560
1068994658
0
1069752645
0
1072517777
1610612736
1070290896
2147483648
1072143847
0
1071659931
0
1071862276
536870912
1070830150
2147483648
1072661277
1610612736
1071915317
3221225472
1072447582
2147483648
1066621804
0
1072250463
3758096384
1072548065
2684354560
1070107450
0
1072292748
1073741824
1071461100
1073741824
1072693247
2684354560
68
