Uvec
2226355706
1072555926
2147483648
1072294603
536870912
1067089176
0
1071904903
2684354560
1072634039
0
1071951831
536870912
1071930943
536870912
1072013126
3758096384
1072572975
3758096384
1072283954
1610612736
1072598942
1610612736
1072147706
0
1071400284
1073741824
1071195521
0
1069090405
0
1072096967
3758096384
1067704352
0
1072207441
0
1072345455
2684354560
1069064841
0
1070101137
2147483648
1064399744
0
1068556347
0
1065502176
0
1072322249
536870912
1072647183
2684354560
1069108844
0
1070694366
3221225472
1071704347
2684354560
1072213356
2684354560
1072418457
536870912
1071259665
0
1070127728
0
1072346932
2147483648
1062845568
0
1072133862
2684354560
1072186056
2684354560
1071127847
0
1071755903
536870912
1071097093
0
1071272052
2147483648
1071324163
1073741824
1071214160
2147483648
1072408864
2147483648
1072464577
536870912
1072105017
3758096384
1069874635
2147483648
1069866928
2147483648
1071444030
2147483648
1071685040
1610612736
1072167601
1073741824
1072669747
2147483648
1070014091
2147483648
1070780769
2147483648
1071322364
2147483648
1071995748
2684354560
1071772183
0
1071030416
3221225472
1072634040
2684354560
1072382615
2684354560
1070686813
1073741824
1069142878
0
1072319648
2147483648
1072091824
1073741824
1070231883
0
1071625538
3221225472
1071696824
1610612736
1071216777
3221225472
1072338293
1073741824
1072192547
536870912
1072187784
1073741824
1071514343
2147483648
1072080532
536870912
1070865843
0
1069884820
0
1070521558
0
1070623377
2147483648
1072685000
2147483648
1069974374
0
1072438835
1610612736
1071973496
1610612736
1070313432
2147483648
1070946709
3221225472
1072129488
0
1072587441
2684354560
1070067645
2147483648
1067876062
0
1071674528
2684354560
1071263780
0
1072331667
3221225472
1071407885
2147483648
1072126887
2147483648
1071687859
2684354560
1072248505
536870912
1072008940
1610612736
1071567309
2147483648
1071749920
536870912
1071804177
3758096384
1071461100
1073741824
1072693247
2684354560
42
