Uvec
2226355706
1069040111
0
1070329987
2147483648
1072675735
536870912
1072635225
1073741824
1071244230
1073741824
1071766081
1610612736
1072228841
536870912
1072259141
1610612736
1071145900
2147483648
1070692273
3221225472
1071664787
536870912
1070783072
3221225472
1071478360
1073741824
1071063557
2147483648
1072631851
0
1072234553
0
1070597637
3221225472
1072602340
3221225472
1071899265
2684354560
1071859704
2147483648
1070087147
2147483648
1066538560
0
1072409238
2147483648
1072287325
2684354560
1071722025
2147483648
1072497596
1610612736
1069709230
0
1071636418
3221225472
1072105226
536870912
1072120171
3758096384
1070496096
0
1072063754
536870912
1071927795
536870912
1072348476
3758096384
1071672639
536870912
1072183605
3221225472
1072163959
536870912
1072653463
2147483648
1070648021
3221225472
1071803660
536870912
1069160618
0
1072154323
3758096384
1071110788
3221225472
1071225911
3221225472
1070242095
0
1072485829
2147483648
1072267173
536870912
1070007672
0
1071205311
1073741824
1071345092
1073741824
1070336115
0
1068645247
0
1070721183
2147483648
1065224624
0
1070722568
3221225472
1071239589
0
1071783925
0
1072373853
3758096384
1066934364
0
1072016642
1610612736
1072087664
1073741824
1070749227
3221225472
1070568281
2147483648
1072083183
3758096384
1070856990
1073741824
1071018549
0
1069954119
2147483648
1072244358
2684354560
1071941675
3221225472
1071267070
2147483648
1069390188
0
1072498172
2147483648
1071682140
3758096384
1071802096
1073741824
1072280672
1610612736
1070942541
3221225472
1072350817
3221225472
1072086856
3221225472
1072630891
2684354560
1071564587
0
1069933693
0
1072114171
536870912
1071656409
3221225472
1068841180
0
1072262541
1073741824
1071706530
536870912
1071816309
2147483648
1072521757
3221225472
1071640079
3221225472
1071407607
2147483648
1068722618
0
1071189762
2147483648
1072280397
2147483648
1070763381
2147483648
1066631452
0
1072217503
1073741824
1069228187
0
1071172713
3221225472
1071461100
1073741824
1072693247
2684354560
26
