Uvec
2226355706
1071070999
1073741824
1070164101
0
1072341863
0
1072485717
2147483648
1071608736
3221225472
1071034309
2147483648
1072164451
1610612736
1072210092
1610612736
1068107066
0
1072522014
2684354560
1069460036
0
1071737466
3221225472
1072547797
536870912
1071620629
3221225472
1071210711
0
1067782502
0
1072530740
536870912
1071938331
1610612736
1072039306
536870912
1072159486
536870912
1067304344
0
1069973620
0
1069664632
2147483648
1069847305
0
1072450049
2684354560
1071538205
1073741824
1072461174
0
1068178522
0
1071038249
2147483648
1067700424
0
1070860852
0
1071551683
3221225472
1072101439
1073741824
1072187523
1073741824
1070776863
3221225472
1072527459
3221225472
1072455448
3758096384
1071062761
3221225472
1069826814
2147483648
1066868528
0
1072519808
536870912
1072208549
1073741824
1071718715
2147483648
1071084132
3221225472
1062864960
0
1066570896
0
1070953883
1073741824
1072481404
1610612736
1071642056
1073741824
1071164772
0
1070591194
2147483648
1071642378
0
1071607517
1073741824
1070661669
2147483648
1070529225
0
1070765638
3221225472
1072500095
3758096384
1071798983
3221225472
1071691002
3758096384
1070627394
1073741824
1071949423
2684354560
1068938852
0
1071456482
2147483648
1070609995
1073741824
1070836414
0
1070323834
0
1072049210
0
1072176313
1610612736
1072323207
1073741824
1069661386
2147483648
1072073215
2147483648
1067453738
0
1070857427
0
1071009805
3221225472
1072157777
0
1071425284
2147483648
1072232422
3758096384
1070276448
2147483648
1070697173
1073741824
1072083036
2147483648
1072136481
1610612736
1068062430
0
1071759849
0
1072452348
3758096384
1072525420
2684354560
1072539330
3221225472
1071848372
3221225472
1071701885
3758096384
1070831710
1073741824
1068756959
0
1071951859
3758096384
1068710359
0
1072684038
2147483648
1072161158
3758096384
1071740671
3221225472
1072228518
3758096384
1070668707
1073741824
1071605646
1073741824
1071461100
1073741824
1072693247
2684354560
92
