Uvec
2226355706
1072291859
536870912
1071666158
3758096384
1070757772
1073741824
1069286589
0
1072357973
1610612736
1071307369
3221225472
1069441909
0
1072208058
1073741824
1072024916
2684354560
1070472173
0
1071480010
3221225472
1066324032
0
1072070051
1073741824
1072117309
0
1072359710
1073741824
1072070874
536870912
1072512110
536870912
1071199066
1073741824
1065520608
0
1071376619
1073741824
1071714953
0
1072583311
2147483648
1070524305
0
1072282737
2147483648
1066859504
0
1070984967
3221225472
1070836424
2147483648
1068294840
0
1071256101
0
1071958573
3758096384
1072240189
2684354560
1072268834
3221225472
1071438187
1073741824
1072389558
0
1072515995
2684354560
1072216353
2684354560
1072331816
2684354560
1071735068
1073741824
1072220965
1073741824
1071895193
536870912
1064855344
0
1067997832
0
1069396628
0
1071728723
2147483648
1071782820
3221225472
1067899322
0
1072492292
536870912
1072510686
2147483648
1066938148
0
1071147976
3221225472
1071061762
1073741824
1072326876
1610612736
1072322429
1610612736
1070838623
2147483648
1070186094
0
1072077802
0
1069370524
0
1071220972
0
1071443069
2147483648
1072583226
3758096384
1070481077
2147483648
1070820367
0
1072118544
3221225472
1071831149
3758096384
1069980606
2147483648
1071256188
1073741824
1072579074
1073741824
1069943001
0
1068012410
0
1069229715
0
1072398685
3758096384
1072650433
3221225472
1072509645
1610612736
1072101133
0
1071906988
2684354560
1071196127
1073741824
1071661803
2684354560
1066428856
0
1072433648
3758096384
1070399475
2147483648
1072120099
1073741824
1072669535
1610612736
1071104156
2147483648
1068284242
0
1071445746
0
1071753075
536870912
1066645036
0
1072186438
3221225472
1072107973
1073741824
1071288979
0
1070569895
2147483648
1071165422
1073741824
1072028168
2684354560
1071948673
0
1071291796
2147483648
1072000595
2147483648
1071838065
3758096384
1072148284
536870912
1071461100
1073741824
1072693247
2684354560
44
