Uvec
2226355706
1072002562
0
1072457409
536870912
1067048240
0
1072689713
2147483648
1071898467
3758096384
1068371270
0
1072641777
1073741824
1071125231
3221225472
1071957741
3221225472
1068545550
0
1070599451
1073741824
1071776377
2147483648
1069917377
2147483648
1071946811
2147483648
1070936417
0
1070938315
1073741824
1071469541
0
1069717851
2147483648
1071794929
3221225472
1071034637
0
1072335703
3221225472
1072445484
3221225472
1071732024
1073741824
1072554396
3221225472
1070539379
0
1070935039
0
1071816514
3221225472
1072345051
1073741824
1071548080
1073741824
1071458954
2147483648
1072203270
3221225472
1071565336
2147483648
1070777647
2147483648
1072105503
2684354560
1068655018
0
1072453751
3758096384
1069959895
0
1071967071
1610612736
1072625981
0
1071733613
2147483648
1071734384
1610612736
1071687514
2147483648
1070003872
0
1068331462
0
1071167310
3221225472
1068246984
0
1071041709
3221225472
1072038946
536870912
1070385964
0
1069399853
0
1071613037
2147483648
1071616250
2147483648
1070619480
0
1071954109
1073741824
1071621251
2147483648
1072518030
2147483648
1070408403
0
1071441158
0
1072071657
1610612736
1070900506
3221225472
1071835895
536870912
1071681927
0
1068004156
0
1069095362
0
1071817064
3221225472
1071806634
536870912
1069738090
0
1071938464
2684354560
1072641784
1073741824
1071476649
2147483648
1071812451
0
1072180020
536870912
1071593365
0
1071908169
0
1072353472
1610612736
1071539306
3221225472
1070422299
0
1071280470
1073741824
1071923696
0
1072053416
3221225472
1069946082
2147483648
1071936852
2684354560
1070163950
0
1071400083
2147483648
1067295568
0
1067135796
0
1072108022
1073741824
1072690275
2684354560
1071737569
536870912
1072691671
1610612736
1072508422
1073741824
1068374766
0
1068818512
0
1071738508
2684354560
1071862332
1610612736
1072545492
1073741824
1072127644
536870912
1071843168
3758096384
1071461100
1073741824
1072693247
2684354560
60
