Uvec
2226355706
1069352937
0
1071841824
3758096384
1068711897
0
1071912901
2684354560
1069445150
0
1071778555
2684354560
1070859860
2147483648
1070025214
0
1068457296
0
1072122207
2684354560
1067685048
0
1072616724
1610612736
1072565213
2147483648
1072571501
3221225472
1068146622
0
1071878801
2684354560
1071319939
2147483648
1070905165
2147483648
1071522043
2147483648
1068816696
0
1071730194
3758096384
1070490430
0
1072622382
1073741824
1072031461
2684354560
1072253463
0
1070644069
0
1069701660
2147483648
1070117936
2147483648
1071988355
3758096384
1072339435
2684354560
1070363121
0
1072674824
0
1071805096
0
1072017617
3221225472
1071565132
0
1072552718
1073741824
1072601784
2684354560
1071261472
1073741824
1071885339
2147483648
1072307220
536870912
1072359989
3221225472
1068628598
0
1071800034
0
1071933323
2147483648
1070085215
2147483648
1066437868
0
1067691686
0
1070740780
0
1071417175
3221225472
1071730287
1073741824
1072669073
1610612736
1072658417
0
1072057279
3758096384
1071720946
3221225472
1072366149
536870912
1071646175
1073741824
1071801305
0
1072387484
2684354560
1072286785
0
1071725912
536870912
1072647536
0
1069337966
0
1071998342
1610612736
1072686561
0
1072089401
0
1071491146
0
1068191446
0
1072538116
3758096384
1070926688
0
1071395821
1073741824
1066652012
0
1072591945
3758096384
1068772599
0
1071890247
1073741824
1070663720
3221225472
1070604491
0
1069444876
0
1070131120
0
1070632035
2147483648
1066662644
0
1070517040
2147483648
1072180503
2147483648
1071680676
1073741824
1069023150
0
1072437045
536870912
1072384458
536870912
1071906292
2684354560
1071940636
2684354560
1070694719
2147483648
1071695738
3758096384
1071349319
1073741824
1067645968
0
1072015726
2684354560
1072420977
2684354560
1069817386
2147483648
1071300658
0
1072108935
536870912
1072509289
3758096384
1071461100
1073741824
1072693247
2684354560
24
