Uvec
2226355706
1072340888
2684354560
1072386519
2684354560
1072121957
1610612736
1072122175
2684354560
1072396882
536870912
1069559012
0
1072084210
536870912
1071188410
2147483648
1071323557
3221225472
1068549767
0
1069914355
2147483648
1072186784
1610612736
1071343310
0
1072141280
3758096384
1072091104
1610612736
1071111371
0
1070719900
2147483648
1070700057
1073741824
1071617506
3221225472
1072335904
2147483648
1071695270
2147483648
1072405504
3221225472
1072363206
2684354560
1064997536
0
1068667560
0
1069416213
0
1069936118
0
1070730522
1073741824
1071192173
2147483648
1071823371
1610612736
1072462293
1610612736
1070514942
2147483648
1072329553
1073741824
1072068821
2684354560
1066982208
0
1072065399
2147483648
1072598750
2147483648
1070111535
0
1071650452
3221225472
1072053851
1073741824
1072629272
1610612736
1072682137
3221225472
1069653330
2147483648
1072246377
3221225472
1070632765
0
1070015069
0
1072340592
1610612736
1072641669
1073741824
1072201595
3758096384
1070259282
0
1071013657
3221225472
1071718379
2684354560
1070116858
0
1067880540
0
1072518046
1610612736
1068878253
0
1072088652
1073741824
1072068140
3221225472
1072448899
3758096384
1072345424
1073741824
1071816050
3221225472
1072292614
2147483648
1062019584
0
1072067073
0
1071869483
536870912
1072536474
2147483648
1072213093
3221225472
1069235882
0
1069709411
2147483648
1070819526
3221225472
1072425256
2684354560
1072674998
3758096384
1071651839
1073741824
1070160877
0
1072005097
0
1072412713
2684354560
1072156227
2147483648
1072011910
536870912
1072669011
3221225472
1072151145
0
1072197322
2147483648
1072402189
0
1072350758
2147483648
1071065763
0
1072505930
3221225472
1070998788
0
1072617335
2684354560
1070648214
0
1070244078
2147483648
1071759194
536870912
1072005352
2147483648
1065110640
0
1071719315
2684354560
1072555608
2147483648
1071936716
0
1072170712
2147483648
1071778164
536870912
1070845928
1073741824
1071461100
1073741824
1072693247
2684354560
45
