Uvec
2226355706
1070767722
1073741824
1072245754
536870912
1071459305
1073741824
1069952857
0
1068808376
0
1071234630
0
1068845182
0
1072303367
536870912
1070067564
0
1071197470
3221225472
1072396770
536870912
1071487732
2147483648
1070155256
0
1071966162
1610612736
1072404757
3758096384
1070607207
1073741824
1069062624
0
1072365714
3221225472
1070520571
2147483648
1068587920
0
1071712690
536870912
1071054204
3221225472
1071673308
2147483648
1072063600
0
1069199845
0
1071647582
2684354560
1070028937
2147483648
1072281378
2684354560
1068008890
0
1072098333
1073741824
1071601826
2147483648
1071028989
1073741824
1072058834
536870912
1070641631
0
1072072119
2147483648
1071278890
0
1072323265
1610612736
1066889788
0
1070672679
0
1072502285
536870912
1070187188
0
1072052381
1610612736
1072246819
1073741824
1071909814
2684354560
1071210339
3221225472
1068098484
0
1068785277
0
1072042234
3758096384
1071090895
0
1072603892
3221225472
1070365571
0
1072172185
3758096384
1070350223
2147483648
1072324505
3758096384
1071356096
0
1070445653
0
1072647365
2684354560
1072423585
536870912
1071674496
3221225472
1071228218
2147483648
1071801252
3221225472
1072276188
2147483648
1070649109
2147483648
1071944446
3758096384
1072281264
1073741824
1067478354
0
1070714393
0
1072046449
3758096384
1072426227
0
1072305494
0
1072234423
2147483648
1072408392
1610612736
1072683261
1073741824
1072064553
2684354560
1072136352
536870912
1071655105
2147483648
1072088810
3221225472
1072211014
1073741824
1070795190
1073741824
1071821571
1610612736
1071619628
0
1069239975
0
1070211171
2147483648
1070732587
3221225472
1070379881
0
1069620179
0
1071902533
2147483648
1072118053
0
1071572009
2147483648
1072479264
3221225472
1072103486
3221225472
1070617542
2147483648
1072113020
3221225472
1071289128
1073741824
1070011740
0
1072535356
536870912
1069962205
0
1071894918
1610612736
1071461100
1073741824
1072693247
2684354560
61
