Uvec
2226355706
1072437633
1073741824
1072575515
0
1070808871
2147483648
1071350712
1073741824
1070691336
0
1070748397
1073741824
1070727626
1073741824
1072036446
1610612736
1071765432
3221225472
1071401021
0
1072304449
2147483648
1068934014
0
1068642036
0
1072275163
1610612736
1072196967
536870912
1072624789
0
1071369341
3221225472
1069382574
0
1068947079
0
1072512411
0
1066259040
0
1072682644
2147483648
1068263390
0
1070864719
0
1071969625
3221225472
1072682935
0
1071378542
1073741824
1071636265
3221225472
1072320545
536870912
1070412529
0
1071853100
3221225472
1068285868
0
1072234644
3221225472
1067840734
0
1071367387
2147483648
1072630851
3221225472
1070314595
0
1067349060
0
1071974927
2147483648
1069220451
0
1070980552
0
1070674584
2147483648
1072389627
3758096384
1072484187
1610612736
1072601739
2147483648
1071510293
0
1071667593
0
1071095639
1073741824
1070947695
2147483648
1072040704
2147483648
1071272986
1073741824
1070246137
0
1072666928
0
1071946063
2684354560
1071085980
3221225472
1072063264
2147483648
1071661558
1073741824
1069098344
0
1071877345
1610612736
1071439621
3221225472
1072315797
3221225472
1071839500
2684354560
1066523260
0
1071943984
3758096384
1072119418
2147483648
1070613402
1073741824
1072551750
2147483648
1071444320
0
1066136576
0
1071871827
2684354560
1070871199
3221225472
1070942047
3221225472
1069807300
0
1069338221
0
1071005806
2147483648
1071627391
2147483648
1069993878
0
1069406602
0
1072383057
1610612736
1070566992
0
1071980787
1610612736
1071414587
2147483648
1070831745
2147483648
1072445437
0
1072317830
1610612736
1070560578
2147483648
1072242075
3221225472
1068528677
0
1071919816
1610612736
1071987471
2147483648
1071926524
2147483648
1072684710
1610612736
1071604356
0
1065667872
0
1070602824
0
1071178019
1073741824
1069678829
0
1070511600
0
1071461100
1073741824
1072693247
2684354560
47
