Uvec
2226355706
1072595106
1610612736
1072252672
3758096384
1071588205
3221225472
1070336949
0
1072074518
0
1070259514
2147483648
1071783450
1610612736
1071105375
3221225472
1071853694
3758096384
1071489863
3221225472
1072110741
2147483648
1070262806
0
1072305436
0
1069107191
0
1071184311
2147483648
1069951054
0
1070978689
3221225472
1071163052
1073741824
1071813945
536870912
1071190175
3221225472
1071079720
3221225472
1070418093
0
1071533617
2147483648
1067642974
0
1068692247
0
1071886233
0
1070738900
1073741824
1071769570
1073741824
1070380349
2147483648
1072339057
3221225472
1072017198
3758096384
1068584937
0
1072622392
3221225472
1071883281
536870912
1068219624
0
1072499829
0
1070727071
3221225472
1069667337
0
1072466553
2684354560
1070631060
3221225472
1069851727
0
1071806079
3758096384
1067549010
0
1071095549
1073741824
1070786975
1073741824
1071984706
1073741824
1070715230
0
1071758056
536870912
1071695032
1073741824
1071146677
1073741824
1072208587
1610612736
1072105243
3221225472
1070564043
0
1071902446
1073741824
1072161851
3221225472
1072129892
536870912
1068896614
0
1071790647
2147483648
1072502398
1073741824
1072412165
1610612736
1071549083
1073741824
1068484742
0
1071113593
1073741824
1070996657
0
1069203694
0
1071328451
2147483648
1070722274
2147483648
1072594694
1610612736
1071852881
536870912
1071732626
3758096384
1071655022
3758096384
1069983892
2147483648
1071402825
0
1071731807
3758096384
1071688496
2147483648
1072138599
1073741824
1072611311
1610612736
1072083542
0
1071293337
2147483648
1072135688
2684354560
1072384578
2147483648
1071270371
2147483648
1071963846
1073741824
1072271389
1610612736
1072402792
3221225472
1068611094
0
1072261403
1073741824
1072595200
1073741824
1071032702
3221225472
1071740507
536870912
1070306863
0
1063134976
0
1072564313
536870912
1072090577
3758096384
1070275672
2147483648
1071101046
2147483648
1071935493
2684354560
1070883381
0
1071461100
1073741824
1072693247
2684354560
39
