Uvec
2226355706
1071751598
3758096384
1071505635
1073741824
1071228738
3221225472
1068368954
0
1072580510
2147483648
1071425893
3221225472
1070736432
3221225472
1067504674
0
1071903137
0
1072207537
2684354560
1072582190
3758096384
1072524940
1073741824
1071684056
2684354560
1072626077
536870912
1071845817
2684354560
1071804338
536870912
1069628874
2147483648
1071905689
1073741824
1072190736
0
1070484912
0
1067482466
0
1070930169
2147483648
1072341411
3221225472
1071894241
3758096384
1071675396
1610612736
1072481941
2147483648
1071221243
3221225472
1071936882
2147483648
1072042681
536870912
1070012885
2147483648
1071211427
1073741824
1070688654
3221225472
1068687444
0
1069818329
0
1071957323
2684354560
1067307568
0
1072377171
1073741824
1072102867
1073741824
1072622476
2684354560
1072495071
2147483648
1072120552
0
1068811319
0
1072442765
1610612736
1072476029
3221225472
1072079258
2147483648
1070895059
2147483648
1072588836
2147483648
1072560944
3758096384
1072686640
0
1072010036
3221225472
1071307040
1073741824
1069656244
2147483648
1071745580
536870912
1071803443
0
1072460748
3221225472
1070864513
1073741824
1071468994
2147483648
1071396741
3221225472
1068519150
0
1072143747
3221225472
1071904119
536870912
1069223190
0
1071764388
1073741824
1067971746
0
1069268350
0
1072240700
2684354560
1071752702
536870912
1070697193
2147483648
1071403876
1073741824
1071517466
2147483648
1070233215
0
1072523051
1073741824
1069144326
0
1070351627
0
1072297359
3221225472
1070796415
2147483648
1071362751
1073741824
1071563944
0
1072220137
1610612736
1072385833
3221225472
1072567192
3758096384
1071923969
536870912
1071749804
536870912
1070961818
1073741824
1071055519
0
1070156647
0
1071056423
1073741824
1070877411
3221225472
1070819486
0
1071894635
1610612736
1070774191
0
1069678407
0
1069034443
0
1072468826
1073741824
1072220036
1610612736
1071834842
2147483648
1071640696
3221225472
1069382574
0
1071461100
1073741824
1072693247
2684354560
70
