Uvec
2226355706
1072488118
536870912
1070957792
2147483648
1071391584
1073741824
1071240880
1073741824
1071341677
2147483648
1072255685
1610612736
1071912891
3221225472
1067329512
0
1069130313
0
1071752155
1073741824
1069322526
0
1072492763
1610612736
1071504145
0
1071682643
1073741824
1071139891
1073741824
1072411371
3221225472
1069416147
0
1072460349
0
1071688554
3758096384
1070957150
0
1068876979
0
1072641235
1073741824
1065179408
0
1072592013
536870912
1070134597
2147483648
1071427251
0
1072483037
2684354560
1068967509
0
1071586224
3221225472
1071676730
1610612736
1072692333
1073741824
1072330457
3221225472
1071824822
1610612736
1072479040
1073741824
1071440752
2147483648
1072630725
3758096384
1071144490
0
1071162860
2147483648
1072481744
536870912
1068913330
0
1071320131
0
1072166799
3221225472
1065702392
0
1072360718
2147483648
1070667277
3221225472
1072201941
3221225472
1071816113
1073741824
1072292371
2147483648
1071449898
2147483648
1072119318
2147483648
1071983990
1610612736
1072061469
536870912
1071282726
2147483648
1069324471
0
1068260768
0
1071897409
3221225472
1072205427
1073741824
1072234022
536870912
1072280710
3221225472
1071467958
3221225472
1068394374
0
1070941910
2147483648
1069430476
0
1071482536
0
1072255230
2684354560
1072320349
3221225472
1072622548
2684354560
1065419896
0
1072429324
0
1069558428
0
1071814240
1610612736
1072578611
0
1066508328
0
1070918667
0
1072618955
3758096384
1072071278
0
1071495261
2147483648
1072130964
536870912
1071329516
1073741824
1069025951
0
1072199703
536870912
1072264360
1610612736
1071124618
3221225472
1070011518
2147483648
1070786210
3221225472
1072209775
1073741824
1072295807
0
1066420840
0
1072103501
536870912
1070732369
1073741824
1071718625
2147483648
1070753659
0
1070863196
0
1071142719
2147483648
1071461064
1073741824
1072278897
0
1067262460
0
1070860757
2147483648
1071461100
1073741824
1072693247
2684354560
90
