Uvec
2226355706
1067772372
0
1069169595
0
1071823908
536870912
1069141860
0
1072178001
536870912
1072569485
536870912
1071208599
3221225472
1072168048
3758096384
1072321759
0
1070705432
2147483648
1071125795
1073741824
1071640873
2147483648
1071054157
3221225472
1070595947
0
1072035318
536870912
1071798447
1610612736
1072295721
2684354560
1071549741
2147483648
1072153332
1073741824
1072033289
536870912
1071719878
2147483648
1071822527
1610612736
1072266168
1073741824
1072090815
1073741824
1065356864
0
1068814393
0
1069748684
2147483648
1070374436
2147483648
1071786651
3221225472
1069846354
0
1071400320
0
1071844308
2684354560
1068436788
0
1072431481
536870912
1061159808
0
1072311566
3758096384
1072547287
0
1070848753
3221225472
1072124309
3221225472
1071042576
2147483648
1071394146
3221225472
1064477872
0
1070894115
0
1072301829
1610612736
1070124903
0
1072091776
2147483648
1072201056
0
1072482852
2147483648
1071325610
1073741824
1071258134
2147483648
1071128962
1073741824
1069996370
2147483648
1067817276
0
1071710077
1610612736
1071869079
3758096384
1070103376
0
1072576455
1610612736
1071059101
2147483648
1072632137
1610612736
1071816658
1073741824
1070257880
0
1072502244
2684354560
1070253026
2147483648
1071205147
2147483648
1069880313
2147483648
1072036245
2684354560
1072265846
2684354560
1072153762
3221225472
1069822382
2147483648
1072283674
2684354560
1071749457
2147483648
1072641173
2147483648
1072384726
1610612736
1072420769
2147483648
1071747466
536870912
1069754167
0
1068259644
0
1072566653
3221225472
1072546135
2147483648
1072347174
2684354560
1071454356
0
1072424763
2147483648
1072176257
1610612736
1071784658
0
1072027006
3221225472
1071501535
3221225472
1072152333
1610612736
1071732191
1610612736
1072670152
3221225472
1066704824
0
1072261407
536870912
1071482797
3221225472
1070417068
0
1070165759
0
1072485450
0
1068515363
0
1070726383
3221225472
1072636558
536870912
1071461100
1073741824
1072693247
2684354560
33
