Uvec
2226355706
1072597146
3221225472
1069317156
0
1071882707
1610612736
1071052367
0
1072440614
2147483648
1071020540
0
1072143818
3221225472
1069981517
2147483648
1065414592
0
1071551341
1073741824
1072112713
2147483648
1069599419
0
1071216775
1073741824
1072629373
2147483648
1068984719
0
1071879628
3758096384
1070134319
2147483648
1071396429
2147483648
1064722768
0
1071446145
3221225472
1071504023
0
1070517534
2147483648
1072642419
2147483648
1066998080
0
1071559698
0
1069884983
2147483648
1071513131
0
1070339754
2147483648
1069665124
2147483648
1071570061
0
1071928636
3221225472
1072273452
2147483648
1072331243
1073741824
1072236904
0
1071509923
3221225472
1071378000
1073741824
1071391276
2147483648
1072290922
3758096384
1071912867
2684354560
1071073319
0
1070015124
2147483648
1070244161
0
1071321153
1073741824
1072444141
2147483648
1072091570
536870912
1070623328
0
1068651462
0
1071729666
536870912
1072183837
3221225472
1072392459
1073741824
1071752339
3758096384
1072250799
1073741824
1070627030
0
1071483201
3221225472
1071315209
2147483648
1072093360
1073741824
1071696897
1073741824
1072338359
1610612736
1071063911
2147483648
1072225440
3221225472
1072566259
1073741824
1070364067
0
1066797352
0
1071474662
2147483648
1070628868
3221225472
1072573101
2147483648
1070040051
0
1071765955
536870912
1068264320
0
1069765083
2147483648
1072494702
1073741824
1070761416
0
1071048372
1073741824
1070606279
2147483648
1071653512
1610612736
1071135907
0
1069898581
0
1071279083
2147483648
1070320792
2147483648
1072105921
3758096384
1070726736
2147483648
1072561797
536870912
1070825029
1073741824
1071242372
2147483648
1071937281
0
1072233422
536870912
1069509567
0
1071663782
2147483648
1072208576
2147483648
1071988361
2684354560
1068228438
0
1071804700
3758096384
1072123761
536870912
1072431625
1610612736
1071454806
2147483648
1068159990
0
1070113511
0
1070250903
0
1071461100
1073741824
1072693247
2684354560
39
