Uvec
2226355706
1072589892
2147483648
1071717665
1073741824
1072408743
3221225472
1072689951
536870912
1072335791
0
1072150222
0
1072444363
2147483648
1071593736
3221225472
1071948567
1073741824
1070538551
2147483648
1071644792
3758096384
1070761527
2147483648
1070651876
1073741824
1070887098
3221225472
1070372559
2147483648
1072409293
3221225472
1072455988
1610612736
1071832345
3221225472
1070296983
0
1072641849
3221225472
1071466533
1073741824
1069407870
0
1070719363
1073741824
1072092817
3758096384
1070095052
2147483648
1071921552
2147483648
1072394967
3221225472
1072572933
2684354560
1072649463
536870912
1070799142
1073741824
1071440884
1073741824
1071558392
1073741824
1069712477
2147483648
1071497138
3221225472
1072038498
536870912
1071855038
2147483648
1071542661
3221225472
1070605490
1073741824
1072639132
3758096384
1071443244
0
1072049898
3221225472
1067585388
0
1070711351
3221225472
1072505060
0
1072308014
3221225472
1071670792
0
1071762130
1073741824
1069642596
0
1070722977
2147483648
1070909546
3221225472
1070226443
2147483648
1068394378
0
1066484368
0
1071648148
1073741824
1067915670
0
1072501485
3221225472
1069687245
2147483648
1070934407
2147483648
1069913237
0
1070919267
3221225472
1071637509
3221225472
1067712996
0
1072121176
3221225472
1071809947
2147483648
1071269958
1073741824
1070887617
2147483648
1070945482
2147483648
1072181718
3221225472
1072355303
3758096384
1071572418
0
1071044291
0
1071018883
3221225472
1071845250
3758096384
1068824965
0
1071971579
3221225472
1071986181
3758096384
1072396264
2147483648
1072041990
1073741824
1071098449
2147483648
1072270353
3758096384
1071246253
0
1065754680
0
1071682676
1073741824
1060691456
0
1071751672
3758096384
1069813109
0
1072011356
536870912
1071729590
3221225472
1072328103
536870912
1071494813
0
1072194286
3758096384
1070078245
0
1072068424
0
1072165818
3221225472
1071885239
2147483648
1072527152
2684354560
1072139007
1073741824
1070948318
1073741824
1071461100
1073741824
1072693247
2684354560
42
