Uvec
2226355706
1072491959
1610612736
1069373897
0
1071700486
2684354560
1070324571
2147483648
1069090980
0
1071749994
1073741824
1071285258
1073741824
1072248477
1073741824
1072035379
2147483648
1070586729
0
1071797015
2147483648
1070717337
2147483648
1072276154
3758096384
1072624543
1073741824
1072180927
536870912
1070475660
2147483648
1072571342
3221225472
1072127401
2147483648
1071663323
2147483648
1072610353
1073741824
1069669356
2147483648
1071602116
0
1072052659
1073741824
1072066626
536870912
1071832697
3221225472
1071865517
1073741824
1070258788
0
1072335491
2684354560
1071413235
3221225472
1072088307
0
1072399930
1610612736
1069553509
2147483648
1065708080
0
1072005269
2147483648
1066963684
0
1072635123
0
1072439576
2684354560
1071839951
1610612736
1072497435
536870912
1072011606
0
1070621663
3221225472
1072285155
3758096384
1071727232
3221225472
1072415693
536870912
1072040423
2147483648
1072669116
3221225472
1071372162
1073741824
1072029899
0
1071652339
3221225472
1069987991
2147483648
1072666300
536870912
1072181361
2147483648
1070013731
2147483648
1072175139
1610612736
1071587016
1073741824
1071882412
536870912
1071497049
2147483648
1072669960
1073741824
1072163945
3758096384
1072351624
2147483648
1068856872
0
1070350715
2147483648
1072420548
3221225472
1072016341
1610612736
1072357351
1610612736
1071663643
0
1072284125
3221225472
1069120461
0
1069620548
0
1071915512
1610612736
1071862879
3758096384
1071106065
0
1072661085
3221225472
1070942488
0
1072619011
1610612736
1072616164
1073741824
1071170230
0
1070627862
0
1072160222
3221225472
1072658289
2684354560
1072479457
0
1069339103
0
1071991064
1610612736
1072000131
3758096384
1072584858
1610612736
1071742985
536870912
1070693693
3221225472
1067483230
0
1071725526
536870912
1066341000
0
1072450205
3758096384
1072477912
3758096384
1068619615
0
1071034102
0
1070927699
1073741824
1071452386
3221225472
1070105916
2147483648
1071636108
2147483648
1071461100
1073741824
1072693247
2684354560
13
