Uvec
2226355706
1071197057
3221225472
1067572406
0
1068686004
0
1069534757
0
1071968442
1610612736
1071839672
1073741824
1070085965
2147483648
1071376795
3221225472
1070322314
0
1066958080
0
1071568477
2147483648
1071402513
0
1072166139
536870912
1071950913
536870912
1071870389
0
1072007243
2684354560
1070133942
2147483648
1072100071
1610612736
1067012704
0
1072344103
1610612736
1071595321
1073741824
1070217107
2147483648
1071116998
0
1071288288
2147483648
1071216083
2147483648
1072451532
3221225472
1072112393
0
1059560960
0
1070737613
0
1072365167
536870912
1069247429
0
1068661323
0
1071947866
3758096384
1068924115
0
1071735845
1073741824
1069597418
0
1071750933
2684354560
1072232993
1073741824
1070920316
1073741824
1072559909
3758096384
1072407271
2147483648
1071357682
1073741824
1072190854
2684354560
1072535623
1610612736
1071360334
2147483648
1071891899
0
1069764200
2147483648
1072602610
536870912
1072251279
2684354560
1070873770
0
1072268292
536870912
1072667051
0
1071368409
3221225472
1069558393
0
1071466849
0
1063978464
0
1070877794
3221225472
1069074672
0
1071514722
1073741824
1071846126
2684354560
1072127025
2147483648
1070388023
2147483648
1070738680
1073741824
1071257378
3221225472
1072383306
0
1072076371
0
1072027424
2147483648
1064256800
0
1072511415
1073741824
1070978892
3221225472
1071309463
2147483648
1070407809
0
1071679004
0
1070581705
2147483648
1072510992
3221225472
1068172542
0
1071180319
0
1071859404
2147483648
1070751622
2147483648
1071078033
2147483648
1070665045
1073741824
1071431145
0
1071934481
536870912
1071722360
2147483648
1071610452
2147483648
1072138888
536870912
1067560114
0
1072444710
1610612736
1072343641
536870912
1072242247
1610612736
1070921640
3221225472
1071019216
0
1062672192
0
1065936984
0
1072440008
1073741824
1072493153
1610612736
1071340121
3221225472
1071744888
3758096384
1071461100
1073741824
1072693247
2684354560
45
