Uvec
2226355706
1064680016
0
1071035252
1073741824
1071872876
3221225472
1066006312
0
1070653024
0
1069443974
0
1070184625
2147483648
1069924811
2147483648
1072297818
2684354560
1067006180
0
1071114770
3221225472
1072312990
1610612736
1071970354
1610612736
1071308270
3221225472
1071640849
0
1071841873
536870912
1072035999
536870912
1071081185
0
1069832095
2147483648
1069923620
2147483648
1072370631
1610612736
1072029552
536870912
1071588904
1073741824
1070361056
2147483648
1072520710
3221225472
1071578718
1073741824
1070983316
0
1071359852
2147483648
1068661212
0
1070555961
2147483648
1072050182
536870912
1071150625
2147483648
1070341649
2147483648
1071163052
3221225472
1068714604
0
1072334566
2147483648
1071322774
1073741824
1072300171
1073741824
1070767844
3221225472
1072420279
536870912
1070030615
0
1071509072
1073741824
1071704342
1610612736
1071867257
536870912
1068473878
0
1072553991
1610612736
1071861456
3758096384
1072425249
1610612736
1067760798
0
1072043377
1073741824
1070361800
0
1063065664
0
1071871033
2147483648
1069833316
2147483648
1069221574
0
1072009465
0
1069890402
2147483648
1072564566
1073741824
1071824924
3221225472
1070702983
1073741824
1071672694
1610612736
1072466259
2147483648
1070937049
2147483648
1072642710
2147483648
1070489030
2147483648
1069945062
0
1069676713
2147483648
1071459422
2147483648
1071983145
0
1072487695
0
1071938272
1073741824
1071061494
1073741824
1072449798
2147483648
1072331910
2147483648
1068219396
0
1070307646
2147483648
1071787066
0
1070064269
0
1070694118
2147483648
1071775393
3758096384
1072396273
0
1066781184
0
1072260921
0
1069915947
0
1072194718
1073741824
1067709326
0
1071726092
536870912
1071916994
1073741824
1072035150
536870912
1071782533
0
1070621518
3221225472
1071951844
1073741824
1072666004
1073741824
1070316072
2147483648
1072443488
2147483648
1072520973
3758096384
1071327689
3221225472
1072416314
536870912
1071461100
1073741824
1072693247
2684354560
85
