Uvec
2226355706
1072647492
2684354560
1072520842
536870912
1067986802
0
1066834072
0
1072016898
3221225472
1071872830
536870912
1069592306
2147483648
1071706283
1073741824
1068821070
0
1068775923
0
1072524388
2684354560
1071414918
2147483648
1072003023
2147483648
1070244520
2147483648
1072525603
3758096384
1072359493
1073741824
1069659858
2147483648
1069073631
0
1070524065
0
1070036567
0
1070707406
3221225472
1070544269
2147483648
1071486204
3221225472
1068549316
0
1071022896
1073741824
1069928155
0
1071264724
0
1072090599
0
1068510121
0
1067486066
0
1072546181
3758096384
1071051096
3221225472
1071027323
3221225472
1072381347
3221225472
1071679654
3758096384
1071614951
1073741824
1069256309
0
1072620320
3221225472
1072125008
3758096384
1071827634
2147483648
1072050809
0
1072343242
1073741824
1070069572
2147483648
1070533783
0
1071499505
3221225472
1072102853
1610612736
1072415699
536870912
1072228831
3221225472
1069587777
2147483648
1071162449
2147483648
1072531466
0
1071889326
3221225472
1072498833
0
1069956841
2147483648
1071088583
0
1071521947
0
1071291350
0
1070201384
0
1071627168
2147483648
1069650584
0
1071282913
3221225472
1071032801
2147483648
1072441798
1073741824
1071945446
1610612736
1068173110
0
1070654846
2147483648
1069391925
0
1065061696
0
1068174828
0
1069952825
2147483648
1072469565
3221225472
1070201504
2147483648
1072076985
3221225472
1072587040
2684354560
1071767994
1073741824
1070266385
2147483648
1072571815
536870912
1072246864
3758096384
1071850883
536870912
1071921399
2684354560
1071434746
2147483648
1072256236
1610612736
1070577786
0
1070617487
0
1072400616
1610612736
1068984388
0
1072688731
536870912
1071420556
2147483648
1068919878
0
1072432018
1610612736
1071451778
1073741824
1070900248
0
1072412858
1610612736
1072487864
2147483648
1072358073
2147483648
1071248562
0
1072313212
3758096384
1069948846
0
1071461100
1073741824
1072693247
2684354560
51
