Uvec
2226355706
1069823065
2147483648
1071669349
0
1071948584
3758096384
1070913808
3221225472
1069425701
0
1070715681
1073741824
1072199469
536870912
1069511008
0
1072689833
2684354560
1070677178
1073741824
1069692429
2147483648
1072224806
0
1072498416
1610612736
1068593303
0
1067319640
0
1070002703
2147483648
1071035865
0
1071209932
0
1071337380
3221225472
1072557799
2147483648
1070862965
2147483648
1070328575
2147483648
1072507759
0
1072309814
1610612736
1071454380
0
1069529089
0
1071791404
0
1071476647
2147483648
1071689849
3221225472
1072352329
536870912
1072388880
3221225472
1072226307
2684354560
1072199068
2147483648
1071673095
1610612736
1071876470
3221225472
1072422980
3758096384
1069752303
0
1071697120
2684354560
1070390837
2147483648
1072098928
2147483648
1070494940
2147483648
1070639199
0
1070915288
0
1072111362
2147483648
1071978131
2147483648
1071668526
2147483648
1072633953
536870912
1072404696
2147483648
1070960627
3221225472
1072004312
0
1072518103
1073741824
1072135602
2684354560
1072300632
3758096384
1072549195
3758096384
1072451438
3221225472
1071947981
0
1069858542
0
1072090154
2147483648
1071880583
0
1069020324
0
1071856461
2147483648
1071456757
1073741824
1070889652
1073741824
1071825743
1610612736
1072688709
1610612736
1070657308
0
1072342940
0
1069913869
2147483648
1071897888
3758096384
1070806512
3221225472
1071709100
3758096384
1072265789
1610612736
1066859508
0
1068669192
0
1072105936
0
1072610730
2684354560
1071485536
2147483648
1068548149
0
1068847527
0
1070635417
2147483648
1072280376
2147483648
1072534908
0
1072357676
536870912
1072178858
3221225472
1072471534
1073741824
1071752793
2684354560
1071664338
3221225472
1070799133
2147483648
1071744451
2684354560
1071337488
2147483648
1071241034
3221225472
1071646448
1610612736
1066548060
0
1071892682
0
1069047975
0
1071967608
3221225472
1072222658
3758096384
1069962015
2147483648
1071461100
1073741824
1072693247
2684354560
19
