Uvec
2226355706
1070241475
0
1071740684
2147483648
1071648429
1610612736
1072623141
536870912
1070934924
1073741824
1070777386
1073741824
1072223499
2684354560
1070005955
0
1070941508
2147483648
1070862692
2147483648
1070853017
2147483648
1071138997
0
1071476427
3221225472
1069619319
2147483648
1072207465
2684354560
1071641999
0
1072006096
2684354560
1067869294
0
1072597102
0
1071238139
0
1070087794
2147483648
1069556680
0
1071996277
1610612736
1071990230
3758096384
1070780503
1073741824
1072494824
3221225472
1068753511
0
1071163017
3221225472
1071663529
536870912
1071539998
3221225472
1071125971
3221225472
1071120297
0
1072476579
3221225472
1071019709
2147483648
1071344475
0
1072455845
2684354560
1069134388
0
1072668477
536870912
1071023818
2147483648
1066127336
0
1070635976
1073741824
1070790437
2147483648
1071514279
1073741824
1071647173
3221225472
1072604293
3221225472
1071744887
3758096384
1072039811
3221225472
1071094354
1073741824
1072360981
0
1071208302
0
1072664530
3221225472
1072257836
1610612736
1071183075
3221225472
1071202963
2147483648
1072418928
2684354560
1070620635
2147483648
1072122213
1610612736
1070715747
2147483648
1072067048
2684354560
1069973732
0
1070983464
2147483648
1070386836
0
1070660872
2147483648
1072635025
3758096384
1068849729
0
1072443402
1073741824
1072504568
2684354560
1071077121
2147483648
1069176771
0
1071852677
536870912
1071696018
2684354560
1071688275
2684354560
1071429225
0
1072675302
0
1072547471
3221225472
1070791171
0
1070115884
0
1072356479
3758096384
1071892065
2147483648
1071674062
3758096384
1071226101
1073741824
1069684404
0
1072520808
0
1071137539
0
1072138658
3221225472
1070392463
0
1072354584
1610612736
1072324658
3221225472
1070952513
0
1072223920
1610612736
1072400177
2684354560
1072446020
1610612736
1070967428
0
1072601642
3221225472
1067737706
0
1071350052
0
1072285974
3758096384
1071696964
2684354560
1071461100
1073741824
1072693247
2684354560
15
