Uvec
2226355706
1072217057
2147483648
1071732508
0
1069859970
2147483648
1071307421
2147483648
1071890843
2684354560
1071080726
2147483648
1071143643
2147483648
1070996418
0
1069207892
0
1072541523
536870912
1068757576
0
1071920962
0
1072231622
1610612736
1072455007
3221225472
1069496705
0
1070765024
1073741824
1069808610
0
1071674058
0
1071727705
2147483648
1071360299
3221225472
1069558819
2147483648
1071016985
2147483648
1071919839
536870912
1068797622
0
1072091045
536870912
1069235333
0
1072556408
3758096384
1071866714
536870912
1070642333
3221225472
1072215223
3221225472
1072190743
3221225472
1070121105
0
1071885606
1073741824
1069995658
2147483648
1071507303
2147483648
1067915910
0
1071763754
0
1072263829
1073741824
1069811750
0
1072691376
2147483648
1071931303
1610612736
1071118904
2147483648
1071667162
536870912
1069782514
0
1070458180
2147483648
1072467325
2684354560
1071310715
2147483648
1072458184
1073741824
1069845392
2147483648
1069732013
2147483648
1072504189
1073741824
1072031550
2684354560
1069745808
2147483648
1070626751
0
1072148276
3758096384
1072441069
1610612736
1069837478
2147483648
1072096553
3758096384
1070961627
1073741824
1069156972
0
1070213795
0
1071463390
2147483648
1072232532
1610612736
1071298749
1073741824
1069919187
2147483648
1071600004
3221225472
1067887342
0
1071322334
1073741824
1071901552
1610612736
1071413449
1073741824
1072386965
1073741824
1072514808
2684354560
1069662408
0
1071177708
2147483648
1071296307
2147483648
1068933080
0
1068726123
0
1070203081
0
1068961119
0
1068762594
0
1071231289
1073741824
1070091374
2147483648
1071281339
3221225472
1071966621
2684354560
1071711307
3221225472
1072382775
1610612736
1067782506
0
1070845820
2147483648
1069975602
2147483648
1068577163
0
1072675418
1073741824
1072252555
536870912
1072043960
3221225472
1071062263
0
1068760556
0
1069910892
0
1071749297
0
1071736310
2147483648
1071461100
1073741824
1072693247
2684354560
79
