Uvec
2226355706
1071198088
1073741824
1070011752
2147483648
1071646091
1610612736
1071998016
1073741824
1071731603
1610612736
1072064417
2684354560
1067605910
0
1067523842
0
1072327700
1073741824
1071846343
2147483648
1072116671
1610612736
1072125988
2684354560
1072654806
1073741824
1072524149
3758096384
1072246812
3221225472
1072307933
536870912
1071705393
1610612736
1072531660
1073741824
1072133513
0
1071910201
2147483648
1070531973
2147483648
1069573044
2147483648
1068875737
0
1067376736
0
1071082297
2147483648
1072103160
1610612736
1068177322
0
1072317458
536870912
1071952010
2147483648
1068854855
0
1072316217
3221225472
1072085090
536870912
1072245967
0
1068531605
0
1072672295
536870912
1070148992
2147483648
1072512123
1073741824
1072469149
1073741824
1072271642
2147483648
1070217397
2147483648
1072412690
3758096384
1071772167
0
1071279812
2147483648
1070930537
2147483648
1069026693
0
1066501696
0
1069897617
0
1072482399
0
1068048034
0
1072275249
1610612736
1070619030
3221225472
1071098446
0
1071194776
1073741824
1072053692
536870912
1072579352
2684354560
1070767600
3221225472
1072045208
0
1072426942
2147483648
1069753262
0
1067755942
0
1072245065
0
1070170006
2147483648
1072106660
2147483648
1070629074
0
1072137122
3221225472
1070352681
0
1071954983
2684354560
1068696793
0
1071905368
1610612736
1070688370
2147483648
1072240628
0
1067050360
0
1070805289
3221225472
1068762758
0
1071739892
2684354560
1069184310
0
1069787955
2147483648
1071018534
0
1070870699
3221225472
1070977473
3221225472
1070944297
3221225472
1071667911
1073741824
1071120307
0
1071656068
1073741824
1071160907
0
1072557610
1073741824
1072449113
1073741824
1072090567
1073741824
1072275520
3221225472
1071788044
2147483648
1071261807
2147483648
1072214973
2147483648
1070129059
2147483648
1072076583
536870912
1072331696
2684354560
1066853328
0
1072197525
2684354560
1070735735
3221225472
1071461100
1073741824
1072693247
2684354560
0
