Uvec
2226355706
1071864812
1073741824
1071958352
3758096384
1070995345
3221225472
1072527839
2147483648
1071418666
2147483648
1072443747
2147483648
1072286697
1610612736
1072386675
2684354560
1070147515
0
1066623560
0
1070961090
3221225472
1069940706
0
1072351427
1073741824
1072263098
3758096384
1072668814
2147483648
1072257134
0
1072344453
1073741824
1072329595
1073741824
1071058218
3221225472
1070490423
2147483648
1071342440
2147483648
1070498071
0
1071766218
3221225472
1071389303
0
1072630395
1073741824
1070216633
0
1071993680
0
1070639176
2147483648
1070597384
0
1069915739
2147483648
1064431520
0
1071497514
2147483648
1070153434
2147483648
1071889580
536870912
1070956165
1073741824
1071412094
1073741824
1071807105
0
1070689318
1073741824
1070455883
2147483648
1069126559
0
1072372700
3758096384
1068888928
0
1072630898
1610612736
1070769232
3221225472
1070005384
0
1065666208
0
1071886666
3758096384
1071752199
536870912
1071138327
1073741824
1071677954
3758096384
1072344250
0
1070332524
2147483648
1071111874
3221225472
1071862903
1073741824
1070063694
0
1072282735
2147483648
1072484783
0
1070682105
0
1069569031
0
1071673000
0
1070928343
1073741824
1069978757
2147483648
1071942688
0
1072136808
536870912
1072201863
1073741824
1071972272
0
1071947354
536870912
1068677290
0
1072443087
0
1069651943
0
1071286619
1073741824
1071760003
3221225472
1067611000
0
1066831408
0
1072049596
536870912
1070104819
2147483648
1072412941
2147483648
1071241631
3221225472
1072527178
536870912
1072037649
1073741824
1071072103
1073741824
1071716130
2147483648
1071016585
1073741824
1072619270
3221225472
1070215147
0
1072363183
536870912
1071925957
1073741824
1071360284
1073741824
1070445026
2147483648
1070955402
0
1068278010
0
1071083120
1073741824
1070388839
0
1070903247
0
1068679754
0
1071886289
3221225472
1071057068
2147483648
1070184310
0
1071461100
1073741824
1072693247
2684354560
27
