Uvec
2226355706
1071830551
3758096384
1072661443
3758096384
1071900581
536870912
1070722614
0
1071325984
1073741824
1070422028
0
1069210546
0
1072659520
536870912
1069663498
0
1072507120
3221225472
1069861583
2147483648
1070691506
0
1071211496
2147483648
1071557146
3221225472
1071743480
1610612736
1071067066
2147483648
1071130185
3221225472
1069653708
2147483648
1071467893
3221225472
1070413806
0
1071877290
3221225472
1072069256
1073741824
1071664265
0
1069229612
0
1069774476
0
1070651324
0
1072635581
3758096384
1071916883
2147483648
1071986984
3221225472
1072494933
3221225472
1071440650
0
1066493220
0
1070538523
0
1071919836
1073741824
1069792662
0
1072181389
1073741824
1072144739
2684354560
1069237658
0
1071212521
3221225472
1072294847
3758096384
1072122814
1073741824
1072483319
1073741824
1070220886
2147483648
1071678989
0
1070191253
2147483648
1071964374
2147483648
1069923110
2147483648
1072105564
2684354560
1071834553
2684354560
1072602811
1610612736
1070295952
0
1071667670
1073741824
1071759864
3221225472
1072212177
2147483648
1072013888
2684354560
1068786688
0
1072024322
0
1070187252
0
1071986225
3758096384
1071155847
1073741824
1068493140
0
1071807041
0
1072673907
0
1071416713
0
1070617174
0
1071238607
2147483648
1072132404
1073741824
1071323344
2147483648
1071665119
536870912
1072626445
1610612736
1069748171
0
1071306917
0
1072676318
1610612736
1069501938
0
1071974557
3758096384
1072664181
3221225472
1071549037
3221225472
1071749439
1073741824
1065040352
0
1070739964
3221225472
1071559790
0
1072598409
3758096384
1072078820
3221225472
1068989760
0
1071154436
1073741824
1072309158
1610612736
1071717282
536870912
1072099258
0
1070094136
2147483648
1070991556
0
1071806756
1073741824
1072299785
3221225472
1072168011
1610612736
1070178613
2147483648
1071019236
3221225472
1068516803
0
1072197130
536870912
1065135216
0
1071461100
1073741824
1072693247
2684354560
25
