Uvec
2226355706
1070175861
0
1072079193
1073741824
1071715840
2147483648
1071778962
1610612736
1072333139
3221225472
1072575549
3758096384
1071886944
3221225472
1071684984
2684354560
1072667516
2684354560
1069038631
0
1071483877
2147483648
1071940806
2684354560
1070950994
1073741824
1072452634
0
1071652844
1610612736
1071868855
3221225472
1071759454
3221225472
1072290448
3221225472
1071843437
3221225472
1071676662
3221225472
1072115727
536870912
1072126717
2684354560
1072663889
536870912
1072055808
1610612736
1072201325
3221225472
1070709808
0
1071522334
1073741824
1066310168
0
1072641226
0
1070457654
0
1069624632
2147483648
1072345652
3758096384
1071745296
2147483648
1070880921
0
1070220001
0
1070451319
2147483648
1072600490
1610612736
1070537359
0
1072259166
1610612736
1072327109
2147483648
1069750526
0
1072350462
0
1071588872
1073741824
1072679305
1610612736
1069678565
2147483648
1072414803
1610612736
1071506778
1073741824
1068857923
0
1071603434
3221225472
1069982755
2147483648
1071200801
3221225472
1071493184
0
1070946380
1073741824
1072645072
2684354560
1066544044
0
1071893058
3221225472
1071520720
1073741824
1072329948
3221225472
1068213574
0
1072444548
1610612736
1070770712
2147483648
1072341667
2684354560
1069266227
0
1071048212
0
1068224096
0
1071090072
1073741824
1070038398
2147483648
1071743919
1073741824
1071933449
1610612736
1071534177
2147483648
1072054279
0
1071600700
1073741824
1072149991
536870912
1067589388
0
1071585609
0
1071495492
3221225472
1071893439
536870912
1070075394
2147483648
1072090752
3221225472
1072081668
536870912
1069153206
0
1071885183
3758096384
1071449935
1073741824
1072243758
1610612736
1070963086
3221225472
1072436719
3758096384
1071412544
3221225472
1071306936
3221225472
1072635374
2147483648
1071645070
536870912
1072275394
3758096384
1070690082
2147483648
1070403292
2147483648
1072098509
2684354560
1072251387
3221225472
1072669827
536870912
1072532566
3758096384
1070856305
1073741824
1071461100
1073741824
1072693247
2684354560
44
