Uvec
2226355706
1071972665
3221225472
1070991036
0
1069593117
0
1070255359
0
1072221479
1073741824
1071746983
2684354560
1071371052
1073741824
1072069048
2684354560
1071746005
536870912
1072446492
3758096384
1069753845
2147483648
1072383469
1073741824
1071626154
3221225472
1071185176
2147483648
1071667341
1073741824
1070018381
0
1068433956
0
1070507543
0
1066534884
0
1069965512
0
1071290103
0
1072021230
1073741824
1068886854
0
1071664429
1610612736
1070958143
0
1072550340
3758096384
1072200976
3758096384
1071754623
1073741824
1072198713
3221225472
1069236551
0
1072684387
536870912
1070962550
2147483648
1071284544
1073741824
1072093705
3758096384
1071225217
1073741824
1072218239
3221225472
1070193805
0
1071775232
1073741824
1070654990
0
1072516728
3758096384
1067307172
0
1072517466
3221225472
1071216700
3221225472
1072041839
3221225472
1072335811
0
1071792737
2684354560
1070191481
0
1070762723
1073741824
1071678310
2684354560
1070270553
0
1072096724
3758096384
1071900766
1610612736
1072342391
3758096384
1070578898
2147483648
1065893216
0
1072020908
3221225472
1071775996
2147483648
1070224154
2147483648
1072563289
0
1071772278
3758096384
1072430816
2147483648
1071559853
3221225472
1072240275
536870912
1072456954
1610612736
1070777140
0
1066272576
0
1071965436
2147483648
1072283374
1610612736
1072081862
0
1071535540
1073741824
1069776937
2147483648
1071006719
0
1069888580
2147483648
1072475190
1610612736
1070698817
3221225472
1069764123
0
1071907340
1610612736
1072099038
0
1071699119
2684354560
1071588379
2147483648
1066255200
0
1070739292
2147483648
1072659348
3758096384
1070692985
0
1072070335
536870912
1072487778
2147483648
1071781475
2684354560
1069962266
0
1072620073
2684354560
1070997646
3221225472
1072565688
3221225472
1071469536
3221225472
1071392136
1073741824
1071680227
3221225472
1070711527
0
1070150552
0
1072220497
2147483648
1072168039
1610612736
1071461100
1073741824
1072693247
2684354560
45
