Uvec
2226355706
1069003333
0
1071500263
2147483648
1069149916
0
1070502069
0
1069310509
0
1071796726
1073741824
1069703925
0
1072491460
2147483648
1072608102
1610612736
1070800066
0
1072046969
1610612736
1071906582
536870912
1069276236
0
1072661249
1610612736
1072127186
0
1072447199
1073741824
1070913179
1073741824
1072570244
3221225472
1071279513
1073741824
1071356215
2147483648
1068543194
0
1072107421
2684354560
1070671443
0
1072654671
2147483648
1071258746
0
1072145770
536870912
1072691498
3221225472
1070376949
2147483648
1070829988
2147483648
1072422360
2684354560
1071379393
2147483648
1072091675
2147483648
1072108325
3758096384
1070348937
2147483648
1071516961
3221225472
1068591559
0
1067273316
0
1072219933
3221225472
1070933941
3221225472
1071104704
2147483648
1072264146
3221225472
1071453850
0
1069142931
0
1069966830
0
1071212019
0
1070266011
0
1072613933
536870912
1072552076
1610612736
1071017824
0
1072470394
1610612736
1071321187
1073741824
1072435493
1610612736
1070887454
0
1071680842
0
1070883706
3221225472
1071946004
2147483648
1072622197
3758096384
1071238355
2147483648
1072062190
3758096384
1068813412
0
1067032912
0
1068575169
0
1072108471
3758096384
1071582176
3221225472
1065995208
0
1072314920
1073741824
1063699552
0
1071473194
3221225472
1072098728
1610612736
1072312381
3758096384
1070937892
3221225472
1070801561
0
1067657600
0
1072569247
1610612736
1068640494
0
1069987698
0
1072458662
1073741824
1072392062
1073741824
1072483708
1610612736
1071023585
0
1072691308
0
1071455612
2147483648
1071830005
536870912
1072517310
1073741824
1071559173
2147483648
1069557395
2147483648
1072599726
2684354560
1069536252
0
1070818585
3221225472
1072292934
3758096384
1071717573
2147483648
1071406410
3221225472
1070819070
0
1072309143
3221225472
1070752814
2147483648
1072180277
3758096384
1070766624
0
1072509477
1610612736
1071461100
1073741824
1072693247
2684354560
96
