Uvec
2226355706
1072674983
2147483648
1071377110
2147483648
1072581457
536870912
1072305289
2684354560
1070733663
2147483648
1071951332
3221225472
1070843802
2147483648
1070060913
0
1070318807
0
1071653681
1610612736
1072439629
536870912
1071076220
1073741824
1072277531
1610612736
1070691767
0
1072150019
2147483648
1071065725
0
1070818425
3221225472
1072202555
1073741824
1071827089
536870912
1068465304
0
1072446513
2684354560
1071776603
3221225472
1071665195
2147483648
1071812030
3758096384
1072502871
2684354560
1070806617
3221225472
1071136333
1073741824
1071261675
2147483648
1069406583
0
1071351006
2147483648
1071517624
0
1070725905
0
1068243122
0
1071788229
0
1072592523
2147483648
1071855482
1073741824
1071764417
2147483648
1071054115
1073741824
1071801195
536870912
1072616859
0
1071597070
3221225472
1070194752
2147483648
1072427225
536870912
1072049531
536870912
1072278510
3221225472
1071029527
2147483648
1071542097
0
1071675488
3221225472
1069370688
0
1071814306
1073741824
1070547243
2147483648
1072257450
0
1071760214
1073741824
1071765789
1610612736
1071959150
2684354560
1071315175
3221225472
1071065152
0
1071091565
3221225472
1072067496
2684354560
1071238152
2147483648
1068105572
0
1072037259
2147483648
1072240987
2147483648
1071771874
2147483648
1072047779
2147483648
1072220133
3221225472
1071325917
1073741824
1072502816
536870912
1072129378
3221225472
1071289218
0
1072077825
1073741824
1068298204
0
1072107144
2147483648
1072204645
2684354560
1070382293
2147483648
1071911660
1610612736
1072207701
1610612736
1071925796
0
1071547276
0
1071985045
2147483648
1069803112
2147483648
1071683542
1610612736
1071984232
1073741824
1071305827
1073741824
1072648680
0
1070344665
2147483648
1071966646
536870912
1070053335
2147483648
1071227692
0
1072382824
2684354560
1072532225
536870912
1072354462
3758096384
1072020457
1610612736
1066725108
0
1071650098
536870912
1071280069
0
1069104848
0
1072366338
0
1071461100
1073741824
1072693247
2684354560
55
