Uvec
2226355706
1070607895
2147483648
1072515422
1073741824
1069246565
0
1069963691
2147483648
1072406258
1610612736
1069119089
0
1069785818
2147483648
1072688380
3221225472
1072262516
2684354560
1067095036
0
1071869308
3758096384
1070862496
3221225472
1069675179
0
1071485601
1073741824
1071637627
3221225472
1070864291
0
1068913951
0
1071604593
2147483648
1072191582
1610612736
1070039056
2147483648
1072053483
1610612736
1072281615
1073741824
1071090297
0
1071179588
1073741824
1071850798
3221225472
1072153514
0
1071407959
2147483648
1072189492
3221225472
1071235600
1073741824
1071057946
2147483648
1071096265
1073741824
1072317898
1610612736
1071005044
3221225472
1072435080
536870912
1071058217
2147483648
1071352813
1073741824
1071848085
3221225472
1072226967
1610612736
1070069665
0
1072506562
3758096384
1069894750
2147483648
1072235660
2147483648
1072427568
1610612736
1072235847
536870912
1070740863
1073741824
1071989180
3758096384
1071598915
2147483648
1072079703
0
1068763849
0
1071205870
2147483648
1072065956
1610612736
1071881682
0
1071128218
0
1069271555
0
1072018031
3758096384
1071467167
3221225472
1067414020
0
1072585873
3221225472
1067615066
0
1068574622
0
1072362567
3758096384
1070915117
3221225472
1071830870
3758096384
1071856622
3758096384
1071095491
2147483648
1066686724
0
1071832393
0
1071716025
1610612736
1072469312
536870912
1068750157
0
1069680541
0
1071707031
3221225472
1071954108
2684354560
1068856001
0
1072018842
2684354560
1068218374
0
1071760199
1073741824
1072131951
3758096384
1072381032
2684354560
1070786643
2147483648
1070350084
2147483648
1072223051
1610612736
1072242347
1073741824
1072619270
2147483648
1071685138
2147483648
1071508731
0
1071500137
0
1072508340
2684354560
1072549964
3221225472
1072208295
2684354560
1071853429
3221225472
1071808333
1610612736
1072580461
1073741824
1070742001
1073741824
1071903275
1610612736
1070864335
0
1070920324
2147483648
1071599350
1073741824
1071461100
1073741824
1072693247
2684354560
3
