Uvec
2226355706
1070832166
1073741824
1071256836
3221225472
1072052692
3221225472
1071110428
3221225472
1070772557
3221225472
1072172647
2684354560
1071600433
1073741824
1072446698
536870912
1068997145
0
1072393958
2147483648
1071505126
3221225472
1071864245
536870912
1068803516
0
1071861216
2684354560
1071220028
2147483648
1069585282
0
1072687372
536870912
1072516883
1610612736
1072666088
0
1071577232
1073741824
1072284513
2147483648
1066989544
0
1071849424
0
1072298965
3221225472
1072574697
0
1070733190
3221225472
1071605523
2147483648
1070754974
0
1071097295
2147483648
1070706838
2147483648
1069667513
0
1072238839
0
1071597822
1073741824
1069786054
0
1071702463
1073741824
1072307799
3221225472
1071441054
2147483648
1072640453
1610612736
1069850555
0
1068933927
0
1070636757
1073741824
1064978848
0
1067956280
0
1070958733
3221225472
1071178337
3221225472
1071133517
1073741824
1072182693
2684354560
1071872861
2147483648
1072325357
1610612736
1070833896
1073741824
1072183120
2147483648
1072388286
1073741824
1069325744
0
1071890123
536870912
1072581745
1073741824
1072652440
2147483648
1071937388
3758096384
1072058758
1610612736
1068468370
0
1069079744
0
1071723161
0
1071204931
3221225472
1072133936
3221225472
1072228600
3221225472
1072119309
3221225472
1072495766
536870912
1071329802
1073741824
1072424852
536870912
1072082782
3758096384
1072096675
1073741824
1072207293
3758096384
1070559811
2147483648
1072693054
2684354560
1071279233
3221225472
1072291751
2147483648
1072244284
1073741824
1071522451
0
1066411180
0
1070208359
0
1072007242
1073741824
1072011770
2684354560
1066536336
0
1070932159
1073741824
1070987122
0
1071748496
2684354560
1072680024
536870912
1071905083
3758096384
1072304416
3758096384
1071844621
1073741824
1070452647
0
1071547805
2147483648
1069603607
0
1072605393
1610612736
1072033149
1073741824
1072619797
1073741824
1071815878
2684354560
1071078871
1073741824
1068440746
0
1071461100
1073741824
1072693247
2684354560
78
