Uvec
2226355706
1072215266
2147483648
1071631964
2147483648
1069793505
0
1071804158
536870912
1072595807
0
1071860107
2147483648
1071355708
2147483648
1071671718
1610612736
1069228635
0
1070887284
3221225472
1066591384
0
1072253453
536870912
1072490068
2147483648
1070951992
3221225472
1072525338
3221225472
1072401298
3758096384
1068588704
0
1070629936
1073741824
1066988676
0
1071982375
2684354560
1072450857
536870912
1072506700
0
1070241584
0
1071301160
1073741824
1072358376
0
1070829329
2147483648
1071508038
0
1072598696
536870912
1071411158
1073741824
1071824522
3221225472
1070615584
3221225472
1070619911
2147483648
1072479160
1610612736
1072681067
2147483648
1071410407
1073741824
1072504228
2684354560
1070433751
2147483648
1071761694
3221225472
1068525715
0
1071262220
0
1071174755
2147483648
1072330340
2684354560
1071800291
0
1071127043
3221225472
1071962807
536870912
1070887864
3221225472
1067065640
0
1070744032
2147483648
1070450657
0
1071841036
1073741824
1072268820
536870912
1071984525
2147483648
1071157991
0
1071389533
1073741824
1072419264
1610612736
1068725999
0
1071444620
2147483648
1070966706
2147483648
1072073086
3221225472
1072683055
2684354560
1069044242
0
1072202873
3221225472
1070667205
0
1072574584
1610612736
1071340942
0
1069660855
2147483648
1071967843
0
1072263332
3221225472
1071243068
1073741824
1072501208
0
1071447904
1073741824
1069816648
2147483648
1069973631
2147483648
1070279353
2147483648
1072392674
1073741824
1071713978
3758096384
1072179262
1610612736
1069608045
2147483648
1068285742
0
1071283062
3221225472
1069731775
0
1069765647
0
1069800494
2147483648
1071472680
2147483648
1072269642
536870912
1072152943
0
1071827530
1073741824
1068864567
0
1071122734
0
1072360996
0
1070149095
2147483648
1070071842
0
1070571522
0
1070990313
1073741824
1071265851
1073741824
1069831297
2147483648
1070750221
3221225472
1071297640
2147483648
1071461100
1073741824
1072693247
2684354560
47
