Uvec
2226355706
1072667836
1610612736
1072471508
3221225472
1070777819
2147483648
1071673266
536870912
1068335130
0
1072584699
536870912
1067877084
0
1072258030
536870912
1071689721
1073741824
1071753815
1073741824
1069997567
2147483648
1071366974
2147483648
1072377546
536870912
1060330240
0
1072005643
1073741824
1069839560
2147483648
1071999316
3758096384
1071951156
2147483648
1070551666
0
1069810655
0
1070709812
0
1071580515
0
1072215513
536870912
1071759040
2147483648
1072321697
536870912
1071120485
2147483648
1072073341
536870912
1071090498
0
1071801137
0
1072190391
536870912
1069927748
2147483648
1072426314
2684354560
1072615835
0
1068777798
0
1071902350
536870912
1072393375
536870912
1071207510
2147483648
1071441587
3221225472
1070777053
3221225472
1071931034
3758096384
1072091982
2147483648
1072224117
0
1071476647
1073741824
1071061305
3221225472
1072543998
536870912
1067423428
0
1072554623
2147483648
1069739056
2147483648
1072426251
3758096384
1072586285
3758096384
1072317048
1610612736
1071851022
536870912
1069759925
2147483648
1072353593
536870912
1071039823
0
1072308246
1610612736
1070637429
1073741824
1069879317
2147483648
1070637164
0
1072499689
2684354560
1072127642
3758096384
1070350721
2147483648
1069337008
0
1071897962
2684354560
1069824039
2147483648
1069715439
2147483648
1071490577
2147483648
1071406791
1073741824
1071563299
2147483648
1072436651
1073741824
1071099887
1073741824
1072323752
0
1069918222
2147483648
1069253184
0
1072064225
1610612736
1070661948
0
1071881805
0
1071846073
2147483648
1072100049
0
1069979659
2147483648
1070324047
2147483648
1072542434
3221225472
1068375424
0
1071572990
0
1071660295
3758096384
1072551831
0
1072585033
2684354560
1070740231
3221225472
1070734256
1073741824
1069701034
2147483648
1066757492
0
1071158612
0
1072066439
2147483648
1071873011
536870912
1070651169
3221225472
1070739097
3221225472
1071612357
1073741824
1070981288
2147483648
1071461100
1073741824
1072693247
2684354560
67
