Uvec
2226355706
1072630113
3221225472
1070688095
3221225472
1072446879
536870912
1071904242
2684354560
1071627960
2147483648
1071927113
3221225472
1070828150
0
1072488245
0
1071694589
536870912
1068231498
0
1071850996
3758096384
1072170793
536870912
1072273219
1610612736
1072182925
2684354560
1071216773
3221225472
1071184883
0
1071961154
1610612736
1071467877
0
1072102074
2684354560
1071837276
0
1069571443
2147483648
1071794049
2684354560
1072633326
2147483648
1072568956
1610612736
1072436025
3221225472
1072332088
3221225472
1071916675
2684354560
1068260414
0
1071943514
3221225472
1070794746
3221225472
1072389860
3221225472
1072411217
1073741824
1071422647
3221225472
1070884164
3221225472
1071702231
1073741824
1071221462
1073741824
1071735300
3758096384
1071457840
2147483648
1071801136
2684354560
1067899412
0
1072510601
1073741824
1071818868
1073741824
1072373772
0
1071626374
2147483648
1070882738
1073741824
1066799312
0
1072528948
536870912
1070998124
3221225472
1072272653
0
1072620969
3758096384
1072014893
2684354560
1071652759
2147483648
1070749572
3221225472
1071864229
536870912
1072206894
1073741824
1067706436
0
1070822774
2147483648
1072470656
3221225472
1072425050
1610612736
1072038850
1610612736
1069441453
0
1071180492
2147483648
1071744459
0
1071667374
536870912
1072487884
3758096384
1070952224
1073741824
1071784859
1073741824
1068805183
0
1069278774
0
1071904307
3221225472
1068180428
0
1071797636
536870912
1068732527
0
1071671409
3221225472
1068098280
0
1071017962
0
1071906624
0
1072610313
2147483648
1065518472
0
1072247392
2684354560
1071454989
1073741824
1072465989
2147483648
1071024910
0
1071732963
2684354560
1071803681
0
1072401931
3758096384
1066461252
0
1072044162
2684354560
1070600763
0
1072384716
1610612736
1072392304
2147483648
1071927036
0
1069992394
2147483648
1072592867
1610612736
1065613912
0
1070321790
0
1070635060
0
1072239117
3758096384
1071461100
1073741824
1072693247
2684354560
87
