Uvec
2226355706
1069774749
2147483648
1071268941
2147483648
1071764258
3758096384
1072668681
0
1069801231
0
1072571453
0
1072156218
2147483648
1072079951
2147483648
1071082379
0
1065648512
0
1071178528
1073741824
1071491788
0
1070580861
0
1072172135
3758096384
1072207384
1610612736
1072648538
536870912
1067170596
0
1072417372
2684354560
1072564726
536870912
1069188475
0
1072007007
3221225472
1070827690
1073741824
1069073120
0
1072542462
3221225472
1067908012
0
1070983630
0
1072410109
2684354560
1069866131
2147483648
1071688266
0
1071531435
1073741824
1072548599
0
1069571411
0
1072206947
536870912
1071687401
1073741824
1070346748
2147483648
1069203647
0
1070914834
0
1071550485
2147483648
1071716240
3758096384
1072121594
2147483648
1072253421
2684354560
1072574443
536870912
1071465640
3221225472
1069342121
0
1072344254
2147483648
1068897292
0
1071429026
2147483648
1069778635
2147483648
1069948146
0
1072583564
3758096384
1072334928
1073741824
1072191023
3758096384
1072179796
1073741824
1070100170
0
1071851528
0
1070799046
3221225472
1070600479
2147483648
1072025958
0
1069244160
0
1069638510
0
1071802729
3221225472
1071949451
3758096384
1072464931
3221225472
1072594226
2147483648
1071905155
3758096384
1059122688
0
1069733710
2147483648
1069356350
0
1070865556
1073741824
1069622721
0
1068540132
0
1070436774
0
1072277935
2684354560
1071393274
3221225472
1072426406
536870912
1072422562
0
1069846804
0
1066693484
0
1072027478
2684354560
1071841567
1073741824
1071314748
0
1072423725
2147483648
1071775690
1610612736
1070879265
2147483648
1071744918
1073741824
1071574720
3221225472
1071537408
1073741824
1072602506
1610612736
1071858374
0
1069658001
0
1072182377
3758096384
1068071834
0
1072148318
3758096384
1071811017
1610612736
1071184794
0
1072050879
1073741824
1071631153
3221225472
1072564408
1610612736
1071461100
1073741824
1072693247
2684354560
96
