Uvec
2226355706
1072307589
3221225472
1071682657
3758096384
1072580660
2684354560
1072240295
0
1072043674
3758096384
1070981112
2147483648
1072674291
2684354560
1071593044
2147483648
1069960386
2147483648
1071815214
2147483648
1071672098
3758096384
1071360400
2147483648
1071868019
1073741824
1071339574
1073741824
1071684545
2147483648
1071724478
3758096384
1072215207
0
1072486555
3758096384
1071365434
3221225472
1069963556
0
1069768908
0
1071854439
3758096384
1071298229
0
1072319439
3221225472
1071551193
1073741824
1072006322
3221225472
1071001815
1073741824
1072234752
1073741824
1069651442
0
1071689406
3758096384
1070051466
0
1071433408
2147483648
1072372385
1073741824
1072433656
1073741824
1069163172
0
1071973464
1610612736
1072610132
2684354560
1070031441
0
1072502641
536870912
1069549430
0
1070922322
2147483648
1071431068
1073741824
1072620785
2147483648
1070099401
2147483648
1070954649
0
1072523200
3221225472
1067858304
0
1071671421
3758096384
1068133000
0
1071977107
0
1071752341
1610612736
1071391407
2147483648
1071971615
2684354560
1069814555
2147483648
1072112196
1073741824
1071216219
0
1071278720
3221225472
1070340835
0
1072544402
536870912
1070089981
2147483648
1070987571
0
1071347279
3221225472
1071084085
1073741824
1072532289
1073741824
1067756894
0
1072573424
0
1069900560
0
1072224295
1073741824
1071736829
0
1072529178
2684354560
1072198267
3758096384
1072065094
1073741824
1072613913
536870912
1071183144
2147483648
1070802254
2147483648
1071739519
1073741824
1069991616
2147483648
1072456958
2147483648
1071751995
3221225472
1072197029
1610612736
1070806837
2147483648
1070082376
2147483648
1072492063
536870912
1072010594
3758096384
1069664232
0
1072205995
3758096384
1069875689
2147483648
1068449458
0
1069072595
0
1069508810
0
1072578320
0
1072562124
1073741824
1072293983
3758096384
1070596752
1073741824
1066260824
0
1067741978
0
1072412731
1073741824
1072563889
2684354560
1071461100
1073741824
1072693247
2684354560
55
