Uvec
2226355706
1071972998
0
1072030585
1610612736
1071713490
1610612736
1072005370
2147483648
1071893882
3221225472
1072089370
2147483648
1071888614
0
1070327083
2147483648
1071660742
3221225472
1071942127
2147483648
1072216028
536870912
1067488270
0
1071537652
2147483648
1068226928
0
1069885525
0
1071674423
2147483648
1070521506
2147483648
1072080019
0
1072483891
2147483648
1072284659
3758096384
1070626058
3221225472
1071287601
3221225472
1072305379
536870912
1072171193
3221225472
1072515898
3221225472
1072530469
1073741824
1072331832
1610612736
1068729763
0
1070913802
1073741824
1071475892
0
1070420882
0
1070486321
2147483648
1072515692
0
1071423365
0
1072414641
1073741824
1069104240
0
1072489116
3758096384
1072483631
3758096384
1068119866
0
1069748790
2147483648
1072174656
536870912
1072691965
536870912
1064508192
0
1070442667
2147483648
1071962990
0
1069045664
0
1072559102
1610612736
1071274503
1073741824
1069494520
0
1068894738
0
1071176023
0
1071759498
0
1071695110
1073741824
1069897572
0
1072392749
3758096384
1068088698
0
1065600728
0
1072447017
1610612736
1072024018
1610612736
1069768154
2147483648
1070574710
0
1072573814
2147483648
1070973786
2147483648
1070764754
3221225472
1072636250
2147483648
1072277342
1073741824
1071801086
2684354560
1067985408
0
1071048602
0
1071821073
2684354560
1067037088
0
1071829875
0
1071737063
536870912
1071826973
3221225472
1067710682
0
1067500988
0
1071759139
1610612736
1070740169
0
1072049658
2684354560
1071655561
536870912
1071542973
2147483648
1070974272
3221225472
1071260808
0
1072634289
2147483648
1072632352
0
1071781346
0
1072376171
1073741824
1072322410
2684354560
1072692012
3758096384
1072197921
1073741824
1069656147
2147483648
1072544328
2684354560
1072686744
1610612736
1072381728
1610612736
1069652755
0
1071745479
536870912
1072281426
536870912
1072126294
1073741824
1071461100
1073741824
1072693247
2684354560
28
