Uvec
2226355706
1072475294
0
1070763366
0
1072291897
536870912
1072186421
536870912
1072568505
3758096384
1072544357
3221225472
1071861346
2684354560
1071855394
1073741824
1071760145
2147483648
1069285721
0
1072384946
1073741824
1071838897
0
1072087646
2147483648
1072560034
1610612736
1070549236
0
1068847851
0
1071276486
1073741824
1070964527
1073741824
1072484359
1610612736
1069311113
0
1070699176
2147483648
1072483646
0
1069802315
2147483648
1071113226
0
1071854822
2147483648
1067174220
0
1070835949
3221225472
1066059264
0
1072612512
2684354560
1071984677
1073741824
1072065042
1610612736
1072631227
536870912
1072256827
1610612736
1070910590
2147483648
1069902680
2147483648
1072298613
3758096384
1069241270
0
1072577615
1073741824
1071277204
2147483648
1071891865
1073741824
1072667129
536870912
1072085074
3221225472
1071477933
2147483648
1072047212
2147483648
1071962472
3758096384
1071652865
2684354560
1069728244
0
1067081000
0
1072122348
2684354560
1070814321
3221225472
1071804405
1073741824
1069705654
0
1072083617
3758096384
1069615605
2147483648
1071887498
2684354560
1072079128
1073741824
1071871055
1073741824
1072330119
536870912
1071951175
1073741824
1064603600
0
1072353004
2684354560
1071805713
1073741824
1071042277
0
1072457390
0
1072450136
0
1067415580
0
1071640888
1073741824
1072153648
2147483648
1072014413
536870912
1068176872
0
1071875487
3221225472
1070891746
1073741824
1072141771
0
1072492801
3758096384
1072193042
3758096384
1071228993
3221225472
1071651181
0
1072436309
2684354560
1071836153
3758096384
1070805487
2147483648
1072544674
3758096384
1072365394
2684354560
1064625328
0
1071794831
3758096384
1069973421
2147483648
1069315859
0
1071359794
0
1072368869
536870912
1068316996
0
1071188972
2147483648
1071757064
3758096384
1072575515
1610612736
1072460980
536870912
1072008535
2147483648
1069296936
0
1068035404
0
1072218185
3758096384
1069918535
0
1071461100
1073741824
1072693247
2684354560
32
