Uvec
2226355706
1072460489
536870912
1071913714
2684354560
1072618234
1073741824
1068485662
0
1072335068
1073741824
1070682741
0
1071651480
0
1070664583
1073741824
1071237029
1073741824
1068126188
0
1071928378
2684354560
1068875340
0
1072016967
3758096384
1070908913
2147483648
1070270947
0
1072411042
2147483648
1070627704
3221225472
1071524776
0
1071052840
1073741824
1069227405
0
1070783271
1073741824
1070926255
3221225472
1072664102
3221225472
1071272676
0
1069561289
2147483648
1066846068
0
1068925555
0
1071954995
1610612736
1072353216
3758096384
1068268496
0
1071728067
0
1068385966
0
1070242231
2147483648
1071764360
1073741824
1069165758
0
1068353062
0
1069196579
0
1072306914
2147483648
1071395770
0
1072424183
536870912
1071780608
1073741824
1071212384
0
1071710963
3758096384
1070808590
0
1069896445
2147483648
1071345748
1073741824
1070292234
2147483648
1072411470
1610612736
1071994258
1073741824
1071128144
3221225472
1072559327
1073741824
1072658953
1610612736
1069711562
2147483648
1071895560
1610612736
1071511108
0
1071024788
3221225472
1072167516
3758096384
1070916840
2147483648
1071630633
1073741824
1069437079
0
1070794945
2147483648
1071616330
0
1068552747
0
1071866761
2684354560
1072342354
3221225472
1072160066
3221225472
1072570199
1610612736
1070013978
0
1071954515
1610612736
1072536336
3221225472
1071535852
2147483648
1067369684
0
1072489158
3221225472
1071151175
2147483648
1070651566
1073741824
1072517535
3221225472
1072053267
1073741824
1072100079
3758096384
1068729690
0
1072003796
1610612736
1070851599
0
1071574420
0
1071094274
3221225472
1072548591
0
1071263768
3221225472
1072064203
1073741824
1069690974
2147483648
1071890484
536870912
1071699142
2684354560
1071196428
2147483648
1072121616
2147483648
1071674587
3221225472
1071591542
2147483648
1071890415
536870912
1071282788
0
1070906565
2147483648
1072207950
3221225472
1071555749
0
1071461100
1073741824
1072693247
2684354560
89
