Uvec
2226355706
1070381755
2147483648
1071846292
0
1072479148
3221225472
1072002013
3221225472
1071662632
3221225472
1072245461
1073741824
1069854150
0
1072246506
1610612736
1071504891
2147483648
1071842444
536870912
1070205843
2147483648
1066455744
0
1069979324
2147483648
1071692454
536870912
1072180772
1073741824
1072596201
0
1068284000
0
1072058943
1610612736
1068570732
0
1071875290
2684354560
1072291891
2147483648
1072657394
2147483648
1068543726
0
1072469478
536870912
1070949607
3221225472
1071952486
536870912
1071113279
2147483648
1072213460
0
1069640265
0
1072587035
1610612736
1071910300
2147483648
1064401040
0
1071038223
2147483648
1070100144
2147483648
1071551807
3221225472
1070868221
0
1072010159
536870912
1071730398
3758096384
1071244953
0
1071771638
1610612736
1071969690
3221225472
1070908844
2147483648
1070689505
2147483648
1071978837
2684354560
1069837111
0
1070680347
1073741824
1071861374
3758096384
1072340214
2684354560
1071302046
0
1072679089
0
1071638713
3221225472
1071260233
1073741824
1069982933
2147483648
1071501539
2147483648
1071189661
1073741824
1071365136
1073741824
1072414774
1073741824
1072592123
0
1071160514
3221225472
1071178240
3221225472
1071553247
2147483648
1071935559
3221225472
1070246530
2147483648
1070977126
0
1071290712
3221225472
1069212043
0
1072145600
3221225472
1071806676
3221225472
1072580080
536870912
1070885958
3221225472
1072386664
1610612736
1072320513
2147483648
1070363307
0
1072579884
0
1072383379
2147483648
1072170278
3758096384
1072306779
2684354560
1071162825
2147483648
1072583663
2684354560
1071496747
1073741824
1072095360
3221225472
1071670129
1073741824
1072303242
1073741824
1071940396
536870912
1072210963
536870912
1071941013
2684354560
1072609812
3221225472
1072060036
1073741824
1067023432
0
1070769771
1073741824
1071198872
1073741824
1070909594
2147483648
1071682313
1073741824
1071449231
0
1072515226
536870912
1071981661
1073741824
1070333291
2147483648
1072341354
2684354560
1071461100
1073741824
1072693247
2684354560
93
