Uvec
2226355706
1071097623
3221225472
1072283833
0
1071057352
0
1070782518
3221225472
1072653350
1610612736
1072324413
536870912
1071181279
3221225472
1071705143
2147483648
1072016079
2684354560
1071284003
2147483648
1072476785
3221225472
1068797629
0
1072611131
2684354560
1071714994
1073741824
1072246379
2684354560
1072128283
2684354560
1066982740
0
1071183742
3221225472
1071301722
1073741824
1070902537
2147483648
1071925620
1073741824
1072471752
2684354560
1072318029
1073741824
1068126288
0
1071338104
0
1069476830
0
1070006445
2147483648
1070438327
0
1069474002
0
1069019111
0
1066727316
0
1072453860
2147483648
1071782695
536870912
1072391953
1610612736
1072622192
3758096384
1072557610
3758096384
1071675592
1610612736
1071940268
2684354560
1071310431
3221225472
1070920905
3221225472
1071800866
0
1068882188
0
1069617628
2147483648
1071215589
1073741824
1072554292
2147483648
1071610882
2147483648
1071293305
1073741824
1072444693
0
1067640360
0
1066843544
0
1070092154
0
1071543059
1073741824
1071061303
0
1072079013
2684354560
1071838706
2684354560
1070807125
1073741824
1070075290
2147483648
1069363919
0
1072467481
536870912
1072168135
2684354560
1071580496
2147483648
1068567686
0
1072123468
2684354560
1072088985
3221225472
1070900949
3221225472
1072249960
2684354560
1070626667
2147483648
1069684810
2147483648
1070944661
2147483648
1072009204
1610612736
1068109504
0
1072179791
1610612736
1071572436
3221225472
1064065760
0
1072225846
2684354560
1070339410
2147483648
1067699764
0
1067119936
0
1070763612
2147483648
1072522061
536870912
1071838207
2147483648
1071462157
1073741824
1069972886
2147483648
1071770672
536870912
1068074344
0
1072013215
536870912
1070609831
2147483648
1071997486
0
1071949568
3221225472
1067495836
0
1071148176
1073741824
1066249056
0
1072123508
2147483648
1071721035
1610612736
1071876468
0
1072224806
2684354560
1069680278
0
1070964567
0
1071461100
1073741824
1072693247
2684354560
20
