Uvec
2226355706
1067852232
0
1072143336
2684354560
1071472102
2147483648
1070202223
2147483648
1072244295
1073741824
1072042424
3758096384
1071798171
1610612736
1072374014
0
1071942098
3221225472
1069795144
0
1072535850
536870912
1071479806
3221225472
1072550852
1073741824
1071993933
2684354560
1069710161
0
1069849639
2147483648
1071812275
2147483648
1070950031
0
1071149473
1073741824
1072681406
0
1067286528
0
1062802176
0
1070978723
1073741824
1071789894
2684354560
1072097130
2147483648
1069743766
2147483648
1072685730
0
1072373148
3758096384
1071899775
3221225472
1072556833
3758096384
1072299409
1073741824
1071122404
0
1071970804
1610612736
1071415556
1073741824
1072185532
2147483648
1072063666
1073741824
1072570767
3758096384
1072004078
0
1070664438
1073741824
1071381054
3221225472
1071119472
3221225472
1067570372
0
1070267769
2147483648
1071846572
2147483648
1072259057
1610612736
1071374581
3221225472
1068665923
0
1071924502
0
1072261601
536870912
1071426999
3221225472
1072376773
536870912
1069045630
0
1071901545
3221225472
1069477687
0
1069397440
0
1072529520
2147483648
1072306999
2147483648
1071069971
3221225472
1070727239
3221225472
1072186787
536870912
1071036354
2147483648
1069412609
0
1072038917
1610612736
1068572080
0
1070740196
3221225472
1071140241
0
1071358335
3221225472
1071916543
3758096384
1071313825
2147483648
1072148613
1610612736
1071398834
0
1072317521
1610612736
1067049284
0
1070668597
0
1069091166
0
1072586817
536870912
1071278436
2147483648
1071735652
1610612736
1070446301
2147483648
1070942715
0
1072674813
3221225472
1067779730
0
1071007895
0
1072622563
3758096384
1072429983
2147483648
1070089949
0
1072218887
3221225472
1071983303
3758096384
1071923956
536870912
1072187622
2684354560
1070874852
1073741824
1069357470
0
1071821334
2684354560
1072579819
1610612736
1070853519
1073741824
1072330353
1610612736
1072124814
1610612736
1071580966
3221225472
1071461100
1073741824
1072693247
2684354560
7
