Uvec
2226355706
1072539470
3221225472
1071958998
1610612736
1071539839
0
1071650073
536870912
1071706978
536870912
1065748360
0
1070826226
3221225472
1072066804
536870912
1069789324
2147483648
1071923598
3758096384
1070889738
2147483648
1072516209
1610612736
1071044321
1073741824
1071246703
1073741824
1070104241
2147483648
1068581545
0
1072514251
3221225472
1072418170
536870912
1072138216
3758096384
1070369049
0
1071576257
3221225472
1072583280
3221225472
1071793557
536870912
1068925810
0
1069103921
0
1069210744
0
1072299552
2147483648
1070891078
0
1071782018
0
1071795942
536870912
1070406113
0
1072230048
3221225472
1070450513
2147483648
1070611117
1073741824
1071365713
2147483648
1070223033
0
1071161923
2147483648
1071894436
1073741824
1072331891
3758096384
1071841031
536870912
1071887155
1073741824
1070873421
2147483648
1070770404
1073741824
1071675389
2684354560
1070327208
0
1070775491
0
1071444274
1073741824
1062149120
0
1063614368
0
1068991247
0
1071992770
0
1070488171
2147483648
1071163643
2147483648
1069659212
0
1071868156
3221225472
1072670214
2684354560
1069946932
2147483648
1072237448
1610612736
1071708629
3221225472
1072055796
1610612736
1070942745
1073741824
1069940655
0
1068928319
0
1072181277
0
1072235798
536870912
1070586019
2147483648
1072384601
3758096384
1072583927
3221225472
1069164870
0
1072099499
0
1071863830
536870912
1068591193
0
1071782554
3758096384
1070116137
0
1072611907
1610612736
1072664273
2684354560
1071661832
2147483648
1072183844
2147483648
1072109967
2684354560
1071372801
3221225472
1072313876
536870912
1071881438
3221225472
1072633975
536870912
1070164253
2147483648
1071154005
2147483648
1070676869
1073741824
1071736728
3758096384
1072644018
3221225472
1069907654
0
1072077354
1610612736
1072067926
3758096384
1071842039
3221225472
1072571605
3758096384
1072308833
0
1070596545
1073741824
1072377623
3758096384
1070867216
1073741824
1071659642
1073741824
1071461100
1073741824
1072693247
2684354560
47
