Uvec
2226355706
1066567488
0
1070076631
2147483648
1070208430
0
1071857219
2684354560
1071856121
536870912
1068885121
0
1070856175
0
1071691105
536870912
1065379576
0
1068811591
0
1070961752
0
1072606028
2684354560
1072248761
2684354560
1071903363
3221225472
1071723833
2147483648
1071883543
1073741824
1070352229
2147483648
1071236897
0
1067924680
0
1070963050
0
1071743446
3758096384
1063276224
0
1072144628
3758096384
1069520979
0
1070342448
0
1070646312
1073741824
1071996392
3221225472
1070065047
2147483648
1072256769
2147483648
1072243113
1073741824
1069926418
2147483648
1069871729
0
1071755653
536870912
1070978857
2147483648
1071568482
3221225472
1072391775
3221225472
1069286008
0
1072135562
2684354560
1070649765
3221225472
1069824125
0
1069408221
0
1071336752
0
1071990043
2147483648
1071990210
2147483648
1070841448
3221225472
1071750537
536870912
1071939652
536870912
1071883677
2147483648
1068575102
0
1068147192
0
1071887686
1073741824
1067625784
0
1070879000
2147483648
1071337421
1073741824
1071809799
1610612736
1071501776
2147483648
1067499888
0
1071888281
0
1072320061
3221225472
1071195594
1073741824
1070355075
2147483648
1071733312
536870912
1069243805
0
1070338218
0
1072270614
3221225472
1068759730
0
1072223873
1610612736
1072073517
3221225472
1072649138
0
1070582287
0
1072405436
536870912
1072463628
3758096384
1070280744
0
1072260583
3758096384
1071560537
2147483648
1071021026
3221225472
1072382722
3758096384
1071900598
2684354560
1072389235
1073741824
1070439645
0
1072438041
3221225472
1072470558
1610612736
1072389212
3221225472
1072421558
3221225472
1071153102
3221225472
1068398494
0
1071863073
2147483648
1072071398
3758096384
1070932171
1073741824
1072165064
3758096384
1071148920
0
1069316861
0
1072034157
536870912
1072239046
1610612736
1071502919
2147483648
1072125376
1610612736
1072383623
3758096384
1071843564
1073741824
1071461100
1073741824
1072693247
2684354560
36
