Uvec
2226355706
1072246014
536870912
1072201517
536870912
1069273772
0
1071231956
1073741824
1071965972
2684354560
1069260346
0
1072634209
2684354560
1070134044
0
1070808512
1073741824
1069585091
0
1072374176
1610612736
1071048154
3221225472
1071956235
2147483648
1072114359
1610612736
1070892370
1073741824
1072509837
536870912
1069037380
0
1069536704
0
1069813428
2147483648
1070042528
0
1072586889
2147483648
1070920947
0
1071100924
0
1072690485
0
1072154425
1610612736
1072001068
3221225472
1069962978
0
1072265216
536870912
1071370141
2147483648
1071254476
0
1072501274
2147483648
1071875798
536870912
1071559446
0
1071497719
2147483648
1071910256
1073741824
1072091956
3758096384
1071854718
3758096384
1068081530
0
1070650481
1073741824
1072424958
3221225472
1072303368
3221225472
1069795433
0
1068804652
0
1070967115
0
1072156110
0
1070264273
0
1068492266
0
1072419173
2147483648
1067582474
0
1070848949
3221225472
1068581069
0
1070027345
2147483648
1071795102
536870912
1070431202
0
1071777315
0
1071381397
2147483648
1071582874
0
1071834811
1610612736
1070632417
2147483648
1071715216
0
1070108367
2147483648
1071754761
1073741824
1072370511
1610612736
1071676192
2147483648
1070272248
2147483648
1071437442
3221225472
1072578134
0
1071088745
0
1071706111
1610612736
1070158111
2147483648
1071950228
3758096384
1070418716
2147483648
1072104897
536870912
1071766414
2147483648
1071582181
1073741824
1069114496
0
1072606993
536870912
1071344175
2147483648
1072456254
1073741824
1071852501
536870912
1071557284
0
1072171036
2684354560
1070360369
0
1071392234
1073741824
1072363279
1610612736
1069686675
2147483648
1072592938
1610612736
1071205833
1073741824
1068458944
0
1071801229
2147483648
1071315380
1073741824
1072219551
536870912
1072533027
3758096384
1070978816
2147483648
1070701401
2147483648
1070803839
2147483648
1072673157
1073741824
1071886662
3758096384
1071461100
1073741824
1072693247
2684354560
22
