Uvec
2226355706
1063920736
0
1071817857
2147483648
1072653860
2147483648
1071710065
3758096384
1072495135
3758096384
1072030037
3221225472
1071462572
3221225472
1072633243
1610612736
1069987605
0
1069005989
0
1070214249
0
1071778783
1073741824
1069201006
0
1068206594
0
1071702434
3758096384
1072292580
1073741824
1069039516
0
1072446869
0
1070811369
0
1068476108
0
1072028895
2147483648
1068884401
0
1071069014
1073741824
1069431234
0
1070986287
1073741824
1072122381
3758096384
1071475508
3221225472
1071653159
3758096384
1072314812
2147483648
1071829358
2147483648
1072454917
1073741824
1071869515
1073741824
1071785334
1610612736
1071744966
536870912
1071229795
2147483648
1071414816
3221225472
1072114796
3221225472
1071597025
0
1070853261
0
1070621998
2147483648
1072408815
2684354560
1071987784
0
1068257520
0
1070001324
0
1069543068
0
1071974525
2684354560
1072139749
1610612736
1071966459
3758096384
1070237045
0
1070914432
1073741824
1071447974
3221225472
1067985910
0
1070989367
3221225472
1070792749
3221225472
1072372325
536870912
1072452744
2147483648
1072004332
1073741824
1069550303
2147483648
1070102577
0
1067761142
0
1069712280
0
1071390018
3221225472
1072621798
2147483648
1072145327
536870912
1067239696
0
1072051333
1073741824
1071961945
1610612736
1071051103
2147483648
1071109691
3221225472
1072604713
1073741824
1070881602
3221225472
1072622098
3221225472
1072250269
536870912
1072667791
1073741824
1072425641
0
1072246733
536870912
1071640830
0
1072243614
1610612736
1070350076
2147483648
1072484156
1610612736
1072262149
2684354560
1072673646
3221225472
1072449802
3758096384
1072411273
1610612736
1070873251
2147483648
1071651916
1610612736
1069419586
0
1071541316
1073741824
1071229065
1073741824
1072483797
3221225472
1072120351
1610612736
1072469401
3758096384
1072214767
536870912
1072319559
2684354560
1071003769
1073741824
1069779222
2147483648
1070431722
2147483648
1071860858
2684354560
1071461100
1073741824
1072693247
2684354560
58
