Uvec
2226355706
1070815071
0
1072389778
2147483648
1071217426
2147483648
1072274109
2684354560
1070057651
2147483648
1071807671
2684354560
1072411262
0
1072034673
1610612736
1064876368
0
1070285298
2147483648
1067320820
0
1071248362
2147483648
1070945857
1073741824
1070730252
2147483648
1070736901
1073741824
1071876977
0
1070135304
2147483648
1069239072
0
1070867044
3221225472
1071275206
2147483648
1072167177
536870912
1072361807
3221225472
1071475985
3221225472
1070657127
3221225472
1069742029
0
1072082274
3758096384
1071130146
1073741824
1071503278
3221225472
1072676368
2147483648
1071586675
0
1071019564
0
1070290400
2147483648
1072313184
2147483648
1072466149
0
1072173695
2147483648
1071117505
0
1070664542
3221225472
1072529974
2684354560
1069446043
0
1071308133
3221225472
1071660142
2147483648
1070291714
2147483648
1072382151
0
1072536527
3221225472
1072222085
1610612736
1072459259
1610612736
1072530958
3221225472
1071990536
536870912
1069038609
0
1071229286
2147483648
1072095466
2147483648
1071493906
0
1070805667
0
1071794013
0
1071503891
0
1070358601
0
1071295848
1073741824
1072564717
1073741824
1072107604
3221225472
1070342021
2147483648
1070846571
3221225472
1069464651
0
1071873130
536870912
1067626254
0
1072120094
536870912
1070701709
1073741824
1068025442
0
1072214723
1073741824
1072114489
1610612736
1070641262
2147483648
1072259717
2147483648
1071959717
3758096384
1072452287
0
1066670412
0
1072565926
1610612736
1072455392
2684354560
1072286206
0
1068726531
0
1072386587
2684354560
1070740233
3221225472
1072033539
0
1071783044
1073741824
1071113083
3221225472
1070753912
3221225472
1072085491
536870912
1070511204
2147483648
1072240208
1610612736
1071365841
1073741824
1071630246
1073741824
1071524739
0
1071621992
3221225472
1072295677
3758096384
1072452832
3758096384
1072154836
1073741824
1066341464
0
1072180135
1610612736
1072155891
0
1069760312
2147483648
1071461100
1073741824
1072693247
2684354560
47
