Uvec
2226355706
1070042332
2147483648
1070594254
2147483648
1071448046
1073741824
1072605671
3221225472
1072306459
3758096384
1071209708
3221225472
1070544223
0
1070751832
2147483648
1071254373
1073741824
1062377536
0
1063186176
0
1071313056
0
1071847795
2684354560
1071860930
536870912
1071433762
0
1072620826
2147483648
1072384513
3758096384
1071028529
0
1072583619
0
1072455324
1610612736
1070250153
0
1071986487
1610612736
1072681268
536870912
1069684508
2147483648
1072538688
3758096384
1068685726
0
1069981920
0
1072513277
1073741824
1071494783
2147483648
1069648745
0
1071759329
536870912
1071197806
1073741824
1071911910
2147483648
1072584115
2684354560
1072012907
536870912
1070267511
2147483648
1071998615
0
1071726572
1610612736
1070123105
0
1070742471
2147483648
1071224216
1073741824
1071632646
2147483648
1072272050
2684354560
1071922532
3221225472
1072235667
536870912
1068411704
0
1072593496
1073741824
1072538969
2684354560
1068703787
0
1072025608
1610612736
1071389135
3221225472
1072313998
2147483648
1072177123
536870912
1068970323
0
1072199803
0
1068079688
0
1072181792
3758096384
1072031920
2147483648
1067479340
0
1070589034
0
1070306655
0
1072267941
0
1071903469
3758096384
1071195261
1073741824
1070063778
2147483648
1071970624
2684354560
1070181488
2147483648
1072324093
0
1071771426
3758096384
1071286436
3221225472
1071325437
2147483648
1072315046
2684354560
1071854366
1073741824
1071430995
0
1071179239
3221225472
1071541417
0
1071951032
3758096384
1070501635
0
1072027312
3221225472
1070684692
0
1072338478
0
1071831138
1610612736
1071038517
0
1071632542
3221225472
1072275256
2684354560
1072209352
1610612736
1071553512
0
1071930261
0
1071349806
1073741824
1070848468
0
1072166032
1073741824
1070169285
0
1072349539
2684354560
1072209048
2684354560
1070940255
3221225472
1070166037
2147483648
1072159855
0
1071647598
1073741824
1071461100
1073741824
1072693247
2684354560
6
