Uvec
2226355706
1070352484
2147483648
1072692995
536870912
1071431467
1073741824
1072148577
1073741824
1072191855
0
1070815462
3221225472
1062639744
0
1071965067
2684354560
1071725993
1610612736
1072197494
0
1066814072
0
1071975945
2147483648
1072137752
2147483648
1071286640
2147483648
1070749176
2147483648
1069853613
2147483648
1069691081
0
1071201720
0
1070744680
0
1071390800
3221225472
1070159760
2147483648
1070335065
0
1071870760
2147483648
1071658891
1073741824
1071751549
536870912
1071894310
1073741824
1068563075
0
1071962577
3758096384
1070872988
2147483648
1071187058
1073741824
1071895496
3221225472
1071790649
1073741824
1071991405
1073741824
1071829839
3758096384
1071279456
0
1072458481
3758096384
1071396941
0
1070508446
0
1070775669
3221225472
1072045695
1610612736
1071225658
1073741824
1071917774
3221225472
1071662729
1073741824
1071865732
1610612736
1070048641
2147483648
1070541687
2147483648
1069648580
0
1069796859
0
1072551247
2147483648
1066490272
0
1071868628
3221225472
1071986728
1610612736
1070677826
3221225472
1070973886
2147483648
1071773180
3221225472
1071626013
2147483648
1071476006
2147483648
1072389370
3221225472
1068293374
0
1063582208
0
1072112489
1073741824
1072115252
1610612736
1071539800
0
1070936024
2147483648
1071835594
2684354560
1072391146
0
1072026784
3758096384
1072320348
0
1069649980
2147483648
1069762926
0
1072526408
1073741824
1071659032
2147483648
1071441287
0
1072047137
2147483648
1071806719
3758096384
1072168820
536870912
1072496380
2684354560
1071778215
1610612736
1070009367
0
1064790320
0
1071767129
3758096384
1067876042
0
1069979121
2147483648
1072217443
1610612736
1072379757
2147483648
1069787576
2147483648
1072003070
1073741824
1071712202
3221225472
1072391717
0
1070671575
2147483648
1070758082
0
1071781667
1610612736
1069453287
0
1069997172
0
1071276689
3221225472
1069719232
2147483648
1072276697
2684354560
1067047100
0
1071461100
1073741824
1072693247
2684354560
69
