Uvec
2226355706
1070410754
2147483648
1072145504
2684354560
1070019809
0
1068579080
0
1072296181
2147483648
1071213551
1073741824
1071763861
536870912
1069151642
0
1071531448
1073741824
1071719774
2684354560
1070339595
2147483648
1069117091
0
1071318494
2147483648
1065428040
0
1069298718
0
1072693196
1610612736
1070351676
2147483648
1071962598
0
1071714785
0
1068286984
0
1071092866
0
1071890224
3221225472
1071774056
536870912
1072058552
536870912
1072608256
2684354560
1072214704
2147483648
1072595107
1610612736
1072578087
1610612736
1069617711
0
1070045029
2147483648
1071731902
3221225472
1071618206
0
1072530204
536870912
1070350841
0
1068016964
0
1072228617
1073741824
1071007175
2147483648
1070860246
3221225472
1067813778
0
1071101665
3221225472
1070818575
2147483648
1069145733
0
1069888531
0
1072174525
3758096384
1071694650
3758096384
1070100954
2147483648
1071282506
1073741824
1071880025
2684354560
1072567623
2147483648
1070851032
3221225472
1069645669
2147483648
1065267088
0
1071388095
3221225472
1069558128
2147483648
1071902785
2684354560
1069463528
0
1067352332
0
1068308004
0
1072399388
2684354560
1071366107
2147483648
1070341535
0
1069904227
2147483648
1069904091
2147483648
1072040377
536870912
1071716722
536870912
1068489432
0
1071836782
536870912
1069697055
0
1072250652
536870912
1072678934
0
1072543355
1073741824
1068731635
0
1071471382
3221225472
1070349363
2147483648
1071990669
1610612736
1072588695
1073741824
1072074424
2684354560
1068758323
0
1072346774
0
1072628874
3221225472
1071869782
2684354560
1071983403
1073741824
1072447278
3758096384
1071914487
2684354560
1071545271
3221225472
1072112066
1610612736
1070943915
0
1072123791
2147483648
1066749944
0
1071003879
2147483648
1070993580
2147483648
1069672685
2147483648
1068278418
0
1071047851
2147483648
1071852581
2147483648
1072184089
3221225472
1072589509
2147483648
1071761587
3221225472
1071461100
1073741824
1072693247
2684354560
87
