Uvec
2226355706
1071515700
2147483648
1072576212
536870912
1071686381
1610612736
1070944024
0
1067369844
0
1070556581
0
1072629794
536870912
1071702559
536870912
1069415051
0
1072310500
0
1072505647
536870912
1071918086
1610612736
1066507444
0
1070962285
3221225472
1069431665
0
1069821990
2147483648
1070972135
3221225472
1071693002
0
1064311392
0
1067192992
0
1072096529
2147483648
1072683598
1073741824
1070778879
1073741824
1072506031
3758096384
1072142845
1610612736
1070098344
0
1069914937
2147483648
1072000335
1610612736
1068908194
0
1072385198
536870912
1072235950
1610612736
1071998802
2684354560
1072070464
2684354560
1071969225
536870912
1072174239
1073741824
1071471911
2147483648
1070923471
2147483648
1064403024
0
1072118554
1073741824
1070719289
3221225472
1070644420
0
1072013083
1610612736
1071521401
1073741824
1070956740
2147483648
1072495282
2147483648
1070252968
0
1070996945
1073741824
1071121743
1073741824
1071349902
2147483648
1071653535
1073741824
1071897585
2147483648
1071296517
0
1070833900
2147483648
1071858171
2147483648
1072171766
1073741824
1072168525
2147483648
1071148065
3221225472
1071520561
2147483648
1067665984
0
1072158600
1073741824
1072422226
1073741824
1071690566
0
1072641527
1610612736
1072524006
2684354560
1070485432
2147483648
1071821777
1073741824
1069727784
2147483648
1072248360
2684354560
1071600303
0
1070438877
0
1071478569
1073741824
1070391655
2147483648
1072644209
2684354560
1071984983
3221225472
1072146471
2147483648
1072523472
536870912
1071919231
3221225472
1072602872
3221225472
1069702452
2147483648
1069191456
0
1072583828
3758096384
1072389716
3221225472
1070698395
1073741824
1070692557
3221225472
1072150981
3758096384
1070692443
1073741824
1071451918
1073741824
1071388703
2147483648
1071601012
2147483648
1069947872
0
1070638380
0
1071408149
0
1065858784
0
1071039184
3221225472
1070161236
2147483648
1072651907
3221225472
1071140924
1073741824
1072429382
536870912
1071461100
1073741824
1072693247
2684354560
66
