Uvec
2226355706
1072597916
1610612736
1070940930
3221225472
1068272738
0
1070061830
0
1071004114
2147483648
1070555702
2147483648
1072620256
536870912
1070925366
2147483648
1072526631
2684354560
1072492025
2147483648
1071062304
1073741824
1071698369
2684354560
1068787723
0
1072150661
3221225472
1072526399
2684354560
1071642886
0
1068997686
0
1066723064
0
1069854033
2147483648
1070069486
2147483648
1070217986
2147483648
1072637575
3221225472
1071042833
3221225472
1071034811
2147483648
1072574263
1610612736
1072029639
536870912
1068991486
0
1071487243
3221225472
1072245285
1073741824
1071988621
3758096384
1072364518
2684354560
1071189470
1073741824
1069731592
0
1072358201
536870912
1072174724
3221225472
1071860490
0
1072511101
1073741824
1071915654
2147483648
1071665428
3758096384
1072059405
3221225472
1069005715
0
1069596340
0
1071770812
0
1072456956
1610612736
1072671094
1610612736
1072080354
536870912
1066843456
0
1071087424
1073741824
1072001019
3221225472
1072215910
0
1072661277
2147483648
1069784665
2147483648
1071973720
2684354560
1068601993
0
1069082015
0
1071902530
536870912
1069828854
0
1072167162
536870912
1072319345
3221225472
1072064364
3758096384
1071216435
3221225472
1070974471
0
1071755542
2684354560
1070543607
2147483648
1072641216
3758096384
1072677031
536870912
1068434092
0
1072673463
0
1069861406
0
1070880957
2147483648
1071045651
2147483648
1071880788
0
1071116929
3221225472
1070117501
0
1072499742
2147483648
1072308314
2684354560
1068034540
0
1069646430
2147483648
1072432597
3221225472
1071679098
2684354560
1070065644
2147483648
1071571250
0
1071165183
2147483648
1072560994
1073741824
1070608489
2147483648
1070447277
2147483648
1071686571
1610612736
1070307669
0
1071706464
0
1072343745
536870912
1070850462
0
1070643429
1073741824
1071165478
3221225472
1071687987
0
1072010028
0
1070727297
0
1069776628
2147483648
1071878358
1073741824
1071461100
1073741824
1072693247
2684354560
26
