Uvec
2226355706
1071543098
0
1072537635
3758096384
1071398672
1073741824
1071969166
1610612736
1070182764
0
1070414955
0
1072427246
536870912
1072679471
1073741824
1071678918
1073741824
1072367196
3221225472
1070900177
0
1070322569
0
1071324101
1073741824
1072281007
1610612736
1070891062
1073741824
1070438187
0
1071540872
0
1071709702
0
1072176247
0
1072420526
2684354560
1071163696
3221225472
1066181360
0
1071813777
536870912
1067087544
0
1071043468
2147483648
1071651915
3221225472
1071548895
1073741824
1072071386
536870912
1072409042
1073741824
1072099956
2147483648
1072612250
3758096384
1068898958
0
1072299321
1610612736
1066518532
0
1072567544
1610612736
1068496876
0
1072541432
2684354560
1070450628
0
1070801480
2147483648
1071985190
1073741824
1072385432
1610612736
1071966845
0
1072425939
536870912
1071521359
3221225472
1072058499
1610612736
1071784590
1610612736
1072354829
1073741824
1072595538
2147483648
1070759581
0
1071656844
1073741824
1072661377
0
1071805121
2147483648
1071670684
0
1070968278
2147483648
1070594817
2147483648
1072522215
1073741824
1072111225
2684354560
1070447981
2147483648
1068476100
0
1072314988
536870912
1071950753
1073741824
1071291533
0
1071132466
1073741824
1072416621
3221225472
1071634269
0
1072574528
3221225472
1072292848
2684354560
1070790867
1073741824
1072614463
2147483648
1072130176
3758096384
1070829078
1073741824
1069742360
0
1072219797
1073741824
1072104990
3221225472
1072242774
0
1069922081
0
1071827466
3758096384
1068611499
0
1071982681
3221225472
1072331544
2684354560
1071805420
1610612736
1071709614
1073741824
1071944375
3221225472
1069295881
0
1072517615
2684354560
1069788969
2147483648
1071663176
536870912
1071674017
3221225472
1071733687
3221225472
1072472246
2684354560
1072079511
3758096384
1070015641
0
1072424773
0
1072558944
3221225472
1071527294
0
1068446854
0
1071694330
1073741824
1072348703
3758096384
1071461100
1073741824
1072693247
2684354560
13
