Uvec
2226355706
1071095988
2147483648
1072133339
1073741824
1071861710
2684354560
1071471248
0
1070706006
0
1072327826
1610612736
1071765006
3221225472
1070460858
2147483648
1071644485
3221225472
1072666914
1610612736
1071986649
536870912
1072425402
2147483648
1072119929
2147483648
1072335431
1073741824
1071758329
3758096384
1072636820
1073741824
1069535356
0
1072629466
0
1070341158
0
1072408055
2147483648
1070795681
2147483648
1069015549
0
1072116624
1610612736
1069690342
0
1071331420
2147483648
1072178769
3758096384
1070877183
0
1070399030
2147483648
1071997496
3758096384
1071780632
2147483648
1067861530
0
1072685401
2147483648
1071329225
0
1069558589
0
1072119155
2147483648
1071670407
3221225472
1072477780
536870912
1071934983
2147483648
1072386532
2147483648
1072399856
2147483648
1072297569
2147483648
1071097961
0
1072660292
1073741824
1071798800
2147483648
1071155129
0
1068003550
0
1072109431
3758096384
1071810861
3221225472
1071567648
1073741824
1071560145
1073741824
1071644391
3221225472
1072524916
2147483648
1072072134
3221225472
1072111914
1610612736
1071663905
3758096384
1071778866
536870912
1072572235
1610612736
1071502517
2147483648
1071721218
0
1072657603
3221225472
1072592647
1610612736
1071388706
0
1072362774
1610612736
1072144650
3221225472
1072546400
2684354560
1069922613
0
1071498338
2147483648
1071937764
0
1071692298
2684354560
1071546097
3221225472
1072105119
2147483648
1072243674
3758096384
1072109660
3221225472
1072085850
2147483648
1070600339
3221225472
1071983116
0
1067672708
0
1071973821
536870912
1072220200
1073741824
1071633301
3221225472
1070129125
0
1071599019
2147483648
1071842611
2147483648
1071494870
2147483648
1072307911
536870912
1072250636
0
1072017563
2147483648
1071824136
1073741824
1072185769
1073741824
1071142078
3221225472
1071189512
1073741824
1066783776
0
1072316191
1610612736
1068793631
0
1072397373
1073741824
1072007645
0
1070955530
1073741824
1072442989
1073741824
1071461100
1073741824
1072693247
2684354560
80
