Uvec
2226355706
1069168070
0
1072114334
2684354560
1070983170
1073741824
1069693329
0
1071720943
2147483648
1068804479
0
1072538110
2684354560
1070901564
2147483648
1071112629
1073741824
1071776484
0
1071754882
2147483648
1069725813
0
1071733126
1073741824
1072455812
1610612736
1072632591
1073741824
1070680847
2147483648
1068882817
0
1067528432
0
1071891288
536870912
1072176652
3758096384
1072566001
0
1072409024
0
1072340523
2684354560
1071716613
1073741824
1072356352
0
1071359162
3221225472
1070135667
2147483648
1072691052
3758096384
1071640865
0
1072049876
3221225472
1072256316
2684354560
1072610055
3221225472
1068645344
0
1072643041
1073741824
1069964615
0
1070999594
0
1070006970
0
1072643075
2147483648
1072134894
0
1070754383
0
1068725983
0
1070513977
0
1072545628
3758096384
1071454073
3221225472
1071761578
3221225472
1071216089
0
1071949957
0
1072073002
536870912
1068565630
0
1072093810
536870912
1069940395
0
1070187297
2147483648
1072468031
1073741824
1072416237
1073741824
1072167347
3758096384
1069761053
2147483648
1072117296
3758096384
1067293532
0
1071714605
3758096384
1071816705
3221225472
1071928518
3221225472
1072028266
3221225472
1072489187
2684354560
1072237880
3758096384
1071401325
3221225472
1071094645
3221225472
1071378932
2147483648
1072513301
3758096384
1071102359
3221225472
1071792723
3758096384
1069416537
0
1069259938
0
1072416584
2147483648
1069987996
2147483648
1071846835
2684354560
1072146703
0
1071904249
1073741824
1070658053
0
1071658271
1073741824
1070788939
3221225472
1072601718
3758096384
1071722924
536870912
1071142981
1073741824
1072658374
3758096384
1070311470
2147483648
1071704553
1610612736
1070251937
0
1072006292
3221225472
1069159035
0
1070857559
1073741824
1070700311
3221225472
1071402695
0
1072475130
3221225472
1072542086
3221225472
1072493209
1073741824
1069794990
0
1071986121
3221225472
1072639151
2147483648
1071461100
1073741824
1072693247
2684354560
69
