Uvec
2226355706
1071180324
3221225472
1071997676
0
1070541745
0
1072627093
3758096384
1072528253
1073741824
1072592173
2684354560
1072480708
1610612736
1072175113
3221225472
1072625188
3221225472
1071884175
3758096384
1071083186
3221225472
1071302161
2147483648
1072553045
3758096384
1071529947
0
1071178178
3221225472
1072386175
1073741824
1069575504
2147483648
1072440122
2147483648
1071204289
1073741824
1071426857
2147483648
1072217172
2147483648
1071633321
3221225472
1071947671
1610612736
1071871063
2147483648
1071776817
1610612736
1069841790
2147483648
1066567536
0
1071698651
0
1070864709
3221225472
1072594903
0
1070947837
3221225472
1072387917
536870912
1072660796
2147483648
1070658973
3221225472
1072594837
3221225472
1071414625
0
1072236571
1073741824
1071748686
2147483648
1072308410
3758096384
1072072425
0
1071528196
1073741824
1072384654
0
1067689470
0
1072435618
2684354560
1069755164
0
1070979663
0
1069033350
0
1070968216
1073741824
1072387537
3221225472
1072685847
1073741824
1072000615
1610612736
1067828902
0
1071486648
1073741824
1071064584
1073741824
1071878375
536870912
1069390969
0
1070630723
3221225472
1070021384
2147483648
1072013002
3221225472
1068558797
0
1071804998
3221225472
1069826254
0
1070755838
3221225472
1071487569
1073741824
1070785228
1073741824
1071318243
2147483648
1070703324
2147483648
1071650056
0
1071325083
2147483648
1071947211
2147483648
1071977688
1610612736
1072238239
2684354560
1071212268
2147483648
1071685673
2147483648
1071714102
536870912
1072315610
1610612736
1072029028
1073741824
1070017997
0
1071178340
2147483648
1072356441
2684354560
1070555964
2147483648
1071407981
0
1072597577
2684354560
1067520400
0
1071987262
536870912
1071381188
1073741824
1070638441
2147483648
1069779174
0
1072554223
3221225472
1068076292
0
1070723820
1073741824
1070603360
2147483648
1070716790
3221225472
1072500592
0
1072355161
1073741824
1071676110
3758096384
1072349969
2684354560
1071183047
3221225472
1071461100
1073741824
1072693247
2684354560
60
