Uvec
2226355706
1070571636
0
1072192712
1073741824
1071610362
0
1070931709
1073741824
1071557684
2147483648
1071054513
3221225472
1068692655
0
1072280375
1073741824
1067710240
0
1072385043
536870912
1071451503
0
1072492093
1610612736
1072626602
2147483648
1072275269
1610612736
1069675748
0
1071825291
1073741824
1071905818
3758096384
1068145868
0
1067939398
0
1072219116
1073741824
1071905656
3758096384
1071688139
1610612736
1071061392
0
1071853332
2147483648
1064350096
0
1070410065
2147483648
1070897218
0
1072521413
2684354560
1072604690
536870912
1072618061
2147483648
1067984658
0
1070261709
0
1071042676
1073741824
1072028846
1610612736
1071393438
3221225472
1071869701
1073741824
1071072012
3221225472
1072085724
536870912
1068776217
0
1071269628
0
1068659703
0
1071666124
2684354560
1071737986
1610612736
1071945070
0
1071977843
2684354560
1071675762
3758096384
1072028959
1073741824
1070363453
0
1069249556
0
1071940881
3758096384
1071577081
1073741824
1072188976
1073741824
1072686777
0
1072090187
3221225472
1072060410
1073741824
1071857150
2684354560
1068801889
0
1071327085
2147483648
1072311062
1073741824
1070620480
2147483648
1071904779
1073741824
1072437912
1610612736
1072181756
1610612736
1070027732
0
1072145059
3758096384
1067543628
0
1072676369
536870912
1068948963
0
1072674531
1073741824
1071990641
1073741824
1071665954
536870912
1070904539
0
1070863554
2147483648
1068608779
0
1072468067
2684354560
1071682904
3221225472
1067651126
0
1070864405
1073741824
1071055878
3221225472
1071758000
0
1070655301
1073741824
1072527106
2684354560
1069802762
2147483648
1069720522
0
1065798128
0
1070543906
0
1072124963
2147483648
1072169443
3758096384
1066511396
0
1071930118
2147483648
1072026520
2147483648
1071004057
3221225472
1071362265
0
1071566377
3221225472
1071816615
1610612736
1071137392
3221225472
1072392462
3221225472
1071261717
3221225472
1071461100
1073741824
1072693247
2684354560
22
