Uvec
2226355706
1072292646
2147483648
1072505242
3758096384
1070089675
0
1070581355
2147483648
1070722559
3221225472
1070456733
0
1069919659
0
1070799818
2147483648
1072594816
3221225472
1071082688
2147483648
1072647484
0
1068263798
0
1072475688
1073741824
1071700396
2684354560
1072337984
1073741824
1072388568
1073741824
1069825147
2147483648
1071784666
536870912
1070729579
2147483648
1070414591
0
1071941688
2147483648
1070424070
2147483648
1072227162
1610612736
1070899198
0
1070233837
2147483648
1071974760
3758096384
1072501637
3221225472
1069327507
0
1072677801
536870912
1072329932
2147483648
1072626348
1610612736
1071389049
0
1072418011
2684354560
1070807466
0
1070198105
0
1071493647
0
1071307956
0
1072601220
3221225472
1072670887
3758096384
1067224804
0
1070904811
1073741824
1071916452
3758096384
1072208734
1610612736
1067471750
0
1071703067
536870912
1067671512
0
1070901778
0
1071748754
1073741824
1068068776
0
1066622136
0
1070818692
3221225472
1072333087
2147483648
1071954870
3758096384
1072408199
2684354560
1071565976
0
1072682614
0
1071909299
536870912
1067824606
0
1071243483
3221225472
1071867604
0
1071449787
2147483648
1070758922
2147483648
1071539382
0
1070942016
3221225472
1070547935
2147483648
1071994223
1073741824
1071117419
3221225472
1071980540
1073741824
1072628004
3221225472
1071278947
3221225472
1071884222
3758096384
1072685656
0
1072258216
2147483648
1072313557
0
1071620282
2147483648
1070211799
2147483648
1072610546
1073741824
1068657736
0
1069736688
2147483648
1072644389
536870912
1070918953
3221225472
1071269720
1073741824
1071257748
2147483648
1071948865
2147483648
1067698554
0
1072472612
3758096384
1071179301
3221225472
1072053569
3758096384
1072470628
2147483648
1069660961
2147483648
1072382802
1073741824
1072237205
536870912
1072053312
2147483648
1071943604
536870912
1063848320
0
1071377559
3221225472
1071798545
536870912
1070764990
2147483648
1071461100
1073741824
1072693247
2684354560
73
