Uvec
2226355706
1072384354
2147483648
1072005220
3758096384
1072517772
2147483648
1068912392
0
1071755537
536870912
1072499852
2147483648
1071616990
3221225472
1071518462
3221225472
1067895432
0
1072321685
0
1071855286
2147483648
1069408925
0
1071715872
3758096384
1071991156
3221225472
1071678165
536870912
1072290110
3221225472
1070945111
0
1071432986
2147483648
1071560793
1073741824
1071943370
3758096384
1072099351
1610612736
1072055330
2684354560
1070818417
2147483648
1071957478
0
1070409017
2147483648
1072626712
1610612736
1072047209
1610612736
1072561441
536870912
1069745572
2147483648
1068506722
0
1070980085
0
1071691468
0
1072000533
2147483648
1072142245
3221225472
1071101279
3221225472
1070951606
0
1071956794
2147483648
1067675524
0
1071789370
1073741824
1071234986
3221225472
1071249047
1073741824
1068149048
0
1072475000
2684354560
1070658378
3221225472
1072445322
3758096384
1071915254
0
1071131113
2147483648
1072096049
0
1071882443
2684354560
1068730560
0
1069676906
0
1072097212
536870912
1072516791
1073741824
1072204705
3758096384
1071157218
2147483648
1071680998
3221225472
1068879389
0
1071363527
0
1072677756
1610612736
1072670661
1073741824
1071836461
536870912
1072492305
1610612736
1070665261
1073741824
1071466339
2147483648
1071959336
1073741824
1071699267
536870912
1071931664
2684354560
1071690460
3221225472
1072563458
536870912
1071137933
0
1061162112
0
1070177427
0
1071603713
1073741824
1072016825
2147483648
1068565499
0
1070611137
2147483648
1072461765
1073741824
1070300997
2147483648
1072323715
3758096384
1069866244
2147483648
1072686407
3221225472
1071116171
2147483648
1072617704
1610612736
1071863971
536870912
1072601507
1610612736
1071452773
2147483648
1069226872
0
1072385975
536870912
1072542748
1073741824
1072131910
1073741824
1071237548
0
1071646824
1610612736
1071842789
1610612736
1071409673
0
1070830600
1073741824
1069766558
0
1071573380
2147483648
1072211722
3758096384
1071461100
1073741824
1072693247
2684354560
93
