Uvec
2226355706
1070133600
0
1072164972
1610612736
1072117474
0
1071821360
1073741824
1068933303
0
1072638919
0
1071851616
1610612736
1072588277
1610612736
1071145876
1073741824
1071969384
3758096384
1072325676
3758096384
1071217855
0
1072055130
3221225472
1067920718
0
1071866800
1610612736
1071407634
2147483648
1069631811
0
1069812661
0
1070429575
0
1071367078
2147483648
1070965221
3221225472
1072304576
1073741824
1065628376
0
1072664312
2147483648
1070990027
1073741824
1065946224
0
1070073094
2147483648
1071084762
0
1071959608
2684354560
1070132985
0
1071190307
0
1070644296
1073741824
1072246354
1073741824
1071670194
2684354560
1072119310
536870912
1069571075
2147483648
1069861051
2147483648
1072662653
3758096384
1068837016
0
1070333089
0
1072035074
1610612736
1071951457
2147483648
1071832842
2147483648
1071721500
1073741824
1070939036
3221225472
1064813248
0
1069740025
2147483648
1072278757
2147483648
1070574648
2147483648
1069466968
0
1072190814
0
1070655582
2147483648
1071732715
1073741824
1070916129
3221225472
1071734066
3758096384
1071785175
0
1072675311
2684354560
1072664435
3758096384
1072133391
3221225472
1072431792
2684354560
1072013023
2684354560
1072058377
1073741824
1072488248
2684354560
1072301283
2684354560
1065490208
0
1068287912
0
1067981244
0
1072025343
3758096384
1072448572
1073741824
1070684552
2147483648
1071956999
3758096384
1071355341
1073741824
1070153399
2147483648
1072221067
2684354560
1072124418
0
1071162892
2147483648
1070331167
0
1068929124
0
1069026582
0
1069188535
0
1072182395
3221225472
1071926616
3758096384
1070081040
0
1071595959
3221225472
1071059109
2147483648
1071118811
0
1071764954
1073741824
1072299170
0
1068088788
0
1067417756
0
1071462477
2147483648
1071327231
2147483648
1072621704
0
1071202392
2147483648
1071145630
3221225472
1071775355
1073741824
1072420206
1610612736
1071849941
1073741824
1071461100
1073741824
1072693247
2684354560
77
