Uvec
2226355706
1071506400
2147483648
1072490247
1610612736
1072536643
3221225472
1070255433
0
1072242098
2147483648
1071310380
2147483648
1070691654
3221225472
1070613395
2147483648
1071950475
3221225472
1069519119
0
1071027233
0
1069918057
2147483648
1071825657
2684354560
1068548255
0
1072033370
3758096384
1069762999
2147483648
1071400783
2147483648
1071883014
2684354560
1072561519
3221225472
1071798127
2684354560
1070945623
1073741824
1068287384
0
1072684587
2147483648
1071043849
3221225472
1067844344
0
1070947889
2147483648
1071369093
1073741824
1069310872
0
1070884287
3221225472
1071945490
2147483648
1071330617
1073741824
1069459956
0
1070579412
2147483648
1071053153
0
1071436742
1073741824
1072104332
536870912
1071341497
1073741824
1072068112
2684354560
1069743450
0
1072280679
2684354560
1072304484
536870912
1069320994
0
1071914235
2147483648
1072350880
0
1070694479
3221225472
1071767849
3221225472
1066576740
0
1071470850
0
1072064610
2147483648
1072552766
1073741824
1072135490
3221225472
1069131662
0
1072434790
1610612736
1071009004
2147483648
1072013584
1610612736
1070960407
2147483648
1072000097
1073741824
1070034555
2147483648
1070121764
0
1072279093
3221225472
1071458024
1073741824
1072542399
3221225472
1071923311
1610612736
1070428559
0
1072512715
3221225472
1072289865
2147483648
1071903050
3221225472
1072569534
3221225472
1069660488
2147483648
1072573031
3221225472
1071987203
2147483648
1070065727
2147483648
1072624370
2147483648
1072006712
3221225472
1072010753
0
1070040743
2147483648
1070768736
3221225472
1071462385
3221225472
1072169025
1610612736
1072465508
3221225472
1067489864
0
1068893152
0
1072621770
1610612736
1069626031
0
1072093700
1073741824
1071837067
1073741824
1071861674
2147483648
1072597922
0
1070980205
2147483648
1068005306
0
1071804609
3221225472
1071490845
1073741824
1071683523
2147483648
1067785162
0
1071261813
2147483648
1067708772
0
1069110196
0
1071753432
3221225472
1071461100
1073741824
1072693247
2684354560
65
