Uvec
2226355706
1071608905
2147483648
1070749362
3221225472
1071804372
0
1071497078
2147483648
1069374504
0
1072132296
3758096384
1070614441
3221225472
1072325461
1610612736
1072156189
2147483648
1072019340
536870912
1072360066
2684354560
1071797777
3758096384
1070069592
0
1070376057
2147483648
1066634876
0
1061946368
0
1064879072
0
1070134512
2147483648
1067291840
0
1071806269
1073741824
1072416141
0
1071280696
2147483648
1070351619
2147483648
1071345525
3221225472
1070344397
0
1071851651
1073741824
1072468394
2147483648
1071857848
3221225472
1071785951
2147483648
1071807874
536870912
1071720067
1610612736
1072031483
0
1071774194
2684354560
1071721244
1610612736
1069923188
0
1071485290
3221225472
1072375460
2147483648
1072562531
0
1071162790
1073741824
1072152603
1610612736
1070112150
0
1070716969
1073741824
1068496220
0
1071969381
2147483648
1072340917
2147483648
1070983592
1073741824
1070342023
0
1071806159
536870912
1070564924
2147483648
1069294036
0
1071471005
0
1072381195
536870912
1072409239
2684354560
1070933258
1073741824
1072352104
536870912
1070324000
2147483648
1072295085
1073741824
1071670256
1610612736
1071830312
536870912
1072592449
3221225472
1072121147
3758096384
1072363001
2147483648
1071176721
1073741824
1072087237
2147483648
1067539360
0
1069324729
0
1072582855
1610612736
1071120333
1073741824
1069477126
0
1072518405
0
1071945562
1610612736
1072384898
3758096384
1067920630
0
1071372889
2147483648
1072194543
2684354560
1068530307
0
1071754417
1610612736
1068531791
0
1071946364
3221225472
1071083233
1073741824
1072376642
536870912
1071200028
0
1072255550
2684354560
1071840879
1610612736
1072044079
2684354560
1069964105
2147483648
1068856448
0
1071892624
2147483648
1071755205
3758096384
1071577274
2147483648
1072449498
2684354560
1069970997
0
1068020816
0
1072453008
3221225472
1071548575
2147483648
1071871779
3221225472
1071687642
3758096384
1069635828
0
1071461100
1073741824
1072693247
2684354560
77
