Uvec
2226355706
1072208430
1610612736
1071377012
3221225472
1066456792
0
1071832569
0
1071392865
2147483648
1071791390
536870912
1070878734
2147483648
1072078003
2147483648
1070923220
0
1072174161
3221225472
1071811799
1073741824
1068984902
0
1072417736
3758096384
1071773278
0
1070903964
0
1070836196
3221225472
1071575194
2147483648
1069721933
0
1072603358
536870912
1071503965
0
1072187517
0
1071898260
2684354560
1071301420
3221225472
1066737452
0
1072004372
2147483648
1068680113
0
1071857798
2147483648
1072178696
2147483648
1068976957
0
1071884695
3758096384
1070886291
2147483648
1071094509
1073741824
1072559938
536870912
1070768289
1073741824
1070740997
0
1070140720
2147483648
1072025733
2684354560
1069695196
0
1070966371
2147483648
1070276098
2147483648
1071814849
3221225472
1072574858
2684354560
1071964756
2147483648
1071438525
2147483648
1071579628
0
1072469254
0
1072230868
3221225472
1072598131
536870912
1072116477
0
1069120082
0
1071806417
1073741824
1071765706
0
1072646631
0
1069860656
2147483648
1071069709
3221225472
1071336892
0
1071738733
3221225472
1070798650
0
1071911508
2147483648
1067611278
0
1071860449
2147483648
1071990927
536870912
1071933411
2147483648
1072373076
1073741824
1069564237
2147483648
1071401718
3221225472
1072335023
1073741824
1068738626
0
1072425269
1073741824
1071542114
0
1068252612
0
1072641974
0
1072658542
0
1072355898
3758096384
1071214219
3221225472
1067497260
0
1070516291
2147483648
1072482534
2147483648
1071864974
3221225472
1071851933
2684354560
1071359886
1073741824
1071877318
1610612736
1067963708
0
1071106494
2147483648
1072104549
0
1070666522
1073741824
1071205949
0
1069969620
0
1072340308
2684354560
1071823484
3221225472
1071809518
3758096384
1070566386
2147483648
1072378995
536870912
1069457774
0
1072617074
536870912
1072506580
3221225472
1067143692
0
1071770666
536870912
1071461100
1073741824
1072693247
2684354560
45
