Uvec
2226355706
1070702895
3221225472
1071579610
1073741824
1072030307
0
1071720997
2684354560
1069410639
0
1068918795
0
1072558759
3758096384
1072586367
536870912
1072037056
536870912
1071147607
2147483648
1071923463
536870912
1070035526
2147483648
1071692624
0
1072660187
2684354560
1071370101
2147483648
1070950730
2147483648
1069360805
0
1071874957
2147483648
1070024408
0
1070981228
1073741824
1069868794
0
1068842759
0
1069636488
0
1065999600
0
1070949601
1073741824
1071677934
2147483648
1072114183
1073741824
1071145199
0
1072057009
1073741824
1069122656
0
1071062703
2147483648
1071818910
1073741824
1072658069
3221225472
1072347951
1610612736
1070890428
1073741824
1070796988
3221225472
1069802129
0
1071101528
1073741824
1072023258
2147483648
1072324312
3221225472
1071189375
2147483648
1071870382
0
1070418034
0
1072645924
3221225472
1070064399
0
1071692742
2684354560
1070625940
3221225472
1071239849
2147483648
1071994531
1610612736
1072094465
2147483648
1072617991
2684354560
1072587525
2147483648
1070259720
0
1071730480
3221225472
1071654127
3758096384
1071044892
1073741824
1070134051
2147483648
1068324998
0
1071660604
1073741824
1070787678
2147483648
1070246415
0
1067321096
0
1072044573
2147483648
1072044837
0
1069868599
0
1071808270
0
1071296593
2147483648
1072507462
0
1071755790
0
1068119934
0
1070800163
0
1072012443
3221225472
1067280732
0
1072028031
3758096384
1071823179
1610612736
1071926211
0
1072353705
3758096384
1072007822
536870912
1072641782
1610612736
1072544684
1610612736
1068935406
0
1069686765
0
1069131374
0
1071529307
2147483648
1071429482
2147483648
1072171007
1073741824
1071181948
0
1069511468
0
1071614139
2147483648
1070926316
3221225472
1071788245
1073741824
1072346657
1610612736
1072529924
2684354560
1070511142
0
1069972528
2147483648
1071833907
536870912
1070888096
0
1072263943
3221225472
1071461100
1073741824
1072693247
2684354560
96
