Uvec
2226355706
1071128000
1073741824
1072293576
1610612736
1071252484
1073741824
1072177899
1073741824
1068379612
0
1068112042
0
1072648678
3758096384
1070233349
0
1071848077
1610612736
1072413705
1610612736
1072333772
0
1067277836
0
1070177031
2147483648
1071040930
0
1071570845
3221225472
1070451781
2147483648
1072415789
3758096384
1068908273
0
1072183468
2147483648
1070702592
2147483648
1072653226
3758096384
1070116364
2147483648
1070300371
0
1072090467
536870912
1072183115
3758096384
1071761652
1610612736
1071748599
2147483648
1072277773
3758096384
1071115872
0
1071432974
2147483648
1072098923
3221225472
1068865539
0
1070870578
0
1071654341
3221225472
1072446676
0
1071945356
2147483648
1070365678
2147483648
1072151275
2684354560
1070198827
2147483648
1072305442
0
1072513165
536870912
1069259198
0
1072461169
3758096384
1072550981
3758096384
1072018675
3758096384
1072322432
0
1072405568
1610612736
1070900074
2147483648
1071949583
2684354560
1070895187
2147483648
1072043042
3221225472
1071160336
0
1068329228
0
1072450503
2684354560
1071486594
0
1072666002
536870912
1070466330
2147483648
1070996133
0
1071947147
536870912
1063190208
0
1072600919
0
1071857809
0
1069003148
0
1071257223
1073741824
1071187760
3221225472
1072089414
1073741824
1071719659
2684354560
1066722628
0
1070666890
2147483648
1071889992
536870912
1071808390
3221225472
1072541955
1610612736
1072067224
1073741824
1071845440
2684354560
1069779707
0
1071050803
2147483648
1072409834
3221225472
1072520075
3758096384
1071779456
3221225472
1072516813
1610612736
1072420520
1073741824
1071834874
1073741824
1071806096
2147483648
1070770482
1073741824
1070125229
2147483648
1072622568
2684354560
1071702382
2684354560
1070746980
1073741824
1072459707
536870912
1071451680
2147483648
1070075175
0
1071288045
3221225472
1072527522
2147483648
1069656027
0
1072075906
3758096384
1071363722
1073741824
1070652200
0
1066574760
0
1071461100
1073741824
1072693247
2684354560
22
