Uvec
2226355706
1071927435
0
1071155992
1073741824
1071743588
1073741824
1071994405
0
1070983040
0
1072289781
1610612736
1071928100
1073741824
1070612132
3221225472
1071384453
3221225472
1070849190
0
1071467027
3221225472
1070428704
0
1070396798
0
1069018819
0
1067822284
0
1071501920
0
1069735967
2147483648
1072131458
3758096384
1068446446
0
1071446989
3221225472
1072649084
3758096384
1071398422
2147483648
1070284406
2147483648
1072046774
2684354560
1070976692
2147483648
1072623620
2147483648
1069678841
2147483648
1071162534
1073741824
1071918461
2684354560
1071683745
536870912
1072270194
3758096384
1071932092
1610612736
1072189144
1073741824
1072593676
2147483648
1072477828
1610612736
1071513536
0
1070528749
0
1071367768
2147483648
1071562724
2147483648
1070090151
2147483648
1072190782
0
1072636928
536870912
1071570167
2147483648
1072129041
1073741824
1071875155
536870912
1071901368
2147483648
1072650947
0
1072525952
0
1072187010
536870912
1070793261
1073741824
1072156765
536870912
1072522559
2684354560
1069022595
0
1071806355
2684354560
1072245742
3758096384
1072637863
1073741824
1071817851
536870912
1072447402
1073741824
1071540608
1073741824
1069883929
2147483648
1071441414
1073741824
1071334839
2147483648
1070894713
0
1071919616
3221225472
1066798592
0
1072552432
0
1070235048
0
1071126422
2147483648
1071063280
0
1071128235
0
1072065993
1073741824
1071480882
2147483648
1070369657
2147483648
1068696203
0
1071076452
2147483648
1069575989
2147483648
1071390249
2147483648
1071752580
0
1072432611
1073741824
1071764847
536870912
1071697710
0
1070496695
2147483648
1069621148
2147483648
1066200824
0
1071677793
536870912
1072566998
1610612736
1071601009
3221225472
1071867353
2684354560
1072627807
2147483648
1070902049
3221225472
1071255382
2147483648
1068697955
0
1071872243
2147483648
1070029652
0
1071896071
2147483648
1071743293
536870912
1072516619
3758096384
1069715529
0
1071461100
1073741824
1072693247
2684354560
35
