Uvec
2226355706
1071771340
2684354560
1067110176
0
1072342464
3758096384
1067852978
0
1068132536
0
1069172451
0
1071523244
1073741824
1071590099
3221225472
1071188423
3221225472
1072063639
1610612736
1072098950
536870912
1070555049
2147483648
1070474718
2147483648
1070884539
2147483648
1072128917
3221225472
1071745428
3758096384
1072337638
3758096384
1071935613
1610612736
1072279031
1073741824
1071976540
3221225472
1070930356
1073741824
1072425169
2684354560
1071399097
3221225472
1072673872
1610612736
1072167024
2684354560
1071678616
1073741824
1064996720
0
1071976933
1073741824
1071412260
1073741824
1070160707
2147483648
1070437599
2147483648
1070781067
2147483648
1070910013
3221225472
1072609419
0
1070999471
2147483648
1070485234
0
1071290635
1073741824
1071333544
1073741824
1072017039
0
1072163628
536870912
1070870514
3221225472
1070840284
0
1069925856
2147483648
1071880739
536870912
1070766008
1073741824
1070512409
0
1070304875
0
1069126880
0
1069247142
0
1072570927
3221225472
1072311500
2147483648
1070751364
2147483648
1069669937
0
1071862096
2147483648
1072564190
536870912
1072124576
0
1072162017
1610612736
1071444232
2147483648
1069575096
2147483648
1072526570
536870912
1071037157
0
1071798528
3221225472
1072305894
1073741824
1071455269
3221225472
1072192606
2684354560
1070580096
2147483648
1068916908
0
1072580359
2147483648
1070245541
2147483648
1070950717
1073741824
1071973339
536870912
1071006752
3221225472
1070625971
2147483648
1072017288
1610612736
1070467532
2147483648
1070017967
2147483648
1069875465
2147483648
1070317687
2147483648
1071541237
3221225472
1072608483
2684354560
1069906337
0
1070928662
3221225472
1069187165
0
1069459568
0
1069830937
2147483648
1067314760
0
1072219459
1073741824
1070994410
1073741824
1070962731
0
1071993613
3221225472
1067974946
0
1072338585
0
1070143179
0
1070895207
3221225472
1072384395
3221225472
1072408619
0
1072522452
3758096384
1068914748
0
1071461100
1073741824
1072693247
2684354560
74
