Uvec
2226355706
1070413361
2147483648
1069758871
2147483648
1066810988
0
1072215836
2684354560
1072146480
1073741824
1067699166
0
1071894959
0
1072399597
2147483648
1071701613
2684354560
1072567940
3221225472
1066969660
0
1072479122
536870912
1070804069
1073741824
1071360341
3221225472
1070855655
1073741824
1072568277
3221225472
1072262636
0
1072152843
2147483648
1070352694
2147483648
1071683657
0
1072245174
0
1072502010
2684354560
1072615607
3221225472
1071710047
1073741824
1070665866
1073741824
1071842308
0
1071847390
2684354560
1072670467
3758096384
1072613843
3758096384
1071953918
2147483648
1072642494
3758096384
1071042632
0
1068559413
0
1069813236
2147483648
1070021312
2147483648
1070801140
0
1071815433
2147483648
1072126779
2684354560
1070905431
2147483648
1070603500
3221225472
1070453572
2147483648
1069528553
0
1066544088
0
1071486105
0
1071978399
1073741824
1071723591
1073741824
1070218346
0
1065993912
0
1072235811
2684354560
1071806790
3221225472
1071669766
2684354560
1071724195
2147483648
1071998673
3221225472
1069811398
0
1072179945
1073741824
1072499855
1610612736
1072585038
1610612736
1071457179
2147483648
1070862746
1073741824
1072002846
2147483648
1067820150
0
1069560486
2147483648
1070834782
2147483648
1071697567
536870912
1069670661
2147483648
1071543931
1073741824
1068663649
0
1070594779
0
1070741553
1073741824
1072387879
3221225472
1071016444
0
1072642894
0
1072229804
1073741824
1071225355
1073741824
1065786400
0
1072354086
1610612736
1071779679
536870912
1071861524
1610612736
1072030160
0
1072475725
1610612736
1070457507
0
1071096095
2147483648
1070930821
0
1071818779
1073741824
1072006935
2684354560
1072471467
3758096384
1071471482
3221225472
1070078778
2147483648
1072486452
3221225472
1072569076
2147483648
1069584513
2147483648
1071851549
3758096384
1071514062
2147483648
1070515408
2147483648
1072201021
1610612736
1071814807
2684354560
1072010699
2147483648
1072639197
1073741824
1071461100
1073741824
1072693247
2684354560
72
