Uvec
2226355706
1069894994
0
1071605867
0
1072352336
1073741824
1070843198
2147483648
1071037221
0
1070205072
0
1068068096
0
1071872097
0
1069631364
2147483648
1071815837
2684354560
1070874749
2147483648
1072216041
1610612736
1070664855
2147483648
1072001427
1073741824
1071466058
0
1069385386
0
1072507747
536870912
1070347679
0
1070455871
2147483648
1071031892
2147483648
1071446456
2147483648
1071871455
3758096384
1071824918
536870912
1072343758
536870912
1069616766
0
1071500610
0
1072692874
2684354560
1072060677
3758096384
1071245939
0
1072308121
3758096384
1072331394
1610612736
1072577810
3221225472
1071044593
2147483648
1071826140
0
1071725357
2147483648
1071735067
2147483648
1070422535
0
1071950951
3758096384
1071816429
3758096384
1072452925
2684354560
1071581730
0
1071365831
2147483648
1071823443
1073741824
1071001114
2147483648
1067631420
0
1069549533
0
1067647350
0
1071582956
0
1069248495
0
1072476243
3758096384
1072409213
1610612736
1072182563
0
1072303779
2684354560
1071827396
536870912
1070264434
2147483648
1072281965
536870912
1072037632
2147483648
1070748671
3221225472
1070875992
2147483648
1072351235
2147483648
1072358996
0
1072622347
3221225472
1072055472
536870912
1070348461
2147483648
1071991624
1073741824
1071430712
0
1070832546
3221225472
1072484855
2147483648
1072632111
536870912
1070112987
2147483648
1069484556
0
1069420837
0
1070935801
2147483648
1071989320
0
1070990677
3221225472
1068045950
0
1071679087
3758096384
1069954735
0
1070149193
2147483648
1071711220
1073741824
1071202694
3221225472
1071991132
3758096384
1070837558
0
1071587738
2147483648
1070397566
0
1072511604
1073741824
1070778284
0
1072359225
1610612736
1071115581
1073741824
1069441797
0
1071690060
2147483648
1071884379
2684354560
1072573928
3221225472
1071691047
3221225472
1070781766
1073741824
1071766051
2147483648
1069053648
0
1071733185
1610612736
1071461100
1073741824
1072693247
2684354560
57
