Uvec
2226355706
1072011140
3758096384
1072615407
3221225472
1070990013
3221225472
1071267783
2147483648
1068283806
0
1070432801
2147483648
1072311171
1610612736
1069479302
0
1071723653
0
1071926404
1073741824
1070736626
0
1071295043
2147483648
1072243513
3758096384
1072072204
536870912
1068927759
0
1070957027
0
1072100194
1073741824
1070838295
1073741824
1072524988
0
1070338958
0
1070621353
1073741824
1071251966
3221225472
1067793540
0
1071902091
0
1072422117
3221225472
1068991307
0
1072234173
2684354560
1070998540
1073741824
1071891978
536870912
1066608628
0
1071723886
2147483648
1071947644
2684354560
1069921663
0
1071968501
0
1072683134
536870912
1069875728
0
1071288752
3221225472
1067552400
0
1070357366
0
1070950817
0
1072528604
3758096384
1071594241
2147483648
1071796585
3758096384
1072140708
536870912
1071962009
2684354560
1071726006
1073741824
1071145447
2147483648
1069213545
0
1071894906
536870912
1072293953
536870912
1072068964
3221225472
1072141996
1073741824
1071440585
3221225472
1072536292
3221225472
1071439679
3221225472
1072073936
1073741824
1069342352
0
1070377926
2147483648
1072035873
0
1063836416
0
1070407437
0
1072133882
3221225472
1071762529
0
1072065626
3758096384
1071998809
1610612736
1071849665
2147483648
1072570855
0
1070504992
0
1070626377
1073741824
1072482767
0
1070068502
0
1072240229
536870912
1070680135
1073741824
1071865887
2147483648
1065973352
0
1071974294
1610612736
1072658719
0
1069707437
0
1070743198
0
1071612411
2147483648
1071665758
1073741824
1071254886
2147483648
1071264824
2147483648
1071945616
1610612736
1071844432
2147483648
1072229958
3221225472
1070289698
2147483648
1070341471
2147483648
1072434752
3758096384
1072411466
2684354560
1069543250
0
1070836884
3221225472
1070066514
2147483648
1070022630
2147483648
1071931232
3758096384
1071969713
536870912
1071363661
2147483648
1070423965
0
1071461100
1073741824
1072693247
2684354560
2
