Uvec
2226355706
1072095236
3221225472
1071117009
3221225472
1071720213
0
1070026975
2147483648
1071081349
0
1072619403
1073741824
1070463064
2147483648
1070870592
1073741824
1069766569
2147483648
1072463064
2684354560
1071826621
536870912
1072008667
536870912
1072250260
2147483648
1072013446
1610612736
1068638530
0
1072381744
3758096384
1072405803
0
1071536366
1073741824
1071824498
2147483648
1070232897
2147483648
1071547899
3221225472
1072108940
3758096384
1070580828
0
1071383663
3221225472
1071988608
1610612736
1069640964
2147483648
1069619952
0
1070161970
2147483648
1071669495
1073741824
1072031995
536870912
1069236176
0
1070306445
0
1071792978
3221225472
1063983808
0
1070202861
2147483648
1071938419
2147483648
1071039008
2147483648
1072218155
3758096384
1072306548
3221225472
1072362510
0
1072384863
536870912
1072234998
3758096384
1072282559
3221225472
1070736848
1073741824
1072134659
1610612736
1072691901
0
1071312941
1073741824
1069843306
2147483648
1069566428
2147483648
1072322792
0
1069568125
0
1066250176
0
1071687468
2684354560
1071468959
2147483648
1071844691
1610612736
1072612283
3221225472
1070258292
2147483648
1070746185
3221225472
1070547027
0
1072290285
3758096384
1070750215
1073741824
1067840158
0
1071020507
1073741824
1066672644
0
1072579534
2147483648
1069860268
0
1071971740
2147483648
1071046435
3221225472
1071191522
0
1072498664
1073741824
1068679152
0
1071784213
3221225472
1069705710
2147483648
1071657981
0
1070796180
3221225472
1071206134
2147483648
1070888660
0
1072011414
1073741824
1068307540
0
1072279528
2684354560
1070641812
3221225472
1072672137
2684354560
1069910356
0
1071685094
3221225472
1069590104
2147483648
1070698422
1073741824
1072296573
1073741824
1072640389
3758096384
1071658406
0
1072404389
0
1071709776
3221225472
1066689160
0
1072656313
536870912
1072207017
3758096384
1069294713
0
1069200391
0
1072683455
2684354560
1071074771
3221225472
1071461100
1073741824
1072693247
2684354560
9
