Uvec
2226355706
1072668618
1073741824
1072532140
3221225472
1070708948
0
1069801419
0
1072683989
3221225472
1071963344
3221225472
1069669103
2147483648
1072384078
0
1069449188
0
1071120848
1073741824
1071098280
1073741824
1072056113
1073741824
1071864093
3221225472
1071015618
2147483648
1071248413
1073741824
1071915103
3758096384
1070882598
0
1072474087
536870912
1068542780
0
1070600069
2147483648
1072204689
2684354560
1071236625
3221225472
1072385244
1073741824
1072634050
3221225472
1071682367
3758096384
1071177108
3221225472
1072526499
2684354560
1070847046
0
1069517511
0
1072211644
3758096384
1071993309
2684354560
1072032761
3758096384
1071724545
1610612736
1072539827
1073741824
1069102618
0
1072264043
1073741824
1071922888
2684354560
1071186322
0
1071875520
1073741824
1066998932
0
1071772624
2684354560
1069947331
2147483648
1071739452
3758096384
1070774358
1073741824
1072393049
0
1071030447
2147483648
1072413548
1073741824
1070893801
0
1072321455
2147483648
1071739872
536870912
1071823582
0
1072355384
1610612736
1071401778
1073741824
1072580970
2684354560
1072254172
3221225472
1071459969
2147483648
1069079330
0
1069379913
0
1068489158
0
1071988907
536870912
1071599102
2147483648
1071042011
1073741824
1072039641
2147483648
1072460544
2147483648
1072583790
536870912
1071163225
0
1072551233
2147483648
1071320976
1073741824
1071499630
2147483648
1069351081
0
1069184755
0
1072401361
1610612736
1068901870
0
1070673223
3221225472
1071285511
2147483648
1071800472
1610612736
1071562143
2147483648
1072108789
536870912
1069439217
0
1071720403
1610612736
1071800935
1073741824
1070634983
2147483648
1070616930
3221225472
1068674425
0
1071190994
0
1071918038
1073741824
1072528270
1610612736
1071660553
2684354560
1072657252
1073741824
1071771531
536870912
1072337156
1073741824
1072514858
1610612736
1072331667
3758096384
1071870007
3758096384
1069511670
0
1071118716
3221225472
1072156474
1073741824
1072613254
1610612736
1071461100
1073741824
1072693247
2684354560
48
