Uvec
2226355706
1071647243
3758096384
1069850673
2147483648
1071233823
0
1071723102
3221225472
1069960861
0
1072251558
2684354560
1070811112
3221225472
1070322952
2147483648
1072247610
2147483648
1072292968
1073741824
1071036664
0
1071855917
2684354560
1072078702
2684354560
1071688505
2684354560
1072546996
0
1072488994
1073741824
1071261414
0
1072148440
1610612736
1072178192
536870912
1068535484
0
1072220837
3758096384
1070642765
2147483648
1072433593
0
1072633166
2147483648
1070045279
2147483648
1072182288
0
1071896013
3758096384
1072591122
1073741824
1068556607
0
1071974187
536870912
1070559894
2147483648
1072346814
1073741824
1070006091
2147483648
1071944793
536870912
1071711652
3758096384
1072412524
2684354560
1068181574
0
1068066974
0
1072552206
1610612736
1070162849
0
1069294900
0
1072502150
3758096384
1071353230
1073741824
1072163757
1073741824
1072105012
1073741824
1068847409
0
1072135736
3221225472
1071582900
3221225472
1071784216
0
1070970079
1073741824
1072577483
3758096384
1071001869
3221225472
1071786425
2147483648
1071961837
536870912
1071576688
2147483648
1068776719
0
1071818104
3221225472
1071705054
2147483648
1070988660
3221225472
1071009167
3221225472
1072196539
1610612736
1071546275
1073741824
1069738500
0
1071722844
1610612736
1071916207
536870912
1071717770
3221225472
1071059001
3221225472
1071744332
536870912
1071553844
1073741824
1072284870
1610612736
1071346792
2147483648
1071700942
2684354560
1069523210
0
1069383612
0
1072244364
3758096384
1070611033
3221225472
1072509021
3221225472
1072109998
2147483648
1072174444
3758096384
1069810210
0
1071755742
2147483648
1071100141
3221225472
1070972775
3221225472
1071650863
1610612736
1071014653
1073741824
1071910166
1610612736
1071821352
2147483648
1071838357
2147483648
1068193660
0
1069350925
0
1070142295
0
1068820685
0
1071532786
1073741824
1067882366
0
1070996670
1073741824
1071210746
2147483648
1071962582
3221225472
1071302795
2147483648
1071461100
1073741824
1072693247
2684354560
67
