Uvec
2226355706
1071124860
1073741824
1072661905
3758096384
1070784686
2147483648
1071919187
0
1071099952
2147483648
1069930439
0
1071941528
1073741824
1072506854
3221225472
1071039109
2147483648
1071355400
0
1072022795
0
1072575428
1610612736
1071351407
1073741824
1071198019
3221225472
1072196671
3758096384
1071656235
3758096384
1069157083
0
1072172851
2147483648
1070011780
2147483648
1072313475
2147483648
1071967730
3221225472
1072457069
1073741824
1072269576
1610612736
1071495006
3221225472
1070443077
0
1072090681
3221225472
1071536816
2147483648
1066731972
0
1070733972
3221225472
1069832156
2147483648
1070527387
2147483648
1071772798
1073741824
1072342306
536870912
1070815886
1073741824
1069784815
0
1071824104
3221225472
1071106861
3221225472
1070884398
2147483648
1071248923
3221225472
1072089011
2147483648
1071154329
2147483648
1070390986
0
1071260224
3221225472
1068659347
0
1071995027
3221225472
1072178568
2147483648
1072153290
1610612736
1072184813
2684354560
1065928256
0
1071613821
3221225472
1072432154
536870912
1071391469
2147483648
1072693158
3758096384
1071916013
1610612736
1072199798
3221225472
1072216377
3221225472
1071253646
1073741824
1070152828
2147483648
1072521478
1610612736
1071802928
1073741824
1072387004
2147483648
1072206886
3758096384
1072365143
1073741824
1069014011
0
1070985787
1073741824
1072445056
3758096384
1070214904
0
1072387459
3221225472
1072378840
536870912
1072663371
1610612736
1071817682
3221225472
1072145401
0
1072082554
3758096384
1066775624
0
1072490388
1073741824
1065700392
0
1070304281
0
1070956257
2147483648
1071501182
3221225472
1071704370
1073741824
1071937387
536870912
1070855545
1073741824
1072039937
0
1072684969
536870912
1070707492
3221225472
1072557825
3221225472
1072263363
1610612736
1072599800
1610612736
1071842746
1610612736
1072124319
3758096384
1065665384
0
1072125990
0
1068056568
0
1071773198
536870912
1072581335
3221225472
1067648052
0
1071725331
1610612736
1071832498
3221225472
1071461100
1073741824
1072693247
2684354560
53
