Uvec
2226355706
1072517490
536870912
1070154301
2147483648
1071868015
2147483648
1072380921
1073741824
1071841352
3221225472
1071806163
2684354560
1072495057
3758096384
1070533431
0
1072052525
3221225472
1070458395
0
1072670377
0
1071141303
0
1070072738
2147483648
1070529617
0
1072124351
2684354560
1071787863
1073741824
1069953054
2147483648
1070213799
0
1072271056
2147483648
1071318365
3221225472
1070554014
0
1072078171
2147483648
1070146295
2147483648
1067694996
0
1069832184
0
1070178269
2147483648
1072047992
536870912
1070483475
2147483648
1071200851
0
1072523390
536870912
1068621948
0
1071855031
0
1071741026
3758096384
1072022856
2147483648
1071431541
1073741824
1069219780
0
1070387575
0
1072366929
1610612736
1070597265
3221225472
1071501883
1073741824
1072143837
2147483648
1071490776
3221225472
1071692751
2147483648
1071903562
1073741824
1072186021
2147483648
1071192412
1073741824
1072298751
536870912
1070627789
2147483648
1071473865
1073741824
1071238275
1073741824
1072399595
1610612736
1070691436
2147483648
1071727620
2684354560
1071029381
3221225472
1071849841
0
1071866456
1610612736
1071949043
2147483648
1069951740
2147483648
1071241213
1073741824
1071452008
3221225472
1072636186
3758096384
1071316327
2147483648
1069669323
0
1072530961
3758096384
1069366507
0
1071248054
3221225472
1070883625
3221225472
1072537402
0
1070806296
0
1072106128
0
1069301938
0
1072685376
1073741824
1072185054
1610612736
1072022025
0
1070647520
1073741824
1072526806
536870912
1066513792
0
1071744995
2684354560
1072408445
3758096384
1067619646
0
1071368232
0
1071076366
2147483648
1072152305
536870912
1070387152
0
1064463312
0
1069956502
2147483648
1070200254
0
1072674978
2684354560
1069670968
2147483648
1071135534
2147483648
1072419977
2147483648
1072175038
3758096384
1071408041
2147483648
1069268898
0
1069901196
0
1070605654
1073741824
1071587501
2147483648
1070787103
1073741824
1071461100
1073741824
1072693247
2684354560
75
