Uvec
2226355706
1072600248
2147483648
1072668194
1073741824
1070643797
3221225472
1066083312
0
1072354336
2684354560
1070035748
2147483648
1071838689
3221225472
1072202343
3221225472
1072319220
536870912
1072593312
1610612736
1070699014
2147483648
1071773247
0
1068784257
0
1072228679
0
1068085606
0
1071828208
3221225472
1072354700
2684354560
1072375903
2684354560
1070826953
0
1071162597
2147483648
1071901250
2147483648
1062046720
0
1072254919
536870912
1072683569
3221225472
1068742537
0
1072643893
2684354560
1063568896
0
1064378656
0
1072680244
2147483648
1072208853
3221225472
1069886368
0
1067670758
0
1070218821
2147483648
1070392512
2147483648
1071975501
2147483648
1068082036
0
1069955023
2147483648
1071455882
0
1068213336
0
1072345512
536870912
1072405273
1610612736
1072277847
1073741824
1071108647
1073741824
1071994098
0
1072628219
1073741824
1070447515
0
1071958990
1610612736
1070697678
0
1071777541
2684354560
1070610130
3221225472
1072259247
536870912
1071588764
2147483648
1071999004
2147483648
1070988287
3221225472
1067600188
0
1072525848
2147483648
1069026206
0
1070071519
2147483648
1071835030
1610612736
1069899525
0
1071805516
3221225472
1071046679
3221225472
1067603078
0
1070726913
1073741824
1071421064
2147483648
1067433456
0
1072330069
3221225472
1070896867
0
1071948536
1073741824
1072299166
3758096384
1070376841
0
1071838255
2684354560
1072343531
2684354560
1067770166
0
1071653152
0
1072622444
1610612736
1072465939
3221225472
1071796322
3758096384
1071877079
1610612736
1072071820
1610612736
1072168012
0
1072268041
2684354560
1072179102
536870912
1071694715
1073741824
1071530224
1073741824
1072612691
2684354560
1070771656
3221225472
1068531107
0
1071857325
3758096384
1072303637
3221225472
1071895214
2147483648
1071156185
0
1071280440
0
1071692038
0
1071526199
0
1071174492
1073741824
1071959725
2684354560
1072301711
0
1071461100
1073741824
1072693247
2684354560
67
