Uvec
2226355706
1069799655
0
1070731443
1073741824
1072066767
3758096384
1070095944
2147483648
1068144102
0
1072152268
1073741824
1072434816
2684354560
1072593735
0
1069566377
2147483648
1070786363
3221225472
1071109530
1073741824
1070566826
0
1069672732
0
1071713623
2147483648
1072587144
536870912
1072580173
2147483648
1072370032
3758096384
1070853750
3221225472
1072393583
0
1071168339
3221225472
1070481009
2147483648
1072649063
3758096384
1066041216
0
1071637222
2147483648
1071911913
2684354560
1069835542
2147483648
1072437412
3221225472
1071795592
536870912
1071814685
3221225472
1072075125
1073741824
1072023833
1073741824
1070821921
1073741824
1071937804
0
1071964452
1610612736
1071809826
1610612736
1071683707
2147483648
1072460481
3221225472
1072677987
3758096384
1067763142
0
1072606136
1610612736
1071182325
2147483648
1072328469
1073741824
1072484471
2147483648
1072226525
1610612736
1068318148
0
1071721803
2684354560
1071898929
536870912
1071521926
3221225472
1069934130
2147483648
1071414848
0
1072457983
1073741824
1070870321
0
1072073980
3221225472
1071260024
1073741824
1070442287
0
1071653501
0
1069813451
0
1071109211
0
1072151069
0
1072046207
1610612736
1072254292
536870912
1072558762
1073741824
1071660276
3221225472
1072484556
2147483648
1071951382
3758096384
1071624905
3221225472
1071462861
0
1072373152
3758096384
1072287882
1073741824
1070249718
2147483648
1071158708
0
1072166682
2147483648
1071499275
2147483648
1071600651
1073741824
1071155242
1073741824
1070798292
2147483648
1070789509
2147483648
1071862595
1610612736
1071196965
0
1068565453
0
1071793452
1073741824
1070469206
2147483648
1072127398
536870912
1072670404
1073741824
1071410322
0
1071539658
2147483648
1072313974
3758096384
1071673443
0
1072586275
2147483648
1064872016
0
1070376313
0
1070345518
2147483648
1067810782
0
1068394156
0
1071309478
1073741824
1070926677
0
1068888630
0
1072693164
1073741824
1071461100
1073741824
1072693247
2684354560
77
