Uvec
2226355706
1071843309
1073741824
1072017722
3221225472
1069885373
0
1069929342
2147483648
1071160025
0
1071774939
3758096384
1071442972
1073741824
1071863283
0
1072617753
1073741824
1072125820
536870912
1072637688
3221225472
1069901526
0
1071827352
2147483648
1069688164
0
1072140393
0
1070604257
2147483648
1072678422
1610612736
1071213299
3221225472
1070728945
3221225472
1072323984
1610612736
1070982195
2147483648
1071396114
1073741824
1070482137
2147483648
1072630435
1610612736
1072252253
3758096384
1072301314
3221225472
1071484851
0
1071598479
3221225472
1071339354
0
1069704972
2147483648
1072130735
0
1071443805
2147483648
1071891201
3221225472
1071153352
0
1068752094
0
1071157794
2147483648
1072547227
2684354560
1071173783
1073741824
1072363104
1073741824
1072175428
2684354560
1071666993
1073741824
1071089266
0
1069604574
0
1070936656
3221225472
1072461511
1073741824
1068936447
0
1071781657
2684354560
1072690501
3758096384
1070719248
1073741824
1071896666
2147483648
1072660748
536870912
1070968727
1073741824
1072637786
1073741824
1072302740
536870912
1064918352
0
1070535509
2147483648
1070170432
2147483648
1070098328
2147483648
1069005482
0
1072661732
536870912
1071800688
2684354560
1070952093
2147483648
1071043040
1073741824
1066388632
0
1071919649
1610612736
1071951910
1610612736
1072572607
1073741824
1072128112
1073741824
1068665113
0
1072302535
536870912
1065768368
0
1072142861
1610612736
1071898838
1073741824
1070368366
2147483648
1072093216
2684354560
1071879545
0
1068746960
0
1072390511
536870912
1072003771
536870912
1071802711
2147483648
1071968070
3221225472
1069794098
2147483648
1071867743
0
1072031584
3221225472
1070658167
2147483648
1072527378
2684354560
1068582258
0
1069601956
0
1068323018
0
1071547366
0
1069302741
0
1072014804
536870912
1071699399
2684354560
1072348084
536870912
1071460291
1073741824
1072375675
2684354560
1072336055
2147483648
1070764229
0
1071461100
1073741824
1072693247
2684354560
78
