Uvec
2226355706
1071763312
3221225472
1067046560
0
1070380941
0
1072471518
1073741824
1068919207
0
1070767341
0
1072261927
2684354560
1070544282
0
1071913561
3221225472
1068718423
0
1072582400
2147483648
1072295102
3758096384
1069789151
0
1066548416
0
1072370330
1610612736
1070468184
0
1071033634
1073741824
1069892912
0
1072184024
0
1071502525
1073741824
1072548230
2147483648
1071115118
0
1072072906
2147483648
1072362084
3221225472
1071182397
2147483648
1071635674
0
1072021983
3758096384
1072505609
3758096384
1071961929
3758096384
1071480142
2147483648
1072087452
2147483648
1069490883
0
1072059713
2684354560
1071921633
3758096384
1072473056
0
1072122425
3221225472
1071308394
1073741824
1070754304
2147483648
1070120827
0
1066553340
0
1072426173
2684354560
1072042296
2684354560
1069213078
0
1072635270
3758096384
1070658705
2147483648
1069827043
0
1070875359
1073741824
1071654158
1073741824
1072574207
0
1071893291
536870912
1070850747
2147483648
1069616950
0
1072361734
2147483648
1071538379
0
1072225229
0
1072170954
2147483648
1071919543
3221225472
1072407537
536870912
1068342422
0
1071865274
0
1069717012
2147483648
1069687785
2147483648
1068356264
0
1072021123
536870912
1072050436
1610612736
1071350361
1073741824
1071866274
536870912
1071470302
0
1071701042
0
1071299444
3221225472
1072573069
536870912
1072024138
3758096384
1070388464
0
1070784757
2147483648
1071568308
0
1067932884
0
1070673243
2147483648
1071769918
0
1072507863
3221225472
1072036778
536870912
1069742423
2147483648
1070797486
1073741824
1070292513
0
1069720216
0
1072317825
2684354560
1071444422
2147483648
1070082923
0
1070985485
2147483648
1071721499
0
1072433531
3221225472
1072463816
1610612736
1072362807
536870912
1072245260
3758096384
1068963497
0
1072124251
1610612736
1071514104
1073741824
1072118149
1073741824
1072553845
1610612736
1071461100
1073741824
1072693247
2684354560
88
