Uvec
2226355706
1071900316
536870912
1068793977
0
1069565555
0
1072387746
2147483648
1070409492
2147483648
1065165136
0
1071147142
0
1072467859
2147483648
1072584592
536870912
1071052124
1073741824
1071590991
0
1070367648
0
1072221588
3758096384
1067589208
0
1069578112
2147483648
1070012297
2147483648
1072066014
3221225472
1071258914
0
1071661551
3221225472
1071318071
1073741824
1071735859
0
1072368367
0
1072143172
1610612736
1072258251
0
1072375685
3221225472
1071799188
536870912
1070017969
0
1071688303
3758096384
1070833898
3221225472
1071016609
1073741824
1071233395
0
1071776087
2147483648
1071124912
1073741824
1070532994
0
1071764068
3221225472
1072584841
1610612736
1070868156
1073741824
1072377747
3758096384
1063914816
0
1071839191
1073741824
1072415593
2147483648
1072457694
1073741824
1072412746
536870912
1069852806
2147483648
1070869964
2147483648
1070878320
0
1069568829
0
1071377356
3221225472
1071936707
536870912
1072096710
3758096384
1072330873
3758096384
1066551564
0
1071810371
0
1072000934
3758096384
1072078324
536870912
1072123726
2684354560
1071940570
1073741824
1072412104
1073741824
1071879278
2147483648
1071508859
0
1070836500
0
1071162821
3221225472
1071869202
0
1070595688
2147483648
1071840572
1610612736
1071631432
2147483648
1069567950
0
1072553581
2147483648
1070757718
0
1071419951
2147483648
1071525367
0
1069889982
2147483648
1072330284
3758096384
1071703595
3758096384
1070322353
0
1070218444
0
1070562267
0
1069438889
0
1072583906
1073741824
1068859858
0
1072246888
0
1070274480
2147483648
1072205935
2147483648
1071868695
0
1071824978
1610612736
1071114594
1073741824
1072285693
1073741824
1071153928
2147483648
1072613505
536870912
1072282854
3221225472
1072526483
1610612736
1072136439
1073741824
1071510602
0
1070242618
2147483648
1069375346
0
1072615072
1073741824
1070056272
0
1072175369
3758096384
1071461100
1073741824
1072693247
2684354560
5
