Uvec
2226355706
1070572440
2147483648
1070512354
0
1071442261
3221225472
1072583785
3221225472
1070812360
3221225472
1071899297
536870912
1072613385
536870912
1072071694
1610612736
1068701446
0
1070760871
0
1072445284
0
1071897522
1610612736
1072109955
3758096384
1071558031
3221225472
1071647470
2147483648
1067691206
0
1072416745
2684354560
1071606483
1073741824
1072572749
536870912
1069643768
2147483648
1071631588
0
1069308884
0
1071172202
0
1072586537
1073741824
1071454756
3221225472
1070959216
0
1071363409
0
1070556937
0
1072435439
1073741824
1071932663
0
1071750593
3221225472
1069783090
2147483648
1071448124
3221225472
1072372122
2147483648
1067664512
0
1070920050
3221225472
1072416435
3758096384
1071705965
1610612736
1072562861
2147483648
1072544606
3221225472
1072064093
1610612736
1071910897
3758096384
1072014365
3758096384
1071780172
2684354560
1070861964
1073741824
1071643492
1073741824
1071122543
3221225472
1071442969
0
1072309758
1610612736
1071095507
0
1071124240
0
1072093167
3221225472
1072677419
1610612736
1072160503
1073741824
1068300548
0
1072386066
2147483648
1072527514
3758096384
1071989058
536870912
1071222470
2147483648
1072429662
2147483648
1072052821
3758096384
1071908315
1610612736
1070335360
2147483648
1072382925
0
1069587533
0
1072345628
2684354560
1072487735
3758096384
1071145678
3221225472
1069033182
0
1071756316
3758096384
1071049993
3221225472
1071954390
3221225472
1071673384
0
1072561120
0
1072057867
1610612736
1071231291
2147483648
1071237892
3221225472
1071664638
2684354560
1070859484
1073741824
1070968932
1073741824
1072339230
2684354560
1069590099
0
1071961774
2147483648
1070730753
3221225472
1069034783
0
1071508595
1073741824
1070114223
2147483648
1071193179
2147483648
1067920964
0
1070955980
2147483648
1068301868
0
1072310728
1073741824
1070004143
0
1070608987
3221225472
1071964754
3758096384
1071570057
3221225472
1071056948
2147483648
1072368811
3221225472
1071461100
1073741824
1072693247
2684354560
10
