Uvec
2226355706
1070973203
3221225472
1070175558
0
1072326208
2684354560
1072465157
1073741824
1070738222
2147483648
1070951011
2147483648
1071115871
0
1071605140
1073741824
1068887232
0
1072227550
3221225472
1069563894
0
1069002653
0
1072123116
1610612736
1071981609
2684354560
1071076946
0
1071769654
536870912
1072140598
3221225472
1065906528
0
1072163414
3221225472
1071654985
1610612736
1071646654
3221225472
1070612471
1073741824
1072414242
1073741824
1070919262
0
1072310436
1073741824
1071888835
536870912
1071663061
536870912
1070810011
3221225472
1066667396
0
1072313932
536870912
1068225590
0
1072398969
3758096384
1071794530
536870912
1072643579
1610612736
1072655226
1073741824
1072183198
0
1072266850
2684354560
1072405543
3221225472
1071944146
3221225472
1071616296
3221225472
1071984423
2147483648
1071894541
2684354560
1070956526
0
1070206409
0
1068155904
0
1072442127
0
1072351451
536870912
1072547391
1610612736
1072019439
0
1070933447
0
1071635919
3221225472
1071936693
3758096384
1068679988
0
1071446190
1073741824
1070962645
1073741824
1070969699
1073741824
1072392510
0
1071348523
0
1068703921
0
1072534399
1073741824
1071981608
0
1070249833
2147483648
1072223190
2147483648
1072295761
1073741824
1071284435
1073741824
1072150610
536870912
1072470055
3221225472
1070804928
0
1070213219
0
1072554936
2147483648
1071362191
1073741824
1071334077
1073741824
1070041304
2147483648
1072470011
2147483648
1072625123
1073741824
1071908864
2684354560
1071965434
3758096384
1072094999
536870912
1072583210
3221225472
1069759705
2147483648
1071107950
3221225472
1071369166
0
1070881637
1073741824
1072616440
1610612736
1069588646
2147483648
1071859640
1610612736
1071870579
1073741824
1065441496
0
1070747270
0
1072462499
3758096384
1071666406
536870912
1069935505
2147483648
1069008840
0
1072036501
2147483648
1071177202
3221225472
1069661588
0
1069870195
0
1069581466
2147483648
1071461100
1073741824
1072693247
2684354560
92
