Uvec
2226355706
1070364832
0
1072252037
1610612736
1072566914
0
1071804510
3758096384
1072080437
1073741824
1072011046
2684354560
1072507313
536870912
1071832429
1073741824
1071727204
0
1070748134
2147483648
1068881687
0
1070999354
0
1068423100
0
1071965323
2147483648
1071665186
3758096384
1062353728
0
1070250130
2147483648
1070261471
0
1068150906
0
1072530549
2684354560
1067463086
0
1069653113
0
1071854767
3758096384
1072038626
1073741824
1072034506
1073741824
1072337894
2147483648
1072583224
2147483648
1070875234
2147483648
1070156561
0
1071650401
2147483648
1072075410
2147483648
1071629753
0
1072425357
2147483648
1072187843
536870912
1072418675
1610612736
1071104816
2147483648
1070556479
0
1072230674
3758096384
1071507489
2147483648
1070496435
2147483648
1070886678
1073741824
1069958567
0
1072571441
1073741824
1072042528
0
1069435507
0
1071979204
2147483648
1072443566
3221225472
1067804050
0
1069211376
0
1071751747
3221225472
1071820995
0
1070453903
0
1069206791
0
1072461896
536870912
1070909644
3221225472
1072453026
3221225472
1072478349
1073741824
1069746050
2147483648
1072415855
2684354560
1071750020
3221225472
1072593685
3221225472
1072342483
0
1072269585
1610612736
1072618260
2147483648
1071936305
1610612736
1070311492
2147483648
1071756820
2684354560
1071996580
3758096384
1071392324
1073741824
1069356711
0
1072321073
2147483648
1072642712
2147483648
1072305876
3758096384
1068472750
0
1071873445
0
1067899208
0
1070126510
0
1071413520
1073741824
1069553122
0
1071957556
3758096384
1072082805
3221225472
1072438575
536870912
1071807508
3758096384
1072342448
3758096384
1071895249
1073741824
1069658557
2147483648
1071819655
2147483648
1071162167
1073741824
1072672503
3221225472
1072375330
536870912
1072201757
536870912
1072524650
1073741824
1070947295
3221225472
1072466012
1073741824
1068760805
0
1070541790
0
1072030236
2147483648
1067823720
0
1071461100
1073741824
1072693247
2684354560
26
