Uvec
2226355706
1072553204
3758096384
1072353006
2147483648
1069887933
2147483648
1071619220
1073741824
1072653716
2147483648
1072042792
2147483648
1072037273
1610612736
1069127405
0
1068084462
0
1072047562
3758096384
1069648379
0
1071738199
1610612736
1070098970
0
1072611241
2147483648
1070948976
2147483648
1071925309
1610612736
1071722522
1073741824
1069918925
2147483648
1071761797
3221225472
1069775115
2147483648
1072522787
1073741824
1068674204
0
1072104422
3221225472
1067610756
0
1072461678
2684354560
1068784208
0
1072032066
3221225472
1070694552
0
1072249194
3758096384
1072453072
1073741824
1072350806
1073741824
1068162520
0
1071762593
1610612736
1064436160
0
1072013025
3221225472
1070958626
3221225472
1071878521
0
1071823078
3221225472
1071712087
2684354560
1068132224
0
1072172367
2684354560
1067812036
0
1069609981
0
1072261286
0
1071951143
1073741824
1072283854
3221225472
1072189088
1073741824
1071924985
536870912
1070247241
2147483648
1071139454
1073741824
1071753450
3221225472
1071813487
3758096384
1071932141
3221225472
1072272266
1610612736
1068624239
0
1070918737
0
1072385383
536870912
1070922999
2147483648
1071461044
2147483648
1071306481
3221225472
1070771159
2147483648
1072324028
2684354560
1070493151
2147483648
1069760898
2147483648
1072524685
1073741824
1068161942
0
1069409037
0
1068166140
0
1070190743
0
1071295742
3221225472
1072510636
1610612736
1069404707
0
1072689638
2147483648
1070839145
2147483648
1072412515
3758096384
1072427624
1610612736
1072600184
3221225472
1072413389
2147483648
1072608694
536870912
1072652861
2684354560
1071857038
1073741824
1071072003
2147483648
1071752106
0
1071844981
2147483648
1070230978
0
1071387477
2147483648
1068731723
0
1071685128
1610612736
1070663314
1073741824
1069437606
0
1070802153
3221225472
1072295728
2147483648
1070494361
2147483648
1072193056
2684354560
1072551193
1073741824
1071418377
1073741824
1063717536
0
1072642018
3221225472
1071461100
1073741824
1072693247
2684354560
10
