Uvec
2226355706
1072190339
1610612736
1070646218
1073741824
1067051096
0
1071767393
1610612736
1069794028
0
1068916245
0
1069694713
2147483648
1071374107
3221225472
1072040737
1610612736
1067856806
0
1072628074
3221225472
1070657905
3221225472
1069133591
0
1068773774
0
1070613758
3221225472
1066119008
0
1071831660
2684354560
1070313371
0
1072544963
3221225472
1072583220
2147483648
1070722161
0
1071994998
1073741824
1072688532
2684354560
1071641499
3221225472
1070782264
1073741824
1072064684
1073741824
1070926774
3221225472
1068868430
0
1071272923
1073741824
1070275220
2147483648
1071486281
0
1072393034
3221225472
1072210441
1073741824
1072401979
3758096384
1072628749
1610612736
1070428566
2147483648
1070854328
2147483648
1072544869
2684354560
1070749749
1073741824
1070893546
3221225472
1071925805
3758096384
1071697944
2684354560
1072096110
0
1071073521
1073741824
1069658992
2147483648
1070565551
0
1071924574
536870912
1072639239
536870912
1072489740
1610612736
1072046913
2684354560
1072519742
3221225472
1064530400
0
1067525528
0
1071137984
3221225472
1072497411
3758096384
1071387983
0
1071752277
1073741824
1071299156
1073741824
1072253561
2684354560
1072425031
3758096384
1071010888
3221225472
1071001032
0
1069712091
2147483648
1071283165
0
1070439932
0
1071879660
1073741824
1070826860
0
1072306294
1073741824
1071954821
1073741824
1071694947
1610612736
1071716298
536870912
1072235243
3221225472
1072559108
2147483648
1067996296
0
1071301108
2147483648
1071044269
2147483648
1071848875
0
1071828450
536870912
1069899458
0
1069746202
0
1069622458
0
1069697408
2147483648
1071723720
3221225472
1072037102
3758096384
1066696924
0
1072274530
0
1072135593
3758096384
1070909694
1073741824
1071843895
2147483648
1072228707
536870912
1072593207
0
1071530770
2147483648
1072488353
0
1072181278
2147483648
1072356606
0
1071958037
0
1071661732
0
1070657574
0
1071461100
1073741824
1072693247
2684354560
1
