Uvec
2226355706
1071224002
2147483648
1072536875
2147483648
1072014876
1610612736
1067513154
0
1066019576
0
1068461320
0
1069734589
0
1070678824
3221225472
1069917240
2147483648
1069573754
2147483648
1068172352
0
1072666373
536870912
1071071587
0
1072293706
536870912
1071701531
536870912
1071840264
1073741824
1070735774
1073741824
1069608089
2147483648
1069904233
2147483648
1069466989
0
1070601042
1073741824
1071363546
2147483648
1068811115
0
1072565828
3758096384
1070679983
1073741824
1072477552
2684354560
1065017152
0
1072053361
3758096384
1070949956
2147483648
1070135785
0
1072422647
1073741824
1070729752
2147483648
1070693710
3221225472
1067725780
0
1070664936
3221225472
1072110628
0
1071050347
0
1070008783
0
1072020562
536870912
1071806011
1073741824
1071614193
1073741824
1071828855
3221225472
1072116341
0
1072033571
3758096384
1072183257
2147483648
1072427870
2147483648
1072504976
2684354560
1070671683
1073741824
1072076510
1610612736
1071200484
1073741824
1068717280
0
1070920081
2147483648
1071309977
0
1072115298
1610612736
1072670326
3221225472
1072262649
536870912
1070636432
0
1071773360
3221225472
1071135943
3221225472
1071859326
1610612736
1069787472
2147483648
1069896201
2147483648
1068308926
0
1071820131
536870912
1072187002
2684354560
1072256981
0
1072625352
2147483648
1070222868
0
1070665807
1073741824
1071038089
1073741824
1072308428
2684354560
1071857757
1610612736
1072589953
3221225472
1071705414
2684354560
1072598759
1610612736
1071063326
2147483648
1069397331
0
1071474119
0
1069085854
0
1072552112
1610612736
1070323858
0
1064659344
0
1072516563
536870912
1072022431
1073741824
1069087844
0
1069617999
0
1069592108
0
1072592150
536870912
1069665550
0
1072154531
3221225472
1071827726
1610612736
1071603240
1073741824
1071167440
1073741824
1071737830
1073741824
1072056608
2147483648
1070682444
2147483648
1072499933
536870912
1071776787
2147483648
1071461100
1073741824
1072693247
2684354560
25
