Uvec
2226355706
1071777064
3758096384
1072639669
536870912
1072290310
3221225472
1069671989
0
1071798735
3221225472
1072150736
536870912
1066929544
0
1070656364
2147483648
1070395141
0
1072151559
3758096384
1068676129
0
1071844399
1073741824
1069983223
2147483648
1071838782
3758096384
1069916216
2147483648
1067177316
0
1072030654
0
1071406762
3221225472
1072012340
0
1071361662
2147483648
1072495143
2684354560
1070464895
0
1072374956
0
1072105534
536870912
1072186522
1610612736
1070597137
1073741824
1072675737
2147483648
1069152606
0
1068949187
0
1071901819
1610612736
1072569929
2147483648
1071730492
3758096384
1070799695
0
1071456928
3221225472
1072364933
3221225472
1071594137
0
1071776513
3758096384
1071313086
3221225472
1069161286
0
1067837778
0
1071068764
2147483648
1072260002
2684354560
1070490804
0
1071819988
1073741824
1070967954
2147483648
1072599120
1073741824
1071730619
536870912
1070479742
0
1068960168
0
1068682681
0
1071680716
536870912
1071206189
1073741824
1072691302
1073741824
1071260156
1073741824
1072567711
2147483648
1070006316
0
1067088036
0
1068971317
0
1071820643
3758096384
1071575765
2147483648
1072401618
0
1071852311
0
1070193286
2147483648
1071294985
2147483648
1071690843
2147483648
1071224478
1073741824
1070000975
0
1072366249
1073741824
1071470181
0
1070926541
1073741824
1071862473
1610612736
1072043519
536870912
1071801624
0
1070997883
0
1071017052
3221225472
1070211489
2147483648
1071241703
3221225472
1068739524
0
1067361124
0
1070769010
2147483648
1067706162
0
1070414992
0
1070665605
1073741824
1071864422
2684354560
1072402964
1610612736
1071849974
0
1067089624
0
1072362685
1073741824
1069049936
0
1068765509
0
1071859654
3758096384
1068525203
0
1072528081
2147483648
1070422498
0
1068720490
0
1072092916
2684354560
1070383955
2147483648
1070398525
2147483648
1071461100
1073741824
1072693247
2684354560
70
