Uvec
2226355706
1072227157
1073741824
1072190444
0
1071317860
0
1072545484
2147483648
1071714558
2684354560
1072345658
2147483648
1072543557
1073741824
1071832800
536870912
1069985827
2147483648
1071706993
2684354560
1072645391
3758096384
1072539931
1610612736
1069967105
0
1072251122
1073741824
1072692160
3758096384
1071707393
1610612736
1072343093
0
1072210569
1073741824
1070864224
2147483648
1071334879
2147483648
1072490883
536870912
1070652451
0
1067690694
0
1072509153
0
1069598676
2147483648
1068649624
0
1071979101
3758096384
1071307014
3221225472
1072346535
3221225472
1072128898
536870912
1068469172
0
1071965875
3758096384
1072140979
1610612736
1072072702
3758096384
1072644079
3221225472
1067158872
0
1072604415
2684354560
1072030379
1610612736
1068501600
0
1071141574
2147483648
1071570495
0
1070331969
0
1070028836
2147483648
1071668446
3758096384
1070256925
0
1071982497
0
1070759068
1073741824
1071782351
1073741824
1072623045
2684354560
1071783053
2147483648
1071734488
1610612736
1071539993
3221225472
1070007280
0
1070176739
0
1072601633
0
1072546654
536870912
1069767112
2147483648
1066761752
0
1068531574
0
1070380193
2147483648
1072329931
2147483648
1070428167
2147483648
1072004989
536870912
1072179368
536870912
1067857444
0
1072534073
3758096384
1071393498
1073741824
1070920900
2147483648
1070655311
1073741824
1070787752
3221225472
1070791779
2147483648
1072528706
1610612736
1071343153
3221225472
1071690104
0
1070170323
0
1071973906
3758096384
1072203502
3221225472
1071967025
0
1071984709
2147483648
1071313774
2147483648
1070215059
0
1071198922
0
1070076574
2147483648
1071975582
2684354560
1067122836
0
1071794724
3221225472
1071776723
1610612736
1068839708
0
1068356918
0
1063866432
0
1071382587
1073741824
1069734518
0
1071365474
2147483648
1071932447
2147483648
1071675403
1073741824
1070881121
0
1071852967
3221225472
1071402594
0
1071461100
1073741824
1072693247
2684354560
35
