Uvec
2226355706
1071087628
0
1072583515
2684354560
1072081258
2147483648
1072648546
3758096384
1072220764
1610612736
1069878960
2147483648
1067295668
0
1071494464
1073741824
1071881491
536870912
1069626876
2147483648
1071155148
0
1071760077
1610612736
1072300606
2147483648
1070151139
0
1072644908
536870912
1071361577
2147483648
1071767984
1610612736
1072309849
1073741824
1069401078
0
1070991964
1073741824
1072559596
1073741824
1072559405
1073741824
1071448617
1073741824
1070865562
2147483648
1072018733
3758096384
1072635805
0
1068815651
0
1072210334
536870912
1067399872
0
1072511111
3221225472
1072149923
3758096384
1072242762
3221225472
1068553559
0
1072047312
536870912
1068207032
0
1071141930
2147483648
1072544083
1610612736
1071605459
2147483648
1072621731
1073741824
1070911343
1073741824
1072457199
1073741824
1071856784
1610612736
1072328533
3221225472
1072677343
1610612736
1071791090
3758096384
1072591697
1610612736
1072213925
2147483648
1069698342
0
1069623111
0
1072579703
536870912
1070204032
0
1070398198
0
1072447418
536870912
1063381984
0
1072690288
3221225472
1069773084
0
1072440959
3758096384
1071822399
1073741824
1072403895
536870912
1067984738
0
1072397625
1610612736
1070954629
1073741824
1071582856
0
1072016477
0
1071048893
3221225472
1067746888
0
1070772687
0
1069869626
2147483648
1070611234
3221225472
1071838974
536870912
1072247736
1073741824
1067504610
0
1068784816
0
1072264001
3221225472
1071431206
2147483648
1069652058
2147483648
1072158866
2147483648
1071889643
0
1069682628
2147483648
1069814866
0
1070649951
3221225472
1070723022
1073741824
1072457562
3758096384
1072044097
1073741824
1071796079
3221225472
1072520846
1610612736
1072012307
0
1071950210
1610612736
1072501092
536870912
1072266383
1610612736
1071826784
0
1071575697
3221225472
1070646585
1073741824
1069254660
0
1071129916
2147483648
1072665724
536870912
1072004286
2684354560
1070738571
0
1071461100
1073741824
1072693247
2684354560
29
