Uvec
2226355706
1072192974
1610612736
1071980984
536870912
1071714570
2684354560
1071520868
0
1066821440
0
1072487811
1073741824
1070362400
2147483648
1066460264
0
1071908384
1610612736
1071897873
1610612736
1072124684
1073741824
1069662918
2147483648
1069127316
0
1070868887
1073741824
1070277663
2147483648
1071184037
0
1071961831
3221225472
1072600200
0
1072435152
1610612736
1072336213
1610612736
1070913807
1073741824
1072213236
3758096384
1071945297
1610612736
1067575246
0
1071782232
1610612736
1071436992
2147483648
1071244347
0
1070486093
2147483648
1071342477
0
1070883511
0
1071625590
1073741824
1071511716
3221225472
1071730037
536870912
1067340020
0
1069748114
2147483648
1071284834
3221225472
1071779310
3758096384
1071486042
0
1070705797
0
1068932182
0
1072183347
2147483648
1072472207
2684354560
1066533480
0
1071446710
3221225472
1071368041
3221225472
1072189647
2147483648
1072189099
2147483648
1072178211
2147483648
1072571614
1073741824
1069682391
0
1071293098
0
1072393135
1610612736
1069939464
2147483648
1071769843
1073741824
1070620509
3221225472
1072262234
0
1072023523
2147483648
1071183556
0
1072469310
3221225472
1072359215
3758096384
1072494907
1610612736
1071645552
2684354560
1072029714
0
1069253998
0
1066735132
0
1071863758
2684354560
1071638483
1073741824
1070488934
2147483648
1070618674
3221225472
1072209152
1073741824
1069776972
2147483648
1071082960
1073741824
1071235257
3221225472
1071296451
1073741824
1072454407
536870912
1072447596
3758096384
1072685805
2147483648
1072403451
1073741824
1072687034
1610612736
1070555800
0
1071483242
1073741824
1072578552
0
1071936015
2147483648
1069618402
2147483648
1072303740
1073741824
1069102315
0
1072098004
536870912
1071624268
0
1069974664
2147483648
1072209459
2684354560
1072403494
2684354560
1070683921
3221225472
1071371243
2147483648
1072305090
3758096384
1071019472
0
1072051064
3758096384
1071692134
3758096384
1069465003
0
1071461100
1073741824
1072693247
2684354560
57
