Uvec
2226355706
1069163590
0
1072051739
0
1071823250
2684354560
1067878592
0
1068962984
0
1070238658
0
1071994477
3758096384
1070609257
0
1069754902
0
1071502468
1073741824
1072688700
3221225472
1071932269
2147483648
1070939278
3221225472
1071790707
2147483648
1071955819
1073741824
1067571774
0
1072509575
2684354560
1072268641
3221225472
1072319654
1610612736
1068446944
0
1072031871
3221225472
1072275912
1073741824
1072548872
2684354560
1071978181
1610612736
1069733631
2147483648
1072076994
3221225472
1072149374
2684354560
1072187165
3758096384
1071726476
1610612736
1071654938
2684354560
1071721296
2147483648
1071730397
1610612736
1072324754
2684354560
1071950415
3758096384
1070954521
2147483648
1072567686
2684354560
1071929663
2684354560
1071460963
1073741824
1072542744
0
1070299762
2147483648
1068641780
0
1067707020
0
1072564802
0
1072064140
2147483648
1069334122
0
1072159685
2147483648
1071420598
2147483648
1071605158
2147483648
1070654607
0
1072191193
2684354560
1072593655
1610612736
1071835705
2684354560
1072170727
536870912
1070239978
0
1072162673
1610612736
1067090600
0
1071754453
3221225472
1070605955
0
1071344623
3221225472
1070774060
3221225472
1069862056
0
1068179202
0
1071079297
2147483648
1072445608
2684354560
1070870244
0
1071930629
1073741824
1070348899
0
1068991431
0
1071806795
3758096384
1072523943
3758096384
1071744527
1073741824
1072011782
3221225472
1070265181
0
1066489928
0
1070725049
3221225472
1072632759
536870912
1069138098
0
1070010956
2147483648
1072480784
536870912
1068075412
0
1068714912
0
1070746800
3221225472
1071838704
2684354560
1072224302
3221225472
1068578752
0
1072510129
3221225472
1072547582
2684354560
1068131590
0
1072628652
0
1070283625
2147483648
1070456863
0
1072035437
2684354560
1072613970
3758096384
1069964788
2147483648
1071521247
0
1072288145
0
1069591164
0
1071269462
3221225472
1071461100
1073741824
1072693247
2684354560
76
