Uvec
2226355706
1071646748
0
1072062297
0
1072623920
0
1071482209
3221225472
1070802435
2147483648
1072495781
3221225472
1071479571
1073741824
1072537593
536870912
1071912483
2147483648
1071536285
2147483648
1069743810
0
1071499732
1073741824
1071787978
1073741824
1072592097
1073741824
1069885530
0
1071213896
3221225472
1072138533
1610612736
1070697799
0
1072154496
3221225472
1071719730
3758096384
1070916849
3221225472
1067214104
0
1069515895
0
1071040082
1073741824
1072512403
3221225472
1072451488
1610612736
1070921317
1073741824
1072206154
1610612736
1070724329
2147483648
1069874623
0
1072454192
0
1071662130
0
1071070809
0
1071813575
2684354560
1072566666
2684354560
1072525895
536870912
1071666364
3758096384
1071808942
3221225472
1069028473
0
1070840553
0
1071754851
3221225472
1072115935
2684354560
1072339044
3758096384
1072579942
3758096384
1068620604
0
1070871549
0
1071065498
2147483648
1070750745
0
1072157894
3221225472
1072496656
3758096384
1072182769
2147483648
1072496727
3758096384
1072181056
0
1070793495
2147483648
1072532194
3221225472
1072223216
1610612736
1070071213
2147483648
1070759054
1073741824
1069715064
2147483648
1071260886
0
1071103087
2147483648
1072568869
0
1070033717
2147483648
1070351891
0
1072533619
2684354560
1072390053
536870912
1070319695
0
1072377669
3758096384
1070940236
1073741824
1068593989
0
1071365891
3221225472
1071445348
3221225472
1070204396
2147483648
1066709460
0
1071516818
1073741824
1071223427
1073741824
1072657915
536870912
1070807082
2147483648
1072499734
3221225472
1071747884
2147483648
1071660298
536870912
1072326358
0
1069300192
0
1072229279
3758096384
1070906253
3221225472
1071832777
536870912
1072304345
2684354560
1072173547
1610612736
1070606297
0
1071892741
3758096384
1072623739
2147483648
1071465670
2147483648
1072259486
536870912
1071795415
3758096384
1071315142
1073741824
1069732763
0
1068626245
0
1072233167
2684354560
1071461100
1073741824
1072693247
2684354560
39
