Uvec
2226355706
1071511738
1073741824
1072590223
1610612736
1072525929
1073741824
1072502449
536870912
1071648998
2684354560
1071203891
1073741824
1072459192
3221225472
1071849010
2147483648
1072163760
536870912
1072112282
536870912
1071058604
0
1071777165
1073741824
1071685317
1610612736
1071486600
0
1072423150
1610612736
1070864168
3221225472
1070944549
3221225472
1071789851
2684354560
1069751381
2147483648
1069087780
0
1070872159
0
1071071591
1073741824
1067969814
0
1070728678
1073741824
1071214432
2147483648
1071277441
1073741824
1068430408
0
1072634650
1610612736
1071834951
1073741824
1071936158
3758096384
1071650750
1073741824
1072086412
1073741824
1072583167
1073741824
1071404586
2147483648
1070691594
2147483648
1071548514
3221225472
1071784951
2147483648
1071629484
2147483648
1072298734
536870912
1072336019
2147483648
1071112252
0
1072036857
3758096384
1071825531
2147483648
1072513347
2147483648
1071097710
1073741824
1069928998
2147483648
1071343013
0
1070407257
2147483648
1065958240
0
1072445511
3758096384
1069444719
0
1070751708
3221225472
1071147632
1073741824
1071411257
0
1071765515
0
1070927280
0
1071820972
536870912
1070061345
2147483648
1072223435
2147483648
1070875751
1073741824
1070541517
2147483648
1072485022
2147483648
1071723273
2684354560
1070713475
0
1071768011
3758096384
1070548967
0
1072362323
2684354560
1069833219
2147483648
1071967721
3758096384
1072066806
2147483648
1070573980
0
1071858095
1073741824
1071178217
1073741824
1071842546
1610612736
1071293458
2147483648
1071329043
2147483648
1072625793
536870912
1069081956
0
1072507622
0
1070924161
0
1071760455
2684354560
1071426686
2147483648
1071516079
2147483648
1072541190
2684354560
1072576141
1073741824
1072185319
0
1070788276
0
1071938895
1610612736
1063406304
0
1072076121
2684354560
1071521636
2147483648
1071046590
2147483648
1070554731
2147483648
1072625057
3758096384
1066502184
0
1072485956
3758096384
1072397804
536870912
1072547172
1073741824
1071461100
1073741824
1072693247
2684354560
15
