Uvec
2226355706
1072578507
2147483648
1071683172
2147483648
1070655806
2147483648
1071154598
3221225472
1072139935
2147483648
1067919558
0
1071909894
3221225472
1070368973
2147483648
1072266036
3758096384
1071777888
2684354560
1071752096
0
1072631820
2684354560
1070972349
1073741824
1072153834
0
1071097744
1073741824
1071712851
3221225472
1071572055
2147483648
1071938340
536870912
1071959575
1610612736
1072424690
3758096384
1069774044
2147483648
1072315752
2684354560
1069880801
0
1070762053
2147483648
1072445505
2147483648
1071960511
536870912
1070535809
0
1071463600
0
1070084585
2147483648
1072629320
1610612736
1072529413
1073741824
1070648013
2147483648
1068047190
0
1070035396
2147483648
1072169607
1610612736
1067424556
0
1071010658
1073741824
1072411098
1073741824
1072557789
1610612736
1070448066
2147483648
1070816832
2147483648
1072226605
3758096384
1071059371
2147483648
1068693755
0
1072357916
3758096384
1071249235
2147483648
1072593570
1610612736
1072284130
3221225472
1071785760
0
1071766325
536870912
1071797324
1073741824
1072256785
3758096384
1070313326
0
1072497768
2147483648
1070777287
3221225472
1071036995
1073741824
1072547404
3221225472
1069595992
0
1070047750
2147483648
1071493488
0
1071513840
0
1071969191
1073741824
1072098771
0
1071451972
3221225472
1070231014
0
1070630038
1073741824
1071247317
1073741824
1068379592
0
1070640643
2147483648
1072254512
1073741824
1069695423
0
1072626064
1610612736
1072425049
3221225472
1072572506
3221225472
1072612705
0
1071816064
3221225472
1070946436
2147483648
1070132632
2147483648
1071330766
0
1072609048
2684354560
1072667029
3221225472
1071769381
2147483648
1071279780
3221225472
1065652312
0
1070566800
0
1072615663
0
1070766838
3221225472
1072312867
3758096384
1071810258
1610612736
1072535372
1610612736
1072504500
0
1067832466
0
1071548833
0
1072066226
2684354560
1066217000
0
1071834831
1073741824
1072529420
2684354560
1071262444
3221225472
1071461100
1073741824
1072693247
2684354560
40
