Uvec
2226355706
1072246102
536870912
1071772479
0
1070694687
2147483648
1070651228
3221225472
1064568016
0
1068510845
0
1070859108
0
1071743057
536870912
1071543650
1073741824
1071362104
3221225472
1069796609
0
1071588794
1073741824
1067770870
0
1071677286
3221225472
1067787680
0
1072623886
1610612736
1069685424
2147483648
1068979041
0
1070365223
2147483648
1071736667
536870912
1068733022
0
1071824079
2147483648
1072387302
1073741824
1071012718
1073741824
1071758943
0
1070771478
1073741824
1058510848
0
1072383668
1610612736
1069624113
2147483648
1072022123
3758096384
1072235083
1073741824
1071854735
1610612736
1071928367
1073741824
1072654908
1073741824
1072570082
3758096384
1070935150
1073741824
1071453176
2147483648
1072278220
1073741824
1072440741
536870912
1070180165
0
1070975577
2147483648
1070772122
0
1070628393
1073741824
1070310788
2147483648
1069755385
0
1068266978
0
1072114063
1073741824
1071920829
3758096384
1072474713
2684354560
1069697775
2147483648
1070526136
2147483648
1070952953
3221225472
1069669271
2147483648
1069378972
0
1071566470
2147483648
1072447809
1610612736
1071879948
3758096384
1069953792
2147483648
1069321165
0
1069867697
0
1069992374
2147483648
1071059235
3221225472
1070881906
2147483648
1071428886
1073741824
1071387032
1073741824
1067848962
0
1071000918
1073741824
1071816508
3758096384
1071766047
0
1072434562
1610612736
1072364082
2684354560
1070750039
1073741824
1072575851
2684354560
1071782853
3758096384
1071847237
536870912
1071748662
2684354560
1070201493
2147483648
1069506739
0
1071877374
1073741824
1071100006
1073741824
1069385697
0
1070302571
2147483648
1069315504
0
1071672253
3221225472
1072591986
0
1072111855
0
1071732275
1073741824
1070548755
0
1071392302
0
1071086970
1073741824
1071156434
1073741824
1067715180
0
1072075531
2147483648
1071404178
0
1071369252
3221225472
1069837067
2147483648
1070834931
1073741824
1072039534
0
1071461100
1073741824
1072693247
2684354560
36
