Uvec
2226355706
1067818390
0
1068658150
0
1070293299
2147483648
1071110200
1073741824
1072201913
1610612736
1071241625
1073741824
1071486583
2147483648
1072101246
3221225472
1070346233
0
1071695334
3221225472
1070278879
0
1072214385
2147483648
1071764185
1073741824
1071718668
2684354560
1072686888
2147483648
1070283013
2147483648
1071852767
0
1061467008
0
1072026196
0
1070983760
3221225472
1070083182
0
1072403680
2147483648
1071599385
0
1072629397
2147483648
1068399214
0
1069915254
2147483648
1064317424
0
1071903550
3221225472
1072540751
2684354560
1071727496
536870912
1071758780
2147483648
1070398788
2147483648
1070914992
3221225472
1069327790
0
1068778317
0
1071030819
0
1072545220
1610612736
1071964613
1073741824
1072426480
3758096384
1070054164
0
1067934098
0
1071073430
0
1070691235
2147483648
1071186970
1073741824
1071896661
2147483648
1071725891
2684354560
1071107924
0
1072180307
2684354560
1070777279
0
1067476330
0
1068372970
0
1072190565
1073741824
1072020513
2147483648
1072124144
3221225472
1072616908
536870912
1069614734
0
1070691675
0
1071697232
1073741824
1070031180
0
1069013396
0
1071663483
2684354560
1071808604
1073741824
1072060543
1610612736
1071610581
1073741824
1069744285
2147483648
1071809074
1610612736
1071650090
3221225472
1069277952
0
1072207584
0
1067114496
0
1071714314
1073741824
1072211585
2147483648
1071481030
0
1068283146
0
1071424528
3221225472
1072195195
0
1068723602
0
1072451805
536870912
1068684748
0
1071859581
2147483648
1071726332
2684354560
1068797357
0
1071881519
3758096384
1072566261
1073741824
1071433765
3221225472
1071920493
2147483648
1070861177
3221225472
1071710774
3221225472
1072229207
2147483648
1068135922
0
1072339790
0
1070928988
0
1072512477
2684354560
1072214352
3221225472
1071643607
2147483648
1072301333
3221225472
1072584656
1073741824
1071155103
3221225472
1071461100
1073741824
1072693247
2684354560
51
