Uvec
2226355706
1071645657
2684354560
1071683106
2147483648
1071645516
3221225472
1068839981
0
1072429647
2684354560
1069975366
2147483648
1072258576
1610612736
1071594816
2147483648
1071678156
3221225472
1071586698
3221225472
1071033466
1073741824
1070335268
0
1068781406
0
1072599617
2147483648
1070805848
3221225472
1069995963
0
1071837118
3221225472
1071186911
2147483648
1072416782
1610612736
1070869120
1073741824
1070740081
3221225472
1071201340
1073741824
1072394741
2147483648
1072461528
3758096384
1072481192
3758096384
1070895566
0
1071625183
2147483648
1071238808
1073741824
1070104229
2147483648
1071890097
2684354560
1068877651
0
1069622184
2147483648
1067586008
0
1072439421
536870912
1068679781
0
1071112133
2147483648
1071959074
2147483648
1071955477
3221225472
1068800943
0
1071740669
2147483648
1072569489
2684354560
1071619162
0
1068902528
0
1071051681
1073741824
1071901851
3758096384
1072092894
1610612736
1071918596
0
1072401343
2147483648
1069758318
0
1070655000
1073741824
1072538880
0
1069826187
2147483648
1071952967
3221225472
1072604358
536870912
1071620301
0
1072428791
3221225472
1071016874
1073741824
1071263295
0
1071473369
3221225472
1072402224
0
1071354267
3221225472
1070852264
3221225472
1069736543
2147483648
1072031984
2147483648
1071734666
3758096384
1069714428
0
1065059360
0
1072125605
1073741824
1071942996
3758096384
1071932104
1073741824
1070660118
2147483648
1072087836
2684354560
1071951376
536870912
1070431670
0
1066066048
0
1070120904
0
1072016260
536870912
1072380203
1073741824
1072372942
536870912
1070895174
0
1072199956
2684354560
1072154670
0
1071721474
0
1070755760
1073741824
1071403071
2147483648
1072473511
1610612736
1070119433
0
1070092684
2147483648
1072565047
3758096384
1065717080
0
1072085386
0
1072632174
3758096384
1071115305
2147483648
1070171483
2147483648
1072270105
1073741824
1071642527
0
1072140793
1073741824
1071962301
3758096384
1071461100
1073741824
1072693247
2684354560
82
