Uvec
2226355706
1069628977
0
1068087546
0
1068996163
0
1071267840
0
1071968104
1073741824
1072415826
1610612736
1069201768
0
1072389184
3758096384
1072104919
2684354560
1072104598
2684354560
1071733269
2684354560
1072602630
536870912
1072202008
536870912
1068905998
0
1072246646
3221225472
1072333420
3758096384
1072195136
0
1071945116
1610612736
1069043699
0
1072682049
536870912
1066542840
0
1069320715
0
1070769681
2147483648
1071683501
3221225472
1071216027
0
1072279825
1610612736
1072247141
2147483648
1069934712
0
1070919533
0
1071828509
3758096384
1071715015
3221225472
1072078774
3758096384
1071887476
536870912
1065458472
0
1072570458
2684354560
1071352978
3221225472
1071539572
1073741824
1072635219
2684354560
1072202265
2147483648
1071777055
2684354560
1068204300
0
1071388028
3221225472
1072333836
2684354560
1071415098
3221225472
1070520961
2147483648
1066864608
0
1071247939
2147483648
1071985800
2684354560
1072570389
3221225472
1072461981
1610612736
1072255528
536870912
1071300536
0
1069383175
0
1071791832
1073741824
1069916157
0
1069145016
0
1072093198
2684354560
1070625683
3221225472
1071845705
3758096384
1065737320
0
1072186576
2684354560
1071731778
2684354560
1070467169
0
1071246771
0
1071751664
536870912
1072317133
536870912
1070265973
0
1072145907
1073741824
1070338856
0
1071529159
1073741824
1072035373
1610612736
1070194149
0
1069797753
2147483648
1071530557
2147483648
1071502337
2147483648
1071136560
2147483648
1067655414
0
1069107426
0
1071947306
2147483648
1072526108
0
1071325824
0
1072602211
2684354560
1071848610
3758096384
1071259109
2147483648
1070677557
1073741824
1070677112
3221225472
1072362823
2684354560
1072182957
0
1071395655
0
1072494430
2147483648
1067796266
0
1072522821
0
1071391814
1073741824
1070422503
2147483648
1071575689
2147483648
1068518899
0
1068881102
0
1070057874
2147483648
1071461100
1073741824
1072693247
2684354560
40
