Uvec
2226355706
1071399769
1073741824
1072256880
1073741824
1072249030
3758096384
1072494302
3221225472
1071711854
0
1069610965
0
1072618600
3758096384
1072582820
2684354560
1072564816
3221225472
1072010105
2684354560
1071843136
0
1072378362
2147483648
1072278477
0
1070147959
2147483648
1072098824
3758096384
1072224944
2147483648
1068374138
0
1069958154
0
1072387768
3758096384
1071264719
0
1072483998
1610612736
1072428465
1610612736
1069619756
0
1068390736
0
1067230664
0
1072401448
1073741824
1069704022
0
1067565120
0
1072214348
1073741824
1071816922
2684354560
1072554392
0
1070047074
0
1065591576
0
1071870396
2684354560
1071198448
2147483648
1070636402
2147483648
1072255710
536870912
1072006772
2147483648
1072157240
3758096384
1071165634
3221225472
1072544846
0
1072680967
3221225472
1071900580
2684354560
1070856198
2147483648
1072227463
3758096384
1072488350
3758096384
1070057843
2147483648
1071479954
3221225472
1072297349
2684354560
1071719972
1073741824
1072174383
536870912
1070267248
2147483648
1072158179
1073741824
1071406994
2147483648
1072246127
2147483648
1072596983
1073741824
1071513780
2147483648
1072113976
536870912
1070889396
2147483648
1072163331
0
1071326444
2147483648
1072026730
1610612736
1072374529
3221225472
1072359587
1610612736
1069575419
0
1072193667
2147483648
1072337094
1073741824
1070157934
2147483648
1072096639
0
1072206974
2147483648
1071884669
1610612736
1071940662
3221225472
1068700179
0
1072642903
3221225472
1072086305
2147483648
1070433238
2147483648
1071655755
2147483648
1071708595
2147483648
1070491567
2147483648
1072519519
1610612736
1072486685
2684354560
1072109181
536870912
1071382702
0
1070635588
3221225472
1071481152
3221225472
1071583908
3221225472
1071942669
1610612736
1071761518
1073741824
1070245649
0
1071674187
2147483648
1071964457
3221225472
1066434484
0
1069728661
0
1071610013
3221225472
1068095862
0
1072038929
0
1068265142
0
1071410356
2147483648
1071461100
1073741824
1072693247
2684354560
72
