Uvec
2226355706
1071155449
1073741824
1071260272
1073741824
1067633492
0
1072634782
1610612736
1072568841
3758096384
1072126689
2684354560
1070607034
0
1069632232
0
1072416641
2684354560
1071221463
1073741824
1071509316
1073741824
1072479405
536870912
1069683281
2147483648
1071274285
2147483648
1068768035
0
1070604235
3221225472
1070986069
2147483648
1063632896
0
1061261824
0
1071315026
2147483648
1071675983
0
1072611561
2147483648
1071026269
2147483648
1071255289
2147483648
1068691571
0
1070169099
0
1071092209
1073741824
1071495260
0
1069734072
2147483648
1072277634
3758096384
1071247587
2147483648
1071355995
0
1071720462
3758096384
1072390835
2684354560
1071765523
1610612736
1072144882
2147483648
1072551450
3221225472
1071991003
1610612736
1071770844
1610612736
1070638658
0
1072216810
1610612736
1071737807
536870912
1070629475
1073741824
1070398286
0
1066066608
0
1071736268
1610612736
1070971646
0
1069823403
0
1072040482
1073741824
1072256863
3758096384
1070915586
0
1072215631
3221225472
1068652208
0
1071791087
1073741824
1068383518
0
1072021424
0
1067932744
0
1070854398
1073741824
1072241626
0
1067608662
0
1070521153
2147483648
1071770438
3221225472
1070727833
1073741824
1070210392
2147483648
1071868041
1073741824
1071073101
2147483648
1072014238
1073741824
1072651191
1610612736
1069721552
2147483648
1072297928
2684354560
1069356843
0
1072480003
3221225472
1071907251
2684354560
1070819157
2147483648
1071726997
0
1072662784
1073741824
1070709438
0
1072542708
3221225472
1071009159
3221225472
1071097700
2147483648
1072478272
536870912
1071987259
1073741824
1071704378
1073741824
1068959498
0
1072425370
2684354560
1072252630
536870912
1068864516
0
1070756882
2147483648
1071432314
0
1072136001
1073741824
1072236686
3758096384
1071621164
2147483648
1068687291
0
1071375409
0
1070819722
1073741824
1070885386
1073741824
1072517912
2684354560
1070905563
1073741824
1071461100
1073741824
1072693247
2684354560
34
