Uvec
2226355706
1069827324
0
1072106559
0
1070566009
0
1072035167
1073741824
1071587815
1073741824
1070797239
3221225472
1070821864
2147483648
1072022621
3758096384
1071356936
3221225472
1071621564
1073741824
1068295874
0
1071514955
2147483648
1069347318
0
1072218134
1073741824
1071176109
3221225472
1072191835
2147483648
1071953332
1073741824
1071763359
2147483648
1071473859
2147483648
1071880315
3758096384
1067108904
0
1071882852
3758096384
1071737955
1073741824
1069695484
0
1070935257
3221225472
1072094000
1073741824
1070236065
0
1071539766
1073741824
1072601831
0
1071136552
0
1070810951
3221225472
1072091345
536870912
1072610148
2147483648
1070704833
2147483648
1071648191
2147483648
1070796347
2147483648
1071911434
536870912
1071991001
1073741824
1070934397
3221225472
1070268069
0
1071692590
2147483648
1072382528
536870912
1070174979
0
1070524205
0
1069746586
2147483648
1070630958
1073741824
1071538067
1073741824
1069886482
0
1071815834
1610612736
1068241252
0
1068756846
0
1071471375
1073741824
1071492893
1073741824
1072604284
1610612736
1072571070
2684354560
1070775350
0
1070745886
2147483648
1066402088
0
1071690274
2684354560
1070897031
1073741824
1067092244
0
1072200094
3758096384
1065109056
0
1071753413
536870912
1071941999
3758096384
1071832580
3221225472
1068222468
0
1070483842
0
1071520360
0
1071781690
3221225472
1071121842
2147483648
1071794942
3221225472
1072325735
536870912
1072153743
0
1067191244
0
1066009520
0
1072347475
536870912
1072412345
1073741824
1071690985
1073741824
1066623952
0
1070625024
1073741824
1071650124
3221225472
1068698932
0
1065638560
0
1071656350
2684354560
1071356265
1073741824
1071899301
3221225472
1071274285
0
1071818991
1073741824
1072379853
2684354560
1071831148
3221225472
1066596988
0
1072130473
3221225472
1069513020
0
1070125298
0
1070917456
1073741824
1072008225
2147483648
1070893546
3221225472
1071461100
1073741824
1072693247
2684354560
70
