Uvec
2226355706
1069777685
0
1071712581
1073741824
1072044770
3221225472
1072266763
0
1071810635
0
1072063790
0
1071908606
0
1070254073
2147483648
1070089460
2147483648
1071737534
0
1072106414
3221225472
1068559671
0
1072274953
3221225472
1072656746
3221225472
1071169470
3221225472
1072643081
1073741824
1071974314
0
1070313040
0
1070984434
1073741824
1072227890
1610612736
1071755046
3758096384
1069242418
0
1067305460
0
1072610098
3221225472
1071140603
3221225472
1071657952
2684354560
1072126467
1073741824
1070310106
0
1070604140
1073741824
1071363804
0
1071149278
3221225472
1070881692
3221225472
1071099508
1073741824
1071920204
2684354560
1072474696
2147483648
1071075821
2147483648
1070779233
3221225472
1072275332
1073741824
1071037852
1073741824
1068790216
0
1067700196
0
1072350894
3758096384
1071286890
3221225472
1072338235
0
1070478813
0
1072629756
1073741824
1067261660
0
1070482791
0
1072278230
1073741824
1071787975
2684354560
1071995623
3758096384
1069034610
0
1068355070
0
1069152506
0
1071009336
1073741824
1068290214
0
1071904283
3221225472
1071919542
2684354560
1072435477
536870912
1071213138
2147483648
1070568070
2147483648
1070836098
3221225472
1071406729
1073741824
1071182611
3221225472
1071037955
1073741824
1070900338
0
1070651869
0
1071621334
2147483648
1072321587
1073741824
1072460471
2684354560
1071421028
1073741824
1072089282
0
1072435903
0
1072443045
3758096384
1064690144
0
1070032484
0
1071722721
2684354560
1071805826
3221225472
1070618022
3221225472
1072536371
1610612736
1072572335
536870912
1070776171
3221225472
1072393343
0
1071770808
1610612736
1071996884
1073741824
1070891049
3221225472
1072352707
3758096384
1071732393
1610612736
1072376447
1073741824
1069692696
0
1072124261
2684354560
1069629224
0
1072235574
2147483648
1071872555
0
1070863906
1073741824
1071932652
1073741824
1071724038
0
1069011962
0
1071461100
1073741824
1072693247
2684354560
2
