Uvec
2226355706
1072620890
536870912
1071214700
2147483648
1068802917
0
1071937994
3758096384
1071961067
3758096384
1071543456
1073741824
1070335049
2147483648
1072661655
1610612736
1072007267
3758096384
1072328522
1073741824
1069705985
2147483648
1072484142
536870912
1072605030
1610612736
1072612182
3221225472
1066760656
0
1070264009
2147483648
1072635087
3758096384
1071045095
1073741824
1070763145
0
1068518474
0
1067770834
0
1070705093
3221225472
1071216292
1073741824
1070178088
0
1068248992
0
1072604151
1610612736
1071073237
0
1071959103
2147483648
1071295168
3221225472
1072523376
0
1066116664
0
1070184761
2147483648
1070417456
2147483648
1070767573
0
1069578688
2147483648
1069751763
0
1071216505
0
1071335256
2147483648
1069951994
0
1070677213
3221225472
1071798906
536870912
1072103433
536870912
1072593079
1610612736
1070602916
2147483648
1066976516
0
1070704323
2147483648
1071574963
1073741824
1070399092
2147483648
1070642986
2147483648
1071804547
1610612736
1072123175
1073741824
1071189325
3221225472
1070850251
0
1071953804
536870912
1072525409
2147483648
1069699033
0
1068956656
0
1072589923
2147483648
1072181973
536870912
1071429601
0
1070457872
0
1072497845
2684354560
1071893584
3221225472
1072070142
2147483648
1071489519
1073741824
1070612186
3221225472
1072470580
2147483648
1072456510
1073741824
1071707658
536870912
1070975388
3221225472
1070432903
0
1070534569
0
1070746150
2147483648
1070154397
2147483648
1071136151
0
1072113437
2147483648
1072632840
0
1071698882
3758096384
1072556834
536870912
1070451857
0
1072406062
0
1071483518
1073741824
1070842493
3221225472
1068901004
0
1071407115
1073741824
1071638662
1073741824
1072137835
1610612736
1072324634
3221225472
1067781794
0
1071832539
2684354560
1072270967
536870912
1069818037
0
1072202379
0
1071583708
2147483648
1067667898
0
1070760175
1073741824
1072496110
2684354560
1071678896
3221225472
1071461100
1073741824
1072693247
2684354560
56
