Uvec
2226355706
1071765292
1073741824
1070842872
3221225472
1071097067
3221225472
1065438560
0
1071427470
3221225472
1070446324
0
1071265209
0
1070783630
1073741824
1071155329
1073741824
1072516423
3221225472
1070700026
1073741824
1066444588
0
1072416058
536870912
1066752136
0
1071476445
1073741824
1071085438
3221225472
1072042155
2147483648
1070939139
0
1070620882
3221225472
1072053088
0
1069704245
2147483648
1072477394
3221225472
1072329469
3758096384
1072580065
2147483648
1072176183
3221225472
1072450230
1610612736
1072333880
3758096384
1071139921
3221225472
1070501680
2147483648
1072503661
536870912
1072405904
3758096384
1071161028
0
1072539529
3758096384
1070727449
1073741824
1072442271
2147483648
1071963963
3221225472
1069865626
0
1072567641
0
1072413773
2684354560
1072232086
3221225472
1070837218
0
1072170563
1610612736
1068932270
0
1070822777
3221225472
1069778648
0
1068785270
0
1071312063
0
1070717057
1073741824
1069772713
2147483648
1072292440
3758096384
1068503905
0
1068566127
0
1071869708
1610612736
1072657432
536870912
1069583326
2147483648
1072337148
1073741824
1071782670
2147483648
1070286646
2147483648
1069677768
0
1068215100
0
1072114241
3221225472
1071991694
3758096384
1070939298
0
1069675616
2147483648
1070906577
3221225472
1068887269
0
1071665272
0
1067406744
0
1071412228
3221225472
1072029753
0
1070366024
0
1071672357
1073741824
1069719288
0
1072612610
0
1071002283
3221225472
1072525955
1073741824
1070920972
0
1072682518
1073741824
1072050427
1073741824
1071199441
1073741824
1072534795
3758096384
1072285361
0
1072050705
0
1071229825
3221225472
1071280743
0
1072485175
0
1069917272
0
1072616233
2684354560
1067144796
0
1069825014
0
1072205859
536870912
1068696744
0
1071985223
536870912
1071903694
2147483648
1071545527
0
1072503008
536870912
1070869037
3221225472
1071982193
0
1071461100
1073741824
1072693247
2684354560
12
