Uvec
2226355706
1071942973
2684354560
1064539712
0
1071812329
1073741824
1069823943
2147483648
1072609795
3221225472
1071532880
3221225472
1071239443
2147483648
1071482853
1073741824
1069941000
2147483648
1071165776
2147483648
1070959867
0
1072107672
3758096384
1072375311
536870912
1070297508
2147483648
1070932892
0
1070785454
0
1072159859
1073741824
1072506457
536870912
1069271595
0
1070868891
1073741824
1070679923
2147483648
1070952932
1073741824
1072312159
1610612736
1072093678
3221225472
1069953559
2147483648
1069170275
0
1068600179
0
1071104113
0
1070953500
2147483648
1071582598
1073741824
1072275387
2684354560
1071444003
2147483648
1069861483
0
1072355330
3758096384
1071857961
2147483648
1070905801
1073741824
1072297900
2684354560
1070316682
2147483648
1072315488
3221225472
1072285597
2147483648
1070370600
2147483648
1070682622
3221225472
1072446987
1610612736
1071918654
3221225472
1071295259
3221225472
1070693377
0
1071809977
536870912
1071805179
2684354560
1072519653
2147483648
1069762690
2147483648
1072536487
2147483648
1071738654
1073741824
1070388587
2147483648
1070249232
0
1071409664
0
1071682571
3758096384
1070943147
0
1071104171
1073741824
1071061708
3221225472
1072127521
3758096384
1067723212
0
1072392860
2147483648
1072214760
3758096384
1071743079
0
1072426828
536870912
1065410848
0
1070712059
2147483648
1071690125
536870912
1071334098
0
1072363672
2684354560
1072573722
1610612736
1072462398
1073741824
1070755182
1073741824
1069833448
2147483648
1072488621
3221225472
1069580286
2147483648
1071761460
3221225472
1068805056
0
1071598366
1073741824
1069906553
0
1071658899
1073741824
1069076287
0
1072025477
1073741824
1072435548
2147483648
1072223640
3758096384
1070052965
0
1072662425
0
1072007234
2147483648
1071715327
536870912
1068761664
0
1071323757
2147483648
1072195696
3221225472
1069079208
0
1070979109
0
1070404391
2147483648
1069655591
0
1071754988
536870912
1072511555
2684354560
1071461100
1073741824
1072693247
2684354560
27
