Uvec
2226355706
1070800295
0
1071849215
3758096384
1071685793
3221225472
1072393034
2684354560
1071060817
3221225472
1072277354
2684354560
1070802894
3221225472
1071257539
2147483648
1071262691
2147483648
1070215334
0
1072622495
2684354560
1071689691
3221225472
1070115436
0
1071973376
1073741824
1071204347
2147483648
1071428479
3221225472
1071842205
3221225472
1070682866
2147483648
1070956959
3221225472
1072657662
1073741824
1072265666
2684354560
1071944895
536870912
1070689185
1073741824
1070608445
3221225472
1072546466
3758096384
1071932610
536870912
1072591885
3221225472
1071967934
1073741824
1070325056
2147483648
1071613013
1073741824
1071824069
536870912
1070651829
3221225472
1071887454
3221225472
1071350804
1073741824
1071115040
1073741824
1071827370
536870912
1071218304
3221225472
1072286336
0
1071230869
2147483648
1071374823
3221225472
1070921131
0
1072425722
3758096384
1071988859
1610612736
1064768608
0
1072299540
3221225472
1072306156
3758096384
1071798110
1073741824
1071447656
3221225472
1072293056
1073741824
1069248811
0
1071810735
2147483648
1072384651
3221225472
1071264237
2147483648
1072423107
2684354560
1069423440
0
1070711251
3221225472
1069086189
0
1070986381
3221225472
1071832469
536870912
1069146185
0
1070515505
2147483648
1070402396
2147483648
1071814650
3221225472
1068245258
0
1071954756
1610612736
1069677970
2147483648
1072085902
3221225472
1072671198
3758096384
1071885644
2684354560
1071788526
3758096384
1072243815
1073741824
1067728218
0
1071500878
3221225472
1072491356
2684354560
1071465736
3221225472
1072381510
1073741824
1069395726
0
1072223868
2147483648
1071588172
1073741824
1069785960
0
1067326712
0
1068813683
0
1070155935
0
1070738003
3221225472
1072151129
536870912
1072232346
1073741824
1072614212
2147483648
1070961360
3221225472
1071521705
1073741824
1072519325
2684354560
1069137829
0
1071801321
3758096384
1070072492
2147483648
1072058420
3758096384
1070984518
0
1072226626
1610612736
1072021826
536870912
1072555527
1610612736
1071461100
1073741824
1072693247
2684354560
62
