Uvec
2226355706
1072635652
2147483648
1072137457
3758096384
1070485575
0
1067959844
0
1071098107
0
1072137567
536870912
1068637550
0
1072136645
0
1067022944
0
1072081749
536870912
1071064958
1073741824
1072280616
1610612736
1069737343
2147483648
1071586063
1073741824
1070709668
2147483648
1071899201
1073741824
1072340150
2684354560
1070736737
2147483648
1072381150
1610612736
1072637136
2147483648
1070250889
0
1071937887
536870912
1072430351
2147483648
1071747139
1073741824
1072329930
2147483648
1071951682
3221225472
1071575967
0
1072324895
1610612736
1072155808
536870912
1071944336
536870912
1071340918
2147483648
1071354538
2147483648
1071962218
3758096384
1072002451
2684354560
1072029989
3758096384
1071928704
2684354560
1071523149
2147483648
1069082694
0
1070199209
0
1071074776
0
1072069737
2147483648
1070880964
1073741824
1071730571
0
1071598149
3221225472
1071445930
3221225472
1069520506
0
1071785705
1610612736
1071803120
1073741824
1072650004
3221225472
1072280830
2147483648
1070239188
2147483648
1071797854
3221225472
1070277937
0
1070826374
0
1071383529
0
1071392295
2147483648
1071767686
536870912
1071399899
3221225472
1067770654
0
1069960534
2147483648
1072540452
0
1071758029
3758096384
1072468912
3221225472
1069089960
0
1072077725
1073741824
1071824494
3221225472
1070898969
3221225472
1067590764
0
1071113940
0
1072687803
2684354560
1072387081
1610612736
1072401222
0
1072345419
3221225472
1072368161
1610612736
1068603087
0
1068186914
0
1072271616
536870912
1072582011
1073741824
1070930301
0
1072208955
2684354560
1069755080
2147483648
1069653088
0
1072427928
0
1071666810
2684354560
1070180129
0
1072369210
536870912
1072457721
536870912
1071974075
2147483648
1071520939
1073741824
1070799494
0
1072029527
3221225472
1071905521
2147483648
1072441562
2147483648
1069063150
0
1068546062
0
1072201589
536870912
1072094638
2147483648
1070732608
0
1071461100
1073741824
1072693247
2684354560
11
