Uvec
2226355706
1072629528
536870912
1069652163
0
1070784318
3221225472
1072618371
2147483648
1072561510
536870912
1065925984
0
1072547027
2684354560
1072136811
2684354560
1071670802
1610612736
1069383961
0
1072609763
2147483648
1072575082
2147483648
1070862042
1073741824
1069510200
0
1072643476
1073741824
1069264422
0
1072426489
0
1069983494
0
1070940666
2147483648
1071923928
3221225472
1072398952
1073741824
1071891018
2684354560
1071103234
2147483648
1072146224
3758096384
1069477876
0
1072568967
2684354560
1071711110
3221225472
1070823499
1073741824
1072450366
2147483648
1072574829
0
1071841180
1610612736
1071227978
1073741824
1071160319
3221225472
1070775328
0
1072141228
3221225472
1071493615
2147483648
1072220571
2684354560
1068502433
0
1066970804
0
1072313162
2147483648
1072550491
2684354560
1072410816
2147483648
1069841638
0
1066943324
0
1071636411
3221225472
1072101017
0
1070857111
3221225472
1072633790
3221225472
1069136017
0
1071374340
2147483648
1072369888
3221225472
1071316424
3221225472
1071781434
536870912
1071836513
2147483648
1071896665
1073741824
1072068784
1073741824
1072522608
2684354560
1070665025
1073741824
1070104881
0
1072242189
536870912
1072022645
2147483648
1071756313
1073741824
1072667275
1073741824
1071838647
0
1071680510
3758096384
1065710568
0
1072647062
0
1071929869
536870912
1072048941
1073741824
1070143160
0
1071687548
0
1071774417
0
1069979653
0
1071111810
1073741824
1070948076
2147483648
1070950807
1073741824
1070477949
2147483648
1072272816
1073741824
1068608211
0
1070820829
0
1072464200
536870912
1071676880
3221225472
1072018827
2147483648
1072397371
3758096384
1072601246
2147483648
1069070288
0
1070410701
2147483648
1072653353
1610612736
1069952511
0
1070994805
3221225472
1069147613
0
1070780572
3221225472
1072574337
1610612736
1072083241
3758096384
1070341840
0
1072013354
1610612736
1071088075
2147483648
1071007750
1073741824
1071461100
1073741824
1072693247
2684354560
23
