Uvec
2226355706
1072114991
3221225472
1072011992
3221225472
1072298329
1610612736
1072002453
1610612736
1072251563
3221225472
1072266375
3758096384
1069298696
0
1071752635
536870912
1070722616
2147483648
1072165199
1073741824
1072130768
3758096384
1071899237
1610612736
1072203901
536870912
1071022348
3221225472
1072672024
2684354560
1071562932
1073741824
1072179962
536870912
1071705685
536870912
1070981199
0
1072597955
3758096384
1070074367
0
1072047328
1610612736
1072232886
2684354560
1071968821
0
1066994920
0
1072073663
0
1070808744
3221225472
1071165699
0
1072469022
3758096384
1072537593
1610612736
1069061272
0
1071694932
3221225472
1070932600
1073741824
1070929235
1073741824
1069930926
0
1071186557
1073741824
1071697785
1610612736
1069953457
2147483648
1071127989
1073741824
1069065984
0
1072256094
1610612736
1072192295
0
1072538644
0
1072157241
0
1070508954
2147483648
1070950112
1073741824
1072180850
2147483648
1070796159
1073741824
1072103246
3758096384
1070750898
1073741824
1071980006
2147483648
1071693737
2684354560
1072169790
3221225472
1071032915
2147483648
1071950771
3758096384
1069899256
2147483648
1071309349
3221225472
1069901466
0
1067965908
0
1072242658
3221225472
1064893552
0
1072446490
2147483648
1072016798
3758096384
1072065266
3758096384
1071658658
2147483648
1069950582
2147483648
1071343233
1073741824
1072243881
1610612736
1071701748
536870912
1067915210
0
1069654133
2147483648
1071159861
3221225472
1069914152
0
1071787126
0
1071423749
1073741824
1070509460
0
1069008858
0
1068727264
0
1071347322
0
1072607938
2684354560
1071141123
2147483648
1071703148
0
1071065645
0
1070632577
3221225472
1071316748
1073741824
1068454648
0
1071994791
536870912
1066089496
0
1071906304
536870912
1069939097
2147483648
1070163777
2147483648
1072541825
2684354560
1072408556
3758096384
1063514592
0
1071358312
1073741824
1072664285
1610612736
1072624197
3221225472
1071739249
1610612736
1071461100
1073741824
1072693247
2684354560
89
