Uvec
2226355706
1070518813
2147483648
1072445540
0
1069603534
2147483648
1071961669
0
1070775380
1073741824
1071508605
0
1070923965
1073741824
1071883528
3221225472
1071835106
1610612736
1069971940
2147483648
1070731936
1073741824
1068725304
0
1070852360
0
1072128551
536870912
1071055528
3221225472
1072090036
1610612736
1071944925
3221225472
1070579150
2147483648
1070987581
1073741824
1071825590
3221225472
1071087871
1073741824
1069779793
0
1072682461
1610612736
1072488863
2684354560
1072607982
3221225472
1072509129
0
1071204298
0
1072355285
1610612736
1070762848
2147483648
1072693216
1073741824
1072070101
2684354560
1071158028
1073741824
1070029265
2147483648
1072412951
3758096384
1069799300
2147483648
1067985424
0
1070862397
2147483648
1072148902
3758096384
1072494305
2684354560
1071572942
3221225472
1070876026
2147483648
1071330261
3221225472
1071990108
536870912
1069421375
0
1072387884
3221225472
1070608992
0
1071828842
3758096384
1071180361
0
1072454196
3758096384
1072316522
536870912
1071372739
2147483648
1068812149
0
1072308004
2684354560
1070741486
2147483648
1071883898
1610612736
1070306160
0
1071865165
2684354560
1071280279
2147483648
1070761387
0
1065020064
0
1071804787
2147483648
1072119572
0
1072478454
3758096384
1070368790
0
1072332422
3221225472
1070054454
0
1072055818
536870912
1072677223
1073741824
1072353534
3221225472
1071967292
2684354560
1070665441
1073741824
1071902543
1073741824
1072685985
2684354560
1071316042
3221225472
1071431876
3221225472
1070831294
2147483648
1071479171
3221225472
1071685738
1610612736
1070831703
3221225472
1072643207
1610612736
1072102967
2147483648
1071634031
0
1071569745
3221225472
1072546206
0
1071734559
1073741824
1067152868
0
1071878769
1073741824
1071135333
2147483648
1071643801
3221225472
1071750392
1073741824
1072026997
2147483648
1070393986
2147483648
1071033011
0
1072595606
536870912
1071789208
2684354560
1070852364
3221225472
1071834515
2147483648
1071814164
3221225472
1071461100
1073741824
1072693247
2684354560
96
