Uvec
2226355706
1072046723
2684354560
1067889358
0
1072293805
1610612736
1072568569
536870912
1072383623
1610612736
1071804388
536870912
1070657208
1073741824
1072306937
1073741824
1070600998
2147483648
1071861112
2684354560
1071230015
0
1071693621
3758096384
1071659805
2147483648
1071765944
0
1072341869
1610612736
1072555802
0
1069166265
0
1072487371
2684354560
1071649400
3221225472
1072579135
1073741824
1071822262
2147483648
1069993645
0
1072163249
0
1071869862
2147483648
1071333942
3221225472
1072317658
1610612736
1072308539
1610612736
1067139028
0
1069732423
2147483648
1071881925
3758096384
1071281198
1073741824
1071985759
2147483648
1072553370
1610612736
1071269978
1073741824
1070027596
2147483648
1070239232
0
1067666180
0
1071390881
3221225472
1072301134
2147483648
1064527792
0
1067765806
0
1070856903
2147483648
1068712592
0
1070001871
2147483648
1072003845
2684354560
1070268614
2147483648
1071814930
3758096384
1072479794
536870912
1068978070
0
1071792335
3758096384
1072289899
3221225472
1072051526
3221225472
1071852515
2684354560
1072497725
2147483648
1070069125
0
1072323571
536870912
1067969156
0
1071663350
2147483648
1070922873
1073741824
1069701965
0
1071964947
0
1070962147
2147483648
1072507017
1610612736
1072197299
1073741824
1072616151
3758096384
1071915078
3758096384
1070307046
2147483648
1072145759
3758096384
1071459448
2147483648
1071209229
1073741824
1071851130
0
1072093216
3221225472
1069903291
0
1072293832
1610612736
1070097108
2147483648
1067177244
0
1071131264
2147483648
1067505274
0
1070614217
2147483648
1071777947
2147483648
1071741180
1073741824
1072044090
1073741824
1069558994
0
1071421647
1073741824
1070824978
1073741824
1071911865
3221225472
1072224411
1073741824
1070843756
0
1068879489
0
1070903442
0
1061018368
0
1069208283
0
1072650731
3221225472
1072662501
0
1070553916
2147483648
1072278956
536870912
1070679961
3221225472
1071910332
2147483648
1071461100
1073741824
1072693247
2684354560
10
