Uvec
2226355706
1071922201
1610612736
1072069421
2147483648
1071534363
3221225472
1071750605
2684354560
1068566168
0
1072004757
536870912
1071196248
0
1072237495
536870912
1070437283
0
1072614618
1610612736
1071699217
536870912
1068354598
0
1071123928
2147483648
1071979915
1610612736
1072658794
0
1072247167
2684354560
1071817212
3221225472
1072414547
0
1072525896
1073741824
1069858767
2147483648
1072028860
3758096384
1069727679
2147483648
1072427924
1073741824
1071986852
3221225472
1071916926
0
1071709414
536870912
1072003841
0
1072312689
0
1072207436
3221225472
1066625420
0
1070233863
0
1068027904
0
1071738831
2147483648
1072185659
2147483648
1072649024
1073741824
1072574540
1610612736
1071339628
3221225472
1072661574
3221225472
1072465465
1610612736
1072259479
1610612736
1071121166
3221225472
1070904975
0
1067510782
0
1071664688
0
1072389384
1610612736
1072464371
2147483648
1071672788
3221225472
1070743087
2147483648
1072245856
3758096384
1069830137
2147483648
1072010511
0
1071824826
0
1071282083
0
1072115864
3758096384
1069210445
0
1072524963
3758096384
1072507505
0
1069670053
0
1071852325
3758096384
1071409350
0
1071663479
2147483648
1070023549
2147483648
1070922979
3221225472
1072180344
1073741824
1069668494
0
1071251345
0
1072574847
3221225472
1070557724
0
1072120674
536870912
1072497544
2684354560
1067258812
0
1072375075
2684354560
1069604398
2147483648
1071614285
2147483648
1070675220
2147483648
1072472074
536870912
1071330526
0
1067843202
0
1072273951
1073741824
1071481284
1073741824
1071561174
0
1072237919
1610612736
1070136784
2147483648
1071863762
2147483648
1072431807
3221225472
1070093687
0
1072454224
0
1072675397
2684354560
1070706252
0
1071650935
2147483648
1072176250
0
1071808337
1610612736
1064069088
0
1070182737
2147483648
1071884340
536870912
1070382521
2147483648
1072053894
1610612736
1072241320
2684354560
1071461100
1073741824
1072693247
2684354560
16
