Uvec
2226355706
1071256098
3221225472
1072055008
1610612736
1071684342
1073741824
1071073128
0
1071704708
2684354560
1072481116
2684354560
1072459805
3758096384
1068416160
0
1072140964
0
1072465309
0
1071443677
1073741824
1068939872
0
1070220872
0
1071449675
2147483648
1071847158
2684354560
1069115812
0
1072285407
3221225472
1071177196
2147483648
1072574963
3758096384
1072244776
0
1071932435
2147483648
1072224772
3221225472
1070476037
2147483648
1071773063
3221225472
1071696461
2147483648
1072215676
3758096384
1070985616
0
1069219110
0
1070779781
2147483648
1072052871
1073741824
1070359450
0
1071866496
0
1070609630
0
1071014891
2147483648
1071046971
3221225472
1072356935
536870912
1071348022
2147483648
1071509565
2147483648
1071880509
536870912
1069682033
0
1071204850
2147483648
1067675088
0
1070860099
3221225472
1071902038
2147483648
1068085694
0
1072015960
0
1072281846
2684354560
1071749770
0
1069775767
2147483648
1070621117
0
1072386297
1073741824
1072456972
0
1070837100
1073741824
1072223218
3221225472
1071819533
0
1068499593
0
1072388856
2147483648
1071689709
3221225472
1071822532
2147483648
1067756406
0
1070186863
2147483648
1072241310
3758096384
1071100783
2147483648
1071758474
2684354560
1071242828
1073741824
1070991106
3221225472
1070800586
0
1071226526
0
1072177130
2684354560
1071898855
2147483648
1071253813
1073741824
1068428436
0
1072074686
2147483648
1071339452
1073741824
1072192676
1610612736
1071961605
0
1071261500
2147483648
1072041107
536870912
1070984211
0
1071257281
1073741824
1070781319
0
1070553454
0
1071183265
1073741824
1072211930
1610612736
1071148085
2147483648
1072290916
1610612736
1069635782
2147483648
1072359042
2147483648
1070513799
0
1070743594
2147483648
1067105640
0
1070975494
3221225472
1072137238
2147483648
1070434656
0
1070633860
3221225472
1072004689
1073741824
1071562385
1073741824
1065622192
0
1071461100
1073741824
1072693247
2684354560
78
