Uvec
2226355706
1070616727
0
1071917057
2684354560
1070324446
2147483648
1072310357
3221225472
1072113336
0
1072036371
2147483648
1072335125
536870912
1069893170
2147483648
1071778828
3758096384
1071647225
2684354560
1070769179
3221225472
1071781321
0
1071176086
2147483648
1072589520
0
1072032896
0
1070380399
2147483648
1071123314
1073741824
1072522586
3221225472
1066390528
0
1067137068
0
1072438283
2684354560
1070912335
3221225472
1072061375
3758096384
1066529712
0
1071940890
2684354560
1072646131
3221225472
1071581405
2147483648
1071576696
3221225472
1072270747
1610612736
1072272337
1073741824
1068625729
0
1071768176
1610612736
1067905112
0
1072482751
2147483648
1071818260
3221225472
1072459664
2147483648
1072392583
1073741824
1071145184
0
1068763382
0
1069790061
2147483648
1070642954
0
1072200683
1610612736
1072598810
1073741824
1067485032
0
1072262412
1073741824
1069791369
2147483648
1069216883
0
1070212796
0
1072004480
1073741824
1072607184
3221225472
1072445788
1610612736
1067686068
0
1072184337
3221225472
1071965671
1073741824
1070303025
2147483648
1071024261
2147483648
1070289498
2147483648
1071774655
2684354560
1071645243
2684354560
1071968099
536870912
1072164538
2147483648
1072011341
0
1068948220
0
1072675331
2684354560
1067569256
0
1072369562
3221225472
1070960072
2147483648
1072102992
536870912
1071936588
3221225472
1070795995
2147483648
1072612465
1073741824
1071642926
2147483648
1072453623
536870912
1072496364
1610612736
1063325152
0
1063713088
0
1070946663
2147483648
1069566001
2147483648
1071300815
2147483648
1071851808
1073741824
1070602459
3221225472
1069977698
2147483648
1070662177
2147483648
1072487673
1610612736
1072307925
1610612736
1072432990
2147483648
1071052922
0
1067775204
0
1071724345
3221225472
1071056937
2147483648
1069776498
0
1071903864
1610612736
1065846120
0
1070801902
1073741824
1071813440
1073741824
1071532491
0
1072689059
1073741824
1072363401
1073741824
1071461100
1073741824
1072693247
2684354560
63
