Uvec
2226355706
1072430100
0
1071897877
1610612736
1069774772
2147483648
1071964360
536870912
1071290822
2147483648
1071791661
2147483648
1069730847
0
1071702681
3758096384
1072684817
3758096384
1072410479
2684354560
1069953467
2147483648
1071393213
3221225472
1070446820
0
1071710543
3758096384
1069921739
2147483648
1071006142
3221225472
1069486917
0
1072580381
1073741824
1071840086
1610612736
1072541776
0
1072462079
1610612736
1071215383
2147483648
1070233189
2147483648
1072399068
3221225472
1072329672
1073741824
1072655208
3758096384
1071921803
3758096384
1072219749
3221225472
1071376322
3221225472
1070256236
0
1068132356
0
1071665167
1610612736
1071470982
0
1072240627
536870912
1072596328
1073741824
1069439184
0
1070979202
0
1071875044
1073741824
1071915771
1610612736
1069336115
0
1071066994
0
1071977064
2147483648
1072097252
3221225472
1072374091
2684354560
1071721446
0
1071136864
3221225472
1071592035
2147483648
1070645283
0
1071391006
1073741824
1072325312
0
1072573825
1073741824
1067744254
0
1070600948
2147483648
1072607678
536870912
1072141909
1610612736
1072112395
0
1071012680
1073741824
1071923100
2147483648
1069926009
2147483648
1071266440
2147483648
1070185003
0
1071690696
3758096384
1072426916
2684354560
1071553114
3221225472
1070808117
1073741824
1060790528
0
1071723108
536870912
1071793692
3758096384
1072300245
1610612736
1071041749
0
1070687041
0
1072164816
3221225472
1070873702
0
1072023412
0
1072618902
2684354560
1070541632
0
1072247751
536870912
1071851082
1073741824
1070768965
2147483648
1070260799
0
1070636993
0
1070852738
2147483648
1071946921
1610612736
1072515233
536870912
1071053137
3221225472
1071858065
536870912
1068855803
0
1071564833
1073741824
1072402018
2684354560
1072327665
536870912
1069359091
0
1071993764
2147483648
1068916158
0
1072549947
1610612736
1072170748
1073741824
1071229739
2147483648
1072281954
536870912
1071995696
3758096384
1071461100
1073741824
1072693247
2684354560
33
