Uvec
2226355706
1072423140
1610612736
1071171200
2147483648
1071150337
2147483648
1064572640
0
1071502317
0
1072179413
3221225472
1067584912
0
1069738564
0
1071893962
2684354560
1072479112
0
1071676261
3758096384
1069642080
2147483648
1072531147
2147483648
1072403780
1073741824
1072448542
2684354560
1071234747
1073741824
1072557362
3758096384
1069992808
0
1072204949
3221225472
1072620663
3758096384
1070597233
2147483648
1070506995
2147483648
1072128925
3221225472
1069634386
0
1070282100
0
1071458321
0
1071449767
0
1072120931
2147483648
1072583350
3221225472
1070127097
0
1070356956
2147483648
1070698208
3221225472
1072175711
3221225472
1072536452
2684354560
1071843842
0
1072466245
536870912
1068851459
0
1072677101
0
1072450557
2147483648
1067925864
0
1072170699
0
1071577516
2147483648
1072245668
2147483648
1070967698
0
1070715031
2147483648
1071445188
1073741824
1067022808
0
1069881555
2147483648
1072177033
1610612736
1072124458
1073741824
1070408128
2147483648
1072635225
3758096384
1071447210
0
1072112339
536870912
1072217459
2684354560
1071344149
3221225472
1069701350
2147483648
1070613400
1073741824
1064330448
0
1068731621
0
1070359804
2147483648
1070643233
0
1072128283
2147483648
1072436304
2684354560
1068684595
0
1071538722
1073741824
1072243393
2684354560
1070661928
1073741824
1071441202
3221225472
1070907157
2147483648
1071384516
0
1072546884
1610612736
1072309679
2147483648
1072401522
2147483648
1072117689
3758096384
1072659192
536870912
1072081073
3221225472
1070825445
2147483648
1070042869
0
1068822513
0
1065174912
0
1068071522
0
1072612811
3221225472
1068697282
0
1071383339
1073741824
1072219752
1073741824
1072081839
536870912
1071298479
1073741824
1072217401
2684354560
1070790517
1073741824
1071964683
3758096384
1072297057
0
1072588858
2684354560
1071703748
1610612736
1072532950
3758096384
1071519086
3221225472
1069601609
2147483648
1072513522
2684354560
1071461100
1073741824
1072693247
2684354560
55
