Uvec
2226355706
1072082572
1610612736
1072419950
1073741824
1071786499
0
1070739503
2147483648
1070170302
0
1070408952
2147483648
1071959334
536870912
1071359574
0
1071954406
1610612736
1069435045
0
1063309472
0
1068273534
0
1071444062
3221225472
1071566178
0
1068484326
0
1070922016
2147483648
1067957730
0
1071445139
1073741824
1063847040
0
1072154058
536870912
1071472197
1073741824
1070160124
0
1071960696
2147483648
1070949185
3221225472
1069791800
0
1072242647
0
1071843033
3758096384
1071898701
3221225472
1072357044
2147483648
1071988774
3221225472
1072591449
3221225472
1072163631
1610612736
1069647594
2147483648
1069585333
0
1072207573
536870912
1072331144
1610612736
1072024825
1610612736
1069369623
0
1072530877
3221225472
1072686533
3221225472
1072064560
1073741824
1072421664
3758096384
1071370582
2147483648
1069683762
2147483648
1072229688
3758096384
1070980970
1073741824
1071300681
1073741824
1070445321
2147483648
1071659035
0
1072686171
2147483648
1072346684
536870912
1070157648
2147483648
1072151648
1073741824
1069099249
0
1067565838
0
1071955744
1073741824
1070370168
2147483648
1072325113
2147483648
1072664168
1610612736
1071453401
2147483648
1072330804
2147483648
1068879411
0
1070731868
1073741824
1072412272
1610612736
1072687443
0
1071744314
536870912
1062392704
0
1072233243
1073741824
1071665566
1073741824
1068160850
0
1072492413
0
1069615926
0
1071798653
0
1072239912
3758096384
1070343953
0
1067582494
0
1070966113
0
1071473549
1073741824
1072011971
2147483648
1071019032
2147483648
1068764077
0
1072083378
3221225472
1071906953
3758096384
1071771062
1610612736
1068701331
0
1071952281
3221225472
1067362548
0
1072412274
3758096384
1072519803
1073741824
1072405635
536870912
1072438978
1610612736
1072255256
3221225472
1072586990
0
1071154037
3221225472
1071727983
1073741824
1070052291
0
1070556813
2147483648
1071235721
0
1071461100
1073741824
1072693247
2684354560
52
