Uvec
2226355706
1072352519
3758096384
1070034848
2147483648
1070762076
2147483648
1070936908
1073741824
1072028184
3221225472
1071684234
536870912
1071073123
3221225472
1071093296
0
1070386472
2147483648
1072227250
2684354560
1071706049
0
1072538849
0
1072251466
3758096384
1070439552
2147483648
1070888953
0
1072622647
2684354560
1064500160
0
1067205892
0
1071784273
1073741824
1072092124
2684354560
1071021551
2147483648
1070959294
1073741824
1071221660
2147483648
1072539772
3221225472
1071048033
3221225472
1071773479
536870912
1072366349
0
1072213353
1073741824
1068628922
0
1072215489
1073741824
1071730984
2684354560
1072399970
2684354560
1072591407
2684354560
1070958553
0
1072567420
536870912
1071874055
3221225472
1069053553
0
1072521955
1073741824
1070027133
0
1071318154
2147483648
1072570819
1073741824
1070978311
0
1071795202
1610612736
1069893609
2147483648
1070962075
3221225472
1071610779
0
1071368217
2147483648
1070213457
2147483648
1068887632
0
1072521158
3221225472
1072145945
2684354560
1067922808
0
1070809502
1073741824
1072150903
2147483648
1070138083
2147483648
1072670065
3221225472
1070954170
2147483648
1072129427
2684354560
1071455071
1073741824
1071424847
0
1072337340
0
1070612178
3221225472
1071961963
3221225472
1072124025
1610612736
1072281511
1073741824
1072019471
1610612736
1072477360
3758096384
1071891467
536870912
1072279941
3758096384
1071995784
536870912
1071645574
1610612736
1071898771
3221225472
1072122568
2147483648
1072563205
536870912
1070621727
3221225472
1071822330
3221225472
1071196037
0
1068100164
0
1071286679
3221225472
1071424452
1073741824
1072674285
1610612736
1069819266
2147483648
1071456609
2147483648
1071398920
0
1071351318
0
1069835123
0
1072520233
0
1072128437
3758096384
1068131738
0
1071801333
3221225472
1071389602
3221225472
1068389958
0
1071762149
536870912
1072341181
0
1071723345
1610612736
1072498533
0
1070842813
0
1072056119
3221225472
1071461100
1073741824
1072693247
2684354560
29
