Uvec
2226355706
1067431144
0
1071846488
2147483648
1070121847
0
1068318720
0
1070649399
2147483648
1072567828
1610612736
1069213917
0
1071827808
0
1072062160
536870912
1072398522
0
1069845964
2147483648
1070509690
2147483648
1068683370
0
1066308960
0
1072431350
1073741824
1070945190
1073741824
1068972750
0
1071353461
1073741824
1072138499
3221225472
1072040573
1073741824
1070430340
0
1072587302
0
1068011104
0
1071638279
2147483648
1071965396
536870912
1070712684
2147483648
1068669535
0
1072055434
2147483648
1071435526
3221225472
1071498018
0
1068888882
0
1072209091
2684354560
1071559481
2147483648
1070718021
3221225472
1072250264
1073741824
1072464658
3758096384
1070960909
2147483648
1071089036
2147483648
1068546361
0
1071850694
3221225472
1072252687
536870912
1071646210
0
1072197017
3758096384
1072262503
2147483648
1069172066
0
1069524748
0
1071127458
2147483648
1072627711
536870912
1070954816
3221225472
1071469366
3221225472
1070908056
0
1066718280
0
1071661139
536870912
1072558293
0
1070459438
0
1071877978
1073741824
1072029122
3758096384
1067379996
0
1068612850
0
1070274529
2147483648
1070162379
0
1070608762
2147483648
1069980680
2147483648
1072213090
3221225472
1070045321
0
1071887626
3221225472
1072535131
2147483648
1071397917
0
1072556708
1073741824
1070846526
3221225472
1068516944
0
1071507816
3221225472
1071963388
2684354560
1072573293
2147483648
1070873940
2147483648
1071293237
1073741824
1072680999
1073741824
1071467370
3221225472
1070956483
0
1071067449
3221225472
1072097444
1610612736
1072283384
3221225472
1071908410
1610612736
1072197076
536870912
1071881685
2684354560
1071203565
3221225472
1072238918
3758096384
1072192069
0
1072377743
2684354560
1067661764
0
1070713353
3221225472
1070358840
2147483648
1072370917
0
1071961227
1073741824
1071439601
3221225472
1071177532
0
1072690822
3758096384
1069471502
0
1071461100
1073741824
1072693247
2684354560
18
